target=0.50;discardreversals=2;startvalue=0.00;steps=[4  2  1];selfservice=0;
threshold = [-3.00 ];
values = [0.00 -10.00 0.00 -5.00 -3.50 -2.00 -2.50 -5.00 -3.50 -1.00 -2.50 -3.00 -2.50 -2.00 -1.50 -4.00 -2.50 -4.00 -5.50 -4.00 ];
reversals = [0 1 -1 1 0 -1 0 1 0 -1 0 1 0 0 -1 1 -1 0 1 0 ];
measures = [0 0 0 1 1 1 1 1 1 1 1 1 1 1 1 1 1 1 1 1 ];
presentations = [1 2 3 4 5 6 7 8 9 10 11 12 13 14 15 16 17 18 19 20 ];
answers = [5 0 5 1 1 3 5 1 0 4 3 2 2 2 5 1 4 4 1 2 ];
adjustments = [-10 10 -5 1.5 1.5 -0.5 -2.5 1.5 2.5 -1.5 -0.5 0.5 0.5 0.5 -2.5 1.5 -1.5 -1.5 1.5 0.5 ];
sentences = {'92629' '44697' '86800' '51437' '98162' '33528' '21080' '09216' '47173' '70762' '77705' '34994' '65555' '12339' '50976' '18348' '06251' '85813' '69444' '23081' };
offsets = [5612 27020 30976 16323 8151 36191 28641 16559 2682 699 11577 28923 5937 12167 1708 14906 26283 11825 22161 21923 ];

