target=0.50;discardreversals=2;startvalue=0.00;steps=[4  2  1];selfservice=0;
threshold = [-11.50 ];
values = [0.00 -10.00 -16.00 -14.00 -13.00 -12.00 -17.00 -14.50 -12.00 -12.50 -11.00 -8.50 -9.00 -9.50 -11.00 -8.50 -11.00 -13.50 -12.00 -9.50 ];
reversals = [0 0 1 0 0 -1 1 0 -1 1 0 -1 0 0 1 -1 0 1 0 -1 ];
measures = [0 0 0 0 0 0 1 1 1 1 1 1 1 1 1 1 1 1 1 1 ];
presentations = [1 2 3 4 5 6 7 8 9 10 11 12 13 14 15 16 17 18 19 20 ];
answers = [5 4 2 2 2 5 0 0 3 1 0 3 3 4 0 5 5 1 0 5 ];
adjustments = [-10 -6 2 1 1 -5 2.5 2.5 -0.5 1.5 2.5 -0.5 -0.5 -1.5 2.5 -2.5 -2.5 1.5 2.5 -2.5 ];
sentences = {'78835' '03491' '68819' '95162' '99308' '87263' '16140' '10681' '55025' '63558' '46393' '82009' '34226' '41634' '30757' '29744' '07970' '22586' '51417' '74972' };
offsets = [417278 120285 3618177 1116407 337888 104980 1727121 1175132 3973228 2293915 4186972 2193255 3539678 562540 4741452 1634148 2101222 1775798 2321731 1601740 ];

