target=0.50;discardreversals=2;startvalue=0.00;steps=[4  2  1];selfservice=0;
threshold = [-13.00 ];
values = [0.00 -6.00 -12.00 -10.00 -13.00 -12.50 -13.00 -14.50 -13.00 -15.50 -17.00 -15.50 -13.00 -11.50 -11.00 -10.50 -13.00 -12.50 -11.00 -9.50 ];
reversals = [0 0 1 -1 1 -1 0 1 -1 0 1 0 0 0 0 -1 1 0 0 -1 ];
measures = [0 0 0 0 1 1 1 1 1 1 1 1 1 1 1 1 1 1 1 1 ];
presentations = [1 2 3 4 5 6 7 8 9 10 11 12 13 14 15 16 17 18 19 20 ];
answers = [4 4 2 4 2 3 4 1 5 4 1 0 1 2 2 5 2 1 1 3 ];
adjustments = [-6 -6 2 -3 0.5 -0.5 -1.5 1.5 -2.5 -1.5 1.5 2.5 1.5 0.5 0.5 -2.5 0.5 1.5 1.5 -0.5 ];
sentences = {'33980' '89135' '52277' '23081' '51437' '92629' '86800' '18348' '00456' '95569' '47173' '70762' '09216' '24621' '65555' '47048' '18314' '76802' '34994' '61793' };
offsets = [3292662 2625603 3031169 497444 953506 4295299 3113505 20815 1315369 59016 2820156 3031002 838499 677222 3250977 4393063 3414125 1776215 4416969 3145615 ];

