target=0.50;discardreversals=2;startvalue=0.00;steps=[4  2  1];selfservice=0;
threshold = [-34.50 ];
values = [5.00 -5.00 -15.00 -25.00 -35.00 -25.00 -30.00 -32.50 -33.00 -32.50 -34.00 -35.50 -35.00 -34.50 -36.00 -34.50 -36.00 -33.50 -36.00 -34.50 ];
reversals = [0 0 0 0 1 -1 0 0 1 -1 0 1 0 -1 1 -1 1 -1 1 -1 ];
measures = [0 0 0 0 0 0 0 0 1 1 1 1 1 1 1 1 1 1 1 1 ];
presentations = [1 2 3 4 5 6 7 8 9 10 11 12 13 14 15 16 17 18 19 20 ];
answers = [5 5 5 5 0 5 5 3 2 4 4 2 2 4 1 4 0 5 1 3 ];
adjustments = [-10 -10 -10 -10 10 -5 -2.5 -0.5 0.5 -1.5 -1.5 0.5 0.5 -1.5 1.5 -1.5 2.5 -2.5 1.5 -0.5 ];
sentences = {'78835' '95162' '61793' '47048' '34226' '52277' '46393' '33980' '63558' '95569' '24621' '29744' '76802' '07970' '89135' '18314' '00456' '10681' '51417' '82009' };
offsets = [63306 408 23025 49049 1633 12562 92331 88472 69064 5389 24041 26953 85440 30683 52167 14941 66337 6126 10331 15492 ];

