target=0.50;discardreversals=2;startvalue=0.00;steps=[4  2  1];selfservice=0;
threshold = [-4.00 ];
values = [0.00 -6.00 4.00 -1.00 -3.50 -3.00 -2.50 -4.00 -4.50 -3.00 -5.50 -4.00 -4.50 -7.00 -4.50 -3.00 -5.50 -4.00 -3.50 -4.00 ];
reversals = [0 1 -1 0 1 0 -1 0 1 -1 1 -1 0 1 0 -1 1 0 -1 1 ];
measures = [0 0 0 0 1 1 1 1 1 1 1 1 1 1 1 1 1 1 1 1 ];
presentations = [1 2 3 4 5 6 7 8 9 10 11 12 13 14 15 16 17 18 19 20 ];
answers = [4 0 5 5 2 2 4 3 1 5 1 3 5 0 1 5 1 2 3 2 ];
adjustments = [-6 10 -5 -2.5 0.5 0.5 -1.5 -0.5 1.5 -2.5 1.5 -0.5 -2.5 2.5 1.5 -2.5 1.5 0.5 -0.5 0.5 ];
sentences = {'72141' '18502' '67850' '02737' '89364' '51779' '90013' '68271' '26626' '05413' '80338' '94067' '51195' '39994' '37886' '44529' '15952' '76600' '23448' '43285' };
offsets = [4136 11930 2785 20611 7174 10058 13771 15996 22978 12305 13231 7063 20810 6689 10340 24432 7461 26149 29245 26999 ];

