target=0.50;discardreversals=2;startvalue=0.00;steps=[4  2  1];selfservice=0;
threshold = [-12.25 ];
values = [0.00 -10.00 -20.00 -10.00 -15.00 -12.50 -10.00 -10.50 -9.00 -11.50 -13.00 -15.50 -13.00 -14.50 -13.00 -12.50 -12.00 -11.50 -12.00 -13.50 ];
reversals = [0 0 1 -1 1 0 -1 1 -1 0 0 1 -1 1 0 0 0 -1 0 0 ];
measures = [0 0 0 0 1 1 1 1 1 1 1 1 1 1 1 1 1 1 1 1 ];
presentations = [1 2 3 4 5 6 7 8 9 10 11 12 13 14 15 16 17 18 19 20 ];
answers = [5 5 0 5 0 0 3 1 5 4 5 0 4 1 2 2 2 3 4 3 ];
adjustments = [-10 -10 10 -5 2.5 2.5 -0.5 1.5 -2.5 -1.5 -2.5 2.5 -1.5 1.5 0.5 0.5 0.5 -0.5 -1.5 -0.5 ];
sentences = {'82009' '44697' '77705' '07970' '34226' '06251' '98162' '51417' '95162' '29744' '50976' '33528' '63558' '78835' '85813' '12339' '21080' '10681' '69444' '46393' };
offsets = [1568374 3442825 2178173 588026 3176474 1841762 4746811 3720058 1066853 3285439 559971 962831 3105934 2974690 1032930 1401345 3213778 694173 2189215 96669 ];

