target=0.50;discardreversals=2;startvalue=0.00;steps=[4  2  1];selfservice=0;
threshold = [-4.50 ];
values = [0.00 -6.00 4.00 -1.00 -3.50 -4.00 -6.50 -4.00 -3.50 -3.00 -3.50 -4.00 -3.50 -6.00 -4.50 -6.00 -4.50 -5.00 -6.50 -4.00 ];
reversals = [0 1 -1 0 0 0 1 0 0 -1 0 1 -1 1 -1 1 -1 0 1 0 ];
measures = [0 0 0 0 0 0 1 1 1 1 1 1 1 1 1 1 1 1 1 1 ];
presentations = [1 2 3 4 5 6 7 8 9 10 11 12 13 14 15 16 17 18 19 20 ];
answers = [4 0 5 5 3 5 0 2 2 3 3 2 5 1 4 1 3 4 0 2 ];
adjustments = [-6 10 -5 -2.5 -0.5 -2.5 2.5 0.5 0.5 -0.5 -0.5 0.5 -2.5 1.5 -1.5 1.5 -0.5 -1.5 2.5 0.5 ];
sentences = {'55025' '00456' '41634' '16140' '68819' '52277' '74972' '22586' '18314' '89135' '87263' '30757' '03491' '76802' '24621' '33980' '61793' '95569' '47048' '99308' };
offsets = [8960 8467 17885 4147 39424 9648 2675 11930 27853 9783 23966 3705 3602 30534 502 3262 5605 17834 27191 802 ];

