target=0.50;discardreversals=2;startvalue=0.00;steps=[4  2  1];selfservice=0;
threshold = [-3.75 ];
values = [0.00 -6.00 4.00 -1.00 -3.50 -2.00 -4.50 -3.00 -5.50 -6.00 -3.50 -3.00 -5.50 -3.00 -5.50 -4.00 -4.50 -3.00 -1.50 -4.00 ];
reversals = [0 1 -1 0 1 -1 1 -1 0 1 0 -1 1 -1 1 -1 1 0 -1 0 ];
measures = [0 0 0 0 1 1 1 1 1 1 1 1 1 1 1 1 1 1 1 1 ];
presentations = [1 2 3 4 5 6 7 8 9 10 11 12 13 14 15 16 17 18 19 20 ];
answers = [4 0 5 5 1 5 1 5 3 0 2 5 0 5 1 3 1 1 5 3 ];
adjustments = [-6 10 -5 -2.5 1.5 -2.5 1.5 -2.5 -0.5 2.5 0.5 -2.5 2.5 -2.5 1.5 -0.5 1.5 1.5 -2.5 -0.5 ];
sentences = {'39994' '90790' '31601' '48835' '18502' '05413' '43285' '82487' '72141' '59026' '66553' '51779' '94067' '15149' '77974' '80338' '03262' '67850' '26626' '24318' };
offsets = [3546 21 32979 16141 21966 7208 3201 17158 14608 22080 22358 12222 25291 2155 15063 21963 22639 3298 28894 10591 ];

