target=0.50;discardreversals=2;startvalue=0.00;steps=[4  2  1];selfservice=0;
threshold = [-3.00 ];
values = [0.00 -10.00 0.00 -3.00 -2.50 -2.00 -1.50 -3.00 -5.50 -4.00 -5.50 -6.00 -4.50 -3.00 -1.50 -3.00 -1.50 -1.00 -3.50 -4.00 ];
reversals = [0 1 -1 1 0 0 -1 0 1 -1 0 1 0 0 -1 1 0 -1 0 1 ];
measures = [0 0 0 1 1 1 1 1 1 1 1 1 1 1 1 1 1 1 1 1 ];
presentations = [1 2 3 4 5 6 7 8 9 10 11 12 13 14 15 16 17 18 19 20 ];
answers = [5 0 4 2 2 2 4 5 1 4 3 1 1 1 4 1 2 5 3 1 ];
adjustments = [-10 10 -3 0.5 0.5 0.5 -1.5 -2.5 1.5 -1.5 -0.5 1.5 1.5 1.5 -1.5 1.5 0.5 -2.5 -0.5 1.5 ];
sentences = {'23448' '63558' '82009' '02737' '29744' '44529' '90013' '68271' '51417' '07970' '10681' '46393' '34226' '95162' '15952' '78835' '89364' '37886' '76600' '51195' };
offsets = [14873 8833 24384 19070 6694 29828 4369 10310 14088 30210 1489 16703 15485 8637 7501 20369 4308 14075 3526 3675 ];

