target=0.50;discardreversals=2;startvalue=0.00;steps=[4  2  1];selfservice=0;
threshold = [-11.00 ];
values = [0.00 -10.00 -12.00 -14.00 -8.00 -13.00 -12.50 -11.00 -12.50 -11.00 -11.50 -12.00 -12.50 -13.00 -10.50 -12.00 -10.50 -10.00 -10.50 -10.00 ];
reversals = [0 0 0 1 -1 1 0 -1 1 -1 0 0 0 1 -1 1 0 -1 1 -1 ];
measures = [0 0 0 0 0 1 1 1 1 1 1 1 1 1 1 1 1 1 1 1 ];
presentations = [1 2 3 4 5 6 7 8 9 10 11 12 13 14 15 16 17 18 19 20 ];
answers = [5 3 3 1 5 2 1 4 1 3 3 3 3 0 4 1 2 3 2 5 ];
adjustments = [-10 -2 -2 6 -5 0.5 1.5 -1.5 1.5 -0.5 -0.5 -0.5 -0.5 2.5 -1.5 1.5 0.5 -0.5 0.5 -2.5 ];
sentences = {'69009' '93692' '07970' '95162' '08168' '29744' '51417' '54841' '34226' '45923' '11755' '63558' '22336' '36514' '78835' '82009' '87470' '46393' '70287' '10681' };
offsets = [890139 4589415 4363214 2045122 2886431 834214 2031629 1416392 2850905 3324255 3013002 488280 2294248 4707249 2780391 1920535 535488 3682876 2124645 72317 ];

