target=0.50;discardreversals=2;startvalue=0.00;steps=[4  2  1];selfservice=0;
threshold = [-35.50 ];
values = [5.00 -5.00 -15.00 -25.00 -35.00 -25.00 -30.00 -32.50 -32.00 -29.50 -32.00 -32.50 -35.00 -35.50 -37.00 -39.50 -37.00 -35.50 -37.00 -35.50 ];
reversals = [0 0 0 0 1 -1 0 1 0 -1 0 0 0 0 0 1 0 -1 1 0 ];
measures = [0 0 0 0 0 0 0 1 1 1 1 1 1 1 1 1 1 1 1 1 ];
presentations = [1 2 3 4 5 6 7 8 9 10 11 12 13 14 15 16 17 18 19 20 ];
answers = [5 5 5 5 0 5 5 2 0 5 3 5 3 4 5 0 1 4 1 0 ];
adjustments = [-10 -10 -10 -10 10 -5 -2.5 0.5 2.5 -2.5 -0.5 -2.5 -0.5 -1.5 -2.5 2.5 1.5 -1.5 1.5 2.5 ];
sentences = {'21080' '98162' '72141' '69444' '18502' '80338' '85813' '33528' '50976' '05413' '51779' '43285' '44697' '94067' '39994' '06251' '77705' '26626' '67850' '12339' };
offsets = [57269 9750 43913 20278 28848 7906 65335 39352 35565 58173 2835 85165 58072 27607 43583 50183 10178 38574 44172 3773 ];

