target=0.50;discardreversals=2;startvalue=0.00;steps=[4  2  1];selfservice=0;
threshold = [-4.00 ];
values = [0.00 -10.00 0.00 -5.00 -5.50 -6.00 -3.50 -5.00 -4.50 -2.00 -3.50 -3.00 -5.50 -5.00 -3.50 -4.00 -5.50 -4.00 -4.50 -4.00 ];
reversals = [0 1 -1 0 0 1 -1 1 0 -1 1 -1 1 0 -1 0 1 -1 1 -1 ];
measures = [0 0 0 0 0 1 1 1 1 1 1 1 1 1 1 1 1 1 1 1 ];
presentations = [1 2 3 4 5 6 7 8 9 10 11 12 13 14 15 16 17 18 19 20 ];
answers = [5 0 5 3 3 0 4 2 0 4 2 5 2 1 3 4 1 3 2 3 ];
adjustments = [-10 10 -5 -0.5 -0.5 2.5 -1.5 0.5 2.5 -1.5 0.5 -2.5 0.5 1.5 -0.5 -1.5 1.5 -0.5 0.5 -0.5 ];
sentences = {'23448' '89364' '24318' '90013' '82487' '76600' '15952' '15149' '31601' '37886' '03262' '66553' '68271' '02737' '51195' '77974' '59026' '90790' '48835' '44529' };
offsets = [10905 15433 3104 1776 21101 18048 8176 3867 3980 31837 31341 13387 1319 16935 17747 14964 26086 9782 19282 12416 ];

