target=0.50;discardreversals=2;startvalue=0.00;steps=[4  2  1];selfservice=0;
threshold = [-22.50 ];
values = [5.00 -5.00 -15.00 -25.00 -15.00 -20.00 -20.50 -22.00 -20.50 -21.00 -22.50 -21.00 -23.50 -24.00 -21.50 -23.00 -23.50 -24.00 -23.50 -25.00 ];
reversals = [0 0 0 1 -1 0 0 1 -1 0 1 -1 0 1 -1 0 0 1 -1 1 ];
measures = [0 0 0 0 0 0 0 1 1 1 1 1 1 1 1 1 1 1 1 1 ];
presentations = [1 2 3 4 5 6 7 8 9 10 11 12 13 14 15 16 17 18 19 20 ];
answers = [5 5 5 0 5 3 4 1 3 4 1 5 3 0 4 3 3 2 4 1 ];
adjustments = [-10 -10 -10 10 -5 -0.5 -1.5 1.5 -0.5 -1.5 1.5 -2.5 -0.5 2.5 -1.5 -0.5 -0.5 0.5 -1.5 1.5 ];
sentences = {'34226' '43285' '46393' '94067' '72141' '18502' '07970' '51417' '29744' '63558' '51779' '26626' '10681' '95162' '80338' '39994' '78835' '67850' '05413' '82009' };
offsets = [77095 20471 25989 48916 56298 79395 77377 12546 64552 55882 73631 77947 68067 66629 33841 3716 82461 27060 52857 61181 ];

