target=0.50;discardreversals=2;startvalue=0.00;steps=[4  2  1];selfservice=0;
threshold = [-11.00 ];
values = [0.00 -10.00 -4.00 -9.00 -7.50 -10.00 -8.50 -10.00 -10.50 -9.00 -8.50 -11.00 -12.50 -12.00 -13.50 -13.00 -11.50 -13.00 -12.50 -13.00 ];
reversals = [0 1 -1 1 -1 1 -1 0 1 0 -1 0 1 -1 1 0 -1 1 -1 0 ];
measures = [0 0 0 1 1 1 1 1 1 1 1 1 1 1 1 1 1 1 1 1 ];
presentations = [1 2 3 4 5 6 7 8 9 10 11 12 13 14 15 16 17 18 19 20 ];
answers = [5 1 5 1 5 1 4 3 1 2 5 4 2 4 2 1 4 2 3 4 ];
adjustments = [-10 6 -5 1.5 -2.5 1.5 -1.5 -0.5 1.5 0.5 -2.5 -1.5 0.5 -1.5 0.5 1.5 -1.5 0.5 -0.5 -1.5 ];
sentences = {'80338' '11755' '08168' '43285' '45923' '18502' '70287' '72141' '93692' '51779' '87470' '67850' '69009' '22336' '54841' '36514' '05413' '39994' '26626' '94067' };
offsets = [129275 1697577 3137862 596761 4778971 1339007 3839584 4240410 380705 1714389 1658188 3506121 1905162 3070977 761209 315757 4528287 3923748 2026772 2890056 ];

