target=0.50;discardreversals=2;startvalue=0.00;steps=[4  2  1];selfservice=0;
threshold = [-3.50 ];
values = [0.00 -10.00 0.00 -5.00 -2.50 -4.00 -2.50 -5.00 -3.50 -3.00 -4.50 -6.00 -3.50 -2.00 -4.50 -3.00 -4.50 -3.00 -2.50 -1.00 ];
reversals = [0 1 -1 1 -1 1 -1 1 0 -1 0 1 0 -1 1 -1 1 0 0 -1 ];
measures = [0 0 0 1 1 1 1 1 1 1 1 1 1 1 1 1 1 1 1 1 ];
presentations = [1 2 3 4 5 6 7 8 9 10 11 12 13 14 15 16 17 18 19 20 ];
answers = [5 0 5 0 4 1 5 1 2 4 4 0 1 5 1 4 1 2 1 5 ];
adjustments = [-10 10 -5 2.5 -1.5 1.5 -2.5 1.5 0.5 -1.5 -1.5 2.5 1.5 -2.5 1.5 -1.5 1.5 0.5 1.5 -2.5 ];
sentences = {'70565' '91451' '48832' '00456' '18314' '66127' '24621' '47048' '61793' '03676' '52988' '29394' '14040' '89135' '76802' '95569' '33980' '35209' '87713' '52277' };
offsets = [10386 4275 29092 11620 15154 15114 20803 12582 7599 11568 2498 18035 7799 11231 38562 9446 11970 8232 46 4730 ];

