target=0.50;discardreversals=2;startvalue=0.00;steps=[4  2  1];selfservice=0;
threshold = [-9.25 ];
values = [0.00 -10.00 -8.00 -5.00 -6.00 -6.50 -7.00 -9.50 -9.00 -10.50 -10.00 -9.50 -9.00 -9.50 -8.00 -6.50 -9.00 -9.50 -11.00 -8.50 ];
reversals = [0 1 0 -1 0 0 0 1 -1 1 0 0 -1 1 0 -1 0 0 1 -1 ];
measures = [0 0 0 0 0 0 0 1 1 1 1 1 1 1 1 1 1 1 1 1 ];
presentations = [1 2 3 4 5 6 7 8 9 10 11 12 13 14 15 16 17 18 19 20 ];
answers = [5 2 1 3 3 3 5 2 4 2 2 2 3 1 1 5 3 4 0 3 ];
adjustments = [-10 2 3 -1 -0.5 -0.5 -2.5 0.5 -1.5 0.5 0.5 0.5 -0.5 1.5 1.5 -2.5 -0.5 -1.5 2.5 -0.5 ];
sentences = {'89135' '22586' '87263' '47048' '74972' '41634' '03491' '52277' '95569' '33980' '68819' '00456' '16140' '61793' '76802' '55025' '24621' '99308' '30757' '18314' };
offsets = [702399 3832804 1855377 1242595 4434847 1068278 3948763 1327747 849719 3206296 3068250 2714635 2940645 3187920 680898 30784 174002 511880 2124968 4559943 ];

