target=0.50;discardreversals=2;startvalue=0.00;steps=[4  2  1];selfservice=0;
threshold = [-22.75 ];
values = [5.00 -5.00 -15.00 -21.00 -27.00 -21.00 -24.00 -25.50 -23.00 -24.50 -24.00 -21.50 -24.00 -24.50 -23.00 -21.50 -21.00 -22.50 -22.00 -21.50 ];
reversals = [0 0 0 0 1 -1 0 1 -1 1 0 -1 0 1 0 0 -1 1 0 -1 ];
measures = [0 0 0 0 0 0 0 1 1 1 1 1 1 1 1 1 1 1 1 1 ];
presentations = [1 2 3 4 5 6 7 8 9 10 11 12 13 14 15 16 17 18 19 20 ];
answers = [5 5 4 4 1 4 4 0 4 2 0 5 3 1 1 2 4 2 2 5 ];
adjustments = [-10 -10 -6 -6 6 -3 -1.5 2.5 -1.5 0.5 2.5 -2.5 -0.5 1.5 1.5 0.5 -1.5 0.5 0.5 -2.5 ];
sentences = {'03491' '33980' '99308' '89135' '41634' '55025' '52277' '68819' '00456' '16140' '61793' '95569' '74972' '22586' '30757' '18314' '47048' '87263' '76802' '24621' };
offsets = [86946 22587 2720 77293 4667 62894 44648 67628 26096 69158 5907 43604 6816 64145 35303 24598 71710 43802 6202 52480 ];

