target=0.50;discardreversals=2;startvalue=0.00;steps=[4  2  1];selfservice=0;
threshold = [-4.00 ];
values = [0.00 -10.00 0.00 1.00 -4.00 -5.50 -5.00 -4.50 -4.00 -4.50 -3.00 -1.50 -3.00 -2.50 -4.00 -5.50 -4.00 -4.50 -4.00 -4.50 ];
reversals = [0 1 0 -1 0 1 0 0 -1 1 0 -1 1 -1 0 1 -1 1 -1 0 ];
measures = [0 0 0 0 0 1 1 1 1 1 1 1 1 1 1 1 1 1 1 1 ];
presentations = [1 2 3 4 5 6 7 8 9 10 11 12 13 14 15 16 17 18 19 20 ];
answers = [5 0 2 5 4 2 2 2 3 1 1 4 2 4 4 1 3 2 3 3 ];
adjustments = [-10 10 1 -5 -1.5 0.5 0.5 0.5 -0.5 1.5 1.5 -1.5 0.5 -1.5 -1.5 1.5 -0.5 0.5 -0.5 -0.5 ];
sentences = {'18314' '00456' '34994' '92629' '23081' '18348' '95569' '65555' '89135' '70762' '09216' '86800' '61793' '47173' '51437' '47048' '76802' '33980' '24621' '52277' };
offsets = [23111 3508 11370 29451 19259 8578 22296 14939 19843 603 12294 28161 1195 35789 25392 201 13683 17142 8246 11363 ];

