target=0.50;discardreversals=2;startvalue=0.00;steps=[4  2  1];selfservice=0;
threshold = [-4.50 ];
values = [0.00 -2.00 -8.00 2.00 -3.00 -4.50 -3.00 -4.50 -3.00 -1.50 -2.00 -2.50 -5.00 -3.50 -5.00 -5.50 -3.00 -4.50 -6.00 -4.50 ];
reversals = [0 0 1 -1 0 1 -1 1 0 -1 0 0 1 -1 0 1 -1 0 1 -1 ];
measures = [0 0 0 0 0 1 1 1 1 1 1 1 1 1 1 1 1 1 1 1 ];
presentations = [1 2 3 4 5 6 7 8 9 10 11 12 13 14 15 16 17 18 19 20 ];
answers = [3 4 0 5 4 1 4 1 1 3 3 5 1 4 3 0 4 4 1 3 ];
adjustments = [-2 -6 10 -5 -1.5 1.5 -1.5 1.5 1.5 -0.5 -0.5 -2.5 1.5 -1.5 -0.5 2.5 -1.5 -1.5 1.5 -0.5 ];
sentences = {'34226' '46393' '07970' '76600' '44529' '15952' '82009' '89364' '29744' '37886' '51417' '23448' '95162' '63558' '78835' '02737' '68271' '51195' '90013' '10681' };
offsets = [27844 41435 31254 28331 6275 472 4169 12639 1441 10913 19479 4812 6065 12556 31467 19477 15124 9099 25319 13087 ];

