target=0.50;discardreversals=2;startvalue=0.00;steps=[4  2  1];selfservice=0;
threshold = [-8.75 ];
values = [0.00 -6.00 -8.00 -10.00 -12.00 -18.00 -8.00 -7.00 -8.00 -9.50 -9.00 -8.50 -6.00 -7.50 -9.00 -8.50 -10.00 -8.50 -9.00 -8.50 ];
reversals = [0 0 0 0 0 1 0 -1 0 1 0 0 -1 0 1 -1 1 -1 1 -1 ];
measures = [0 0 0 0 0 0 0 0 0 1 1 1 1 1 1 1 1 1 1 1 ];
presentations = [1 2 3 4 5 6 7 8 9 10 11 12 13 14 15 16 17 18 19 20 ];
answers = [4 3 3 3 4 0 2 3 4 2 2 0 4 4 2 4 1 3 2 4 ];
adjustments = [-6 -2 -2 -2 -6 10 1 -1 -1.5 0.5 0.5 2.5 -1.5 -1.5 0.5 -1.5 1.5 -0.5 0.5 -1.5 ];
sentences = {'33980' '52277' '00456' '33528' '21080' '61793' '95569' '50976' '44697' '24621' '77705' '12339' '47048' '98162' '69444' '85813' '18314' '89135' '06251' '76802' };
offsets = [1488678 4402873 321817 3336429 1861169 201700 2102850 3157479 3345267 3232316 4599901 4165400 1503080 3025146 1462379 1313425 994449 740370 3617686 866439 ];

