target=0.50;discardreversals=2;startvalue=0.00;steps=[4  2  1];selfservice=0;
threshold = [-5.00 ];
values = [0.00 -10.00 0.00 -5.00 -6.50 -5.00 -4.50 -3.00 -4.50 -5.00 -6.50 -5.00 -5.50 -6.00 -5.50 -3.00 -4.50 -5.00 -4.50 -2.00 ];
reversals = [0 1 -1 0 1 0 0 -1 0 0 1 -1 0 1 0 -1 0 1 0 -1 ];
measures = [0 0 0 0 1 1 1 1 1 1 1 1 1 1 1 1 1 1 1 1 ];
presentations = [1 2 3 4 5 6 7 8 9 10 11 12 13 14 15 16 17 18 19 20 ];
answers = [5 0 5 4 1 2 1 4 3 4 1 3 3 2 0 4 3 2 0 3 ];
adjustments = [-10 10 -5 -1.5 1.5 0.5 1.5 -1.5 -0.5 -1.5 1.5 -0.5 -0.5 0.5 2.5 -1.5 -0.5 0.5 2.5 -0.5 ];
sentences = {'78835' '10681' '48835' '82487' '95162' '34226' '82009' '07970' '03262' '59026' '29744' '63558' '15149' '90790' '31601' '51417' '46393' '66553' '24318' '77974' };
offsets = [19789 12023 40253 7886 7295 37199 21006 526 23889 19098 1989 3826 7822 3310 26360 23347 43431 33741 13076 28353 ];

