target=0.75;minreversals=14;discardreversals=4;minmeasures=25;startvalue=70.00;steps=[4  4  2  1];feedback=0;
threshold = [78.00 ];
values = [70.00 66.00 62.00 58.00 54.00 54.00 54.00 66.00 66.00 66.00 66.00 66.00 78.00 74.00 72.00 80.00 79.00 78.00 82.00 81.00 81.00 81.00 80.00 80.00 79.00 78.00 77.00 76.00 75.00 78.00 77.00 77.00 77.00 76.00 76.00 80.00 80.00 84.00 83.00 82.00 82.00 82.00 82.00 82.00 82.00 82.00 81.00 80.00 84.00 84.00 84.00 84.00 83.00 83.00 82.00 82.00 82.00 82.00 81.00 81.00 80.00 80.00 80.00 80.00 79.00 78.00 78.00 78.00 77.00 77.00 76.00 76.00 76.00 75.00 78.00 78.00 ];
reversals = [0 0 0 0 0 0 1 0 0 0 0 0 -1 0 1 -1 0 1 -1 0 0 0 0 0 0 0 0 0 1 -1 0 0 0 0 1 0 0 -1 0 0 0 0 0 0 0 0 0 1 0 0 0 -1 0 0 0 0 0 0 0 0 0 0 0 0 0 0 0 0 0 0 0 0 0 1 0 -1 ];
measures = [0 0 0 0 0 0 0 0 0 0 0 0 0 0 0 0 0 1 1 1 1 1 1 1 1 1 1 1 1 1 1 1 1 1 1 1 1 1 1 1 1 1 1 1 1 1 1 1 1 1 1 1 1 1 1 1 1 1 1 1 1 1 1 1 1 1 1 1 1 1 1 1 1 1 1 1 ];
presentations = [1 1 1 1 0 0 1 0 0 0 0 1 1 1 0 1 1 0 1 0 0 1 0 1 1 1 1 1 1 1 0 0 1 0 0 0 0 1 1 0 0 0 0 0 0 1 1 0 0 0 0 1 0 1 0 0 0 1 0 1 0 0 0 1 1 0 0 1 0 1 0 0 1 1 0 1 ];
answers = [1 1 1 1 0 0 0 0 0 0 0 0 1 1 1 1 1 1 1 0 0 1 0 1 1 1 1 1 0 1 0 0 1 0 1 0 1 1 1 0 0 0 0 0 0 1 1 1 0 0 0 1 0 1 0 0 0 1 0 1 0 0 0 1 1 0 0 1 0 1 0 0 1 0 0 1 ];
adjustments = [-4 -4 -4 -4 0 0 12 0 0 0 0 12 -4 -2 8 -1 -1 4 -1 0 0 -1 0 -1 -1 -1 -1 -1 3 -1 0 0 -1 0 4 0 4 -1 -1 0 0 0 0 0 0 -1 -1 4 0 0 0 -1 0 -1 0 0 0 -1 0 -1 0 0 0 -1 -1 0 0 -1 0 -1 0 0 -1 3 0 -1 ];

