target=0.50;discardreversals=2;startvalue=0.00;steps=[4  2  1];selfservice=0;
threshold = [-4.00 ];
values = [0.00 -10.00 0.00 -5.00 -2.50 -2.00 -2.50 -4.00 -2.50 -4.00 -5.50 -5.00 -3.50 -6.00 -6.50 -5.00 -4.50 -4.00 -4.50 -6.00 ];
reversals = [0 1 -1 1 0 -1 0 1 -1 0 1 0 -1 0 1 0 0 -1 0 1 ];
measures = [0 0 0 1 1 1 1 1 1 1 1 1 1 1 1 1 1 1 1 1 ];
presentations = [1 2 3 4 5 6 7 8 9 10 11 12 13 14 15 16 17 18 19 20 ];
answers = [5 0 5 0 2 3 4 1 4 4 2 1 5 3 1 2 2 3 4 2 ];
adjustments = [-10 10 -5 2.5 0.5 -0.5 -1.5 1.5 -1.5 -1.5 0.5 1.5 -2.5 -0.5 1.5 0.5 0.5 -0.5 -1.5 0.5 ];
sentences = {'89135' '91451' '66127' '61793' '18314' '24621' '70565' '00456' '03676' '48832' '95569' '87713' '35209' '14040' '52277' '76802' '29394' '33980' '47048' '52988' };
offsets = [21234 14718 2047 1729 19268 20275 8469 21059 9725 19674 9295 426 18157 9584 11778 17927 13566 13304 25255 1517 ];

