target=0.50;discardreversals=2;startvalue=0.00;steps=[4  2  1];selfservice=0;
threshold = [-12.00 ];
values = [0.00 -10.00 0.00 -5.00 -7.50 -8.00 -10.50 -11.00 -9.50 -10.00 -11.50 -11.00 -12.50 -13.00 -12.50 -14.00 -13.50 -13.00 -13.50 -14.00 ];
reversals = [0 1 -1 0 0 0 0 1 -1 0 1 -1 0 1 -1 1 0 -1 0 0 ];
measures = [0 0 0 0 0 0 0 1 1 1 1 1 1 1 1 1 1 1 1 1 ];
presentations = [1 2 3 4 5 6 7 8 9 10 11 12 13 14 15 16 17 18 19 20 ];
answers = [5 0 5 5 3 5 3 1 3 4 2 4 3 2 4 2 2 3 3 3 ];
adjustments = [-10 10 -5 -2.5 -0.5 -2.5 -0.5 1.5 -0.5 -1.5 0.5 -1.5 -0.5 0.5 -1.5 0.5 0.5 -0.5 -0.5 -0.5 ];
sentences = {'03676' '14040' '66553' '15149' '59026' '52988' '82487' '91451' '35209' '48835' '90790' '29394' '70565' '31601' '66127' '48832' '77974' '03262' '87713' '24318' };
offsets = [473054 2283942 687913 532467 598987 4314593 562869 1865091 996861 4386080 4483897 3555135 2090605 1929424 1676926 2248221 2310908 2148224 3835271 1388596 ];

