target=0.50;discardreversals=2;startvalue=0.00;steps=[4  2  1];selfservice=0;
threshold = [-4.00 ];
values = [0.00 -6.00 -4.00 -5.00 -5.50 -4.00 -4.50 -2.00 -4.50 -3.00 -3.50 -5.00 -2.50 -3.00 -4.50 -4.00 -3.50 -4.00 -2.50 -2.00 ];
reversals = [0 1 -1 0 1 -1 1 -1 1 -1 0 1 -1 0 1 0 -1 1 0 -1 ];
measures = [0 0 0 0 1 1 1 1 1 1 1 1 1 1 1 1 1 1 1 1 ];
presentations = [1 2 3 4 5 6 7 8 9 10 11 12 13 14 15 16 17 18 19 20 ];
answers = [4 2 3 3 1 3 0 5 1 3 4 0 3 4 2 2 3 1 2 5 ];
adjustments = [-6 2 -1 -0.5 1.5 -0.5 2.5 -2.5 1.5 -0.5 -1.5 2.5 -0.5 -1.5 0.5 0.5 -0.5 1.5 0.5 -2.5 ];
sentences = {'87470' '24318' '36514' '48835' '54841' '59026' '77974' '82487' '03262' '90790' '45923' '69009' '11755' '22336' '08168' '15149' '66553' '31601' '93692' '70287' };
offsets = [6106 4427 265 20246 3070 8148 5276 26191 14203 3803 9254 5928 10740 24435 19898 8441 10287 30260 9421 9607 ];

