target=0.50;discardreversals=2;startvalue=0.00;steps=[4  2  1];selfservice=0;
threshold = [-9.50 ];
values = [5.00 -5.00 1.00 2.00 -3.00 -3.50 -4.00 -6.50 -7.00 -9.50 -8.00 -9.50 -10.00 -8.50 -9.00 -9.50 -8.00 -8.50 -10.00 -10.50 ];
reversals = [0 1 0 -1 0 0 0 0 0 1 -1 0 1 -1 0 1 -1 0 0 1 ];
measures = [0 0 0 0 0 0 0 0 0 1 1 1 1 1 1 1 1 1 1 1 ];
presentations = [1 2 3 4 5 6 7 8 9 10 11 12 13 14 15 16 17 18 19 20 ];
answers = [5 1 2 5 3 3 5 3 5 1 4 3 1 3 3 1 3 4 3 1 ];
adjustments = [-10 6 1 -5 -0.5 -0.5 -2.5 -0.5 -2.5 1.5 -1.5 -0.5 1.5 -0.5 -0.5 1.5 -0.5 -1.5 -0.5 1.5 ];
sentences = {'90013' '68819' '44529' '89364' '99308' '30757' '02737' '16140' '55025' '87263' '37886' '15952' '68271' '03491' '41634' '23448' '51195' '22586' '74972' '76600' };
offsets = [74837 2895 89824 79208 13805 10775 79645 29685 18633 79004 12394 40920 26430 41971 80598 3735 53661 33515 28616 713 ];

