target=0.50;discardreversals=2;startvalue=0.00;steps=[4  2  1];selfservice=0;
threshold = [-2.00 ];
values = [0.00 2.00 -4.00 -5.00 -2.00 -2.50 -4.00 -4.50 -4.00 -6.50 -5.00 -3.50 -4.00 -2.50 0.00 -0.50 0.00 0.50 -1.00 0.50 ];
reversals = [0 -1 0 1 -1 0 0 1 -1 1 0 -1 1 0 -1 1 0 -1 1 -1 ];
measures = [0 0 0 0 1 1 1 1 1 1 1 1 1 1 1 1 1 1 1 1 ];
presentations = [1 2 3 4 5 6 7 8 9 10 11 12 13 14 15 16 17 18 19 20 ];
answers = [2 4 3 1 3 4 3 2 5 1 1 3 1 0 3 2 2 4 1 4 ];
adjustments = [2 -6 -1 3 -0.5 -1.5 -0.5 0.5 -2.5 1.5 1.5 -0.5 1.5 2.5 -0.5 0.5 0.5 -1.5 1.5 -1.5 ];
sentences = {'50976' '21080' '51437' '23081' '34994' '69444' '92629' '47173' '98162' '70762' '77705' '44697' '86800' '33528' '85813' '06251' '18348' '09216' '12339' '65555' };
offsets = [3394979 107695 3279207 2316647 2538001 1857093 1539443 897588 1520432 52866 1976103 3423886 2431758 2857182 2933385 835636 4791926 4015286 3313697 1618945 ];

