target=0.50;discardreversals=2;startvalue=0.00;steps=[4  2  1];selfservice=0;
threshold = [-3.50 ];
values = [0.00 2.00 -8.00 -3.00 -0.50 -2.00 -4.50 -2.00 0.50 -2.00 -3.50 -1.00 -3.50 -3.00 -2.50 -2.00 -4.50 -4.00 -4.50 -3.00 ];
reversals = [0 -1 1 0 -1 0 1 0 -1 0 1 -1 1 0 0 -1 1 -1 1 -1 ];
measures = [0 0 0 0 1 1 1 1 1 1 1 1 1 1 1 1 1 1 1 1 ];
presentations = [1 2 3 4 5 6 7 8 9 10 11 12 13 14 15 16 17 18 19 20 ];
answers = [2 5 0 0 4 5 0 0 5 4 0 5 2 2 2 5 2 3 1 4 ];
adjustments = [2 -10 5 2.5 -1.5 -2.5 2.5 2.5 -2.5 -1.5 2.5 -2.5 0.5 0.5 0.5 -2.5 0.5 -0.5 1.5 -1.5 ];
sentences = {'78835' '68819' '30757' '82009' '55025' '07970' '10681' '74972' '16140' '22586' '46393' '34226' '99308' '29744' '41634' '63558' '51417' '03491' '87263' '95162' };
offsets = [8547 39308 3227 24187 19803 3920 17754 6981 18845 10146 38877 29372 17918 9548 4854 11400 8597 28428 2324 5532 ];

