target=0.50;discardreversals=2;startvalue=0.00;steps=[4  2  1];selfservice=0;
threshold = [-8.00 ];
values = [0.00 -10.00 -4.00 -5.00 -6.50 -6.00 -8.50 -8.00 -9.50 -10.00 -8.50 -8.00 -9.50 -8.00 -9.50 -7.00 -7.50 -7.00 -8.50 -10.00 ];
reversals = [0 1 -1 0 1 -1 1 -1 0 1 0 -1 1 -1 1 -1 1 -1 0 1 ];
measures = [0 0 0 0 1 1 1 1 1 1 1 1 1 1 1 1 1 1 1 1 ];
presentations = [1 2 3 4 5 6 7 8 9 10 11 12 13 14 15 16 17 18 19 20 ];
answers = [5 1 3 4 2 5 2 4 3 1 2 4 1 4 0 3 2 4 4 0 ];
adjustments = [-10 6 -1 -1.5 0.5 -2.5 0.5 -1.5 -0.5 1.5 0.5 -1.5 1.5 -1.5 2.5 -0.5 0.5 -1.5 -1.5 2.5 ];
sentences = {'59026' '67850' '18502' '39994' '80338' '82487' '03262' '77974' '94067' '24318' '72141' '05413' '66553' '90790' '15149' '48835' '31601' '51779' '26626' '43285' };
offsets = [1818448 1038677 1366503 2818893 215553 3315783 977604 2640258 1437595 4761276 3382463 4290262 851357 3200543 635859 3728167 4450347 4511819 4603956 3369606 ];

