target=0.50;discardreversals=2;startvalue=0.00;steps=[4  2  1];selfservice=0;
threshold = [-2.50 ];
values = [0.00 -10.00 0.00 -5.00 -3.50 -3.00 -3.50 -4.00 -1.50 1.00 2.50 0.00 -0.50 -3.00 -1.50 -2.00 -2.50 -1.00 -2.50 0.00 ];
reversals = [0 1 -1 1 0 -1 0 1 0 0 -1 0 0 1 -1 0 1 -1 1 -1 ];
measures = [0 0 0 1 1 1 1 1 1 1 1 1 1 1 1 1 1 1 1 1 ];
presentations = [1 2 3 4 5 6 7 8 9 10 11 12 13 14 15 16 17 18 19 20 ];
answers = [5 0 5 1 2 3 3 0 0 1 5 3 5 1 3 3 1 4 0 4 ];
adjustments = [-10 10 -5 1.5 0.5 -0.5 -0.5 2.5 2.5 1.5 -2.5 -0.5 -2.5 1.5 -0.5 -0.5 1.5 -1.5 2.5 -1.5 ];
sentences = {'26626' '02737' '15952' '51779' '23448' '43285' '37886' '67850' '68271' '18502' '76600' '89364' '94067' '44529' '05413' '51195' '39994' '80338' '90013' '72141' };
offsets = [15606 15558 5125 2676 992 4649 6402 2444 12935 13149 37882 16573 20369 15144 14890 14484 19897 11765 13191 9187 ];

