target=0.50;discardreversals=2;startvalue=0.00;steps=[4  2  1];selfservice=0;
threshold = [-5.50 ];
values = [0.00 -6.00 -4.00 -3.00 -8.00 -5.50 -8.00 -5.50 -5.00 -5.50 -5.00 -3.50 -5.00 -7.50 -6.00 -4.50 -6.00 -3.50 -5.00 -6.50 ];
reversals = [0 1 0 -1 1 -1 1 0 -1 1 0 -1 0 1 0 -1 1 -1 0 1 ];
measures = [0 0 0 0 1 1 1 1 1 1 1 1 1 1 1 1 1 1 1 1 ];
presentations = [1 2 3 4 5 6 7 8 9 10 11 12 13 14 15 16 17 18 19 20 ];
answers = [4 2 2 5 0 5 0 2 3 2 1 4 5 1 1 4 0 4 4 0 ];
adjustments = [-6 2 1 -5 2.5 -2.5 2.5 0.5 -0.5 0.5 1.5 -1.5 -2.5 1.5 1.5 -1.5 2.5 -1.5 -1.5 2.5 ];
sentences = {'43285' '98162' '18502' '85813' '21080' '94067' '69444' '50976' '44697' '12339' '26626' '80338' '05413' '67850' '33528' '72141' '39994' '77705' '06251' '51779' };
offsets = [26601 18996 6659 4059 28236 31313 13476 20151 8043 15828 36474 14662 23227 5769 29695 6393 13932 3921 37772 4382 ];

