target=0.75;minreversals=14;discardreversals=4;minmeasures=25;startvalue=70.00;steps=[4  4  2  1];feedback=0;
threshold = [152.00 ];
values = [82.00 78.00 74.00 70.00 86.00 102.00 98.00 98.00 98.00 104.00 108.00 111.00 115.00 118.00 117.00 116.00 116.00 116.00 116.00 116.00 115.00 115.00 114.00 113.00 113.00 113.00 116.00 115.00 119.00 119.00 119.00 118.00 118.00 118.00 118.00 121.00 125.00 128.00 132.00 135.00 134.00 138.00 138.00 138.00 141.00 144.00 148.00 152.00 152.00 152.00 152.00 151.00 155.00 158.00 162.00 165.00 169.00 169.00 168.00 171.00 171.00 170.00 170.00 169.00 169.00 169.00 172.00 171.00 170.00 174.00 174.00 174.00 174.00 177.00 181.00 184.00 183.00 187.00 190.00 194.00 194.00 197.00 ];
reversals = [0 0 0 1 0 -1 0 0 1 0 0 0 0 -1 0 0 0 0 0 0 0 0 0 0 0 1 -1 1 0 0 -1 0 0 0 1 0 0 0 0 -1 1 0 0 0 0 0 0 0 0 0 -1 1 0 0 0 0 0 -1 1 0 -1 0 0 0 0 1 -1 0 1 0 0 0 0 0 0 -1 1 0 0 0 0 0 ];
measures = [0 0 0 0 0 0 0 0 0 0 0 0 0 0 0 0 0 0 0 0 0 0 0 0 0 1 1 1 1 1 1 1 1 1 1 1 1 1 1 1 1 1 1 1 1 1 1 1 1 1 1 1 1 1 1 1 1 1 1 1 1 1 1 1 1 1 1 1 1 1 1 1 1 1 1 1 1 1 1 1 1 1 ];
presentations = [1 1 1 0 0 1 0 0 1 0 1 0 1 1 1 0 0 0 0 1 0 1 1 0 0 1 1 0 0 0 1 0 0 0 1 0 1 0 1 1 0 0 0 1 1 0 0 0 0 0 1 0 1 0 1 0 0 1 1 0 1 0 1 0 0 1 1 1 0 0 0 0 1 0 1 1 0 1 0 0 1 1 ];
answers = [1 1 1 1 1 1 0 0 0 1 0 1 0 1 1 0 0 0 0 1 0 1 1 0 0 0 1 1 0 0 1 0 0 0 0 1 0 1 0 1 1 0 0 0 0 1 1 0 0 0 1 1 0 1 0 1 0 1 0 0 1 0 1 0 0 0 1 1 1 0 0 0 0 1 0 1 1 0 1 0 0 0 ];
adjustments = [-4 -4 -4 16 16 -4 0 0 6 4 3 4 3 -1 -1 0 0 0 0 -1 0 -1 -1 0 0 3 -1 4 0 0 -1 0 0 0 3 4 3 4 3 -1 4 0 0 3 3 4 4 0 0 0 -1 4 3 4 3 4 0 -1 3 0 -1 0 -1 0 0 3 -1 -1 4 0 0 0 3 4 3 -1 4 3 4 0 3 3 ];

