target=0.75;minreversals=14;discardreversals=4;minmeasures=25;startvalue=70.00;steps=[4  4  2  1];feedback=0;
threshold = [107.00 ];
values = [86.00 82.00 78.00 74.00 90.00 86.00 84.00 82.00 90.00 93.00 92.00 96.00 96.00 96.00 99.00 98.00 97.00 101.00 100.00 103.00 102.00 101.00 100.00 103.00 107.00 106.00 110.00 109.00 108.00 111.00 115.00 114.00 113.00 112.00 112.00 111.00 110.00 110.00 109.00 109.00 112.00 111.00 115.00 114.00 114.00 113.00 113.00 113.00 112.00 112.00 112.00 ];
reversals = [0 0 0 1 -1 0 0 1 0 -1 1 0 0 0 -1 0 1 -1 1 -1 0 0 1 0 -1 1 -1 0 1 0 -1 0 0 0 0 0 0 0 0 1 -1 1 -1 0 0 0 0 0 0 0 1 ];
measures = [0 0 0 0 0 0 0 0 0 0 1 1 1 1 1 1 1 1 1 1 1 1 1 1 1 1 1 1 1 1 1 1 1 1 1 1 1 1 1 1 1 1 1 1 1 1 1 1 1 1 1 ];
presentations = [1 1 1 0 1 1 1 0 1 1 0 0 0 1 1 1 0 1 1 1 1 1 1 0 1 0 1 1 1 0 1 1 1 0 1 1 0 1 0 1 1 0 1 0 1 0 0 1 0 0 1 ];
answers = [1 1 1 1 1 1 1 1 0 1 1 0 0 0 1 1 1 1 0 1 1 1 0 1 1 1 1 1 0 1 1 1 1 0 1 1 0 1 0 0 1 1 1 0 1 0 0 1 0 0 0 ];
adjustments = [-4 -4 -4 16 -4 -2 -2 8 3 -1 4 0 0 3 -1 -1 4 -1 3 -1 -1 -1 3 4 -1 4 -1 -1 3 4 -1 -1 -1 0 -1 -1 0 -1 0 3 -1 4 -1 0 -1 0 0 -1 0 0 3 ];

