target=0.50;discardreversals=2;startvalue=0.00;steps=[4  2  1];selfservice=0;
threshold = [-1.50 ];
values = [0.00 -6.00 4.00 1.00 1.50 0.00 -0.50 -1.00 -1.50 -4.00 -3.50 -2.00 -1.50 -3.00 -2.50 -1.00 -2.50 -4.00 -1.50 -3.00 ];
reversals = [0 1 -1 1 -1 0 0 0 0 1 0 0 -1 1 0 -1 0 1 -1 0 ];
measures = [0 0 0 1 1 1 1 1 1 1 1 1 1 1 1 1 1 1 1 1 ];
presentations = [1 2 3 4 5 6 7 8 9 10 11 12 13 14 15 16 17 18 19 20 ];
answers = [4 0 4 2 4 3 3 3 5 2 1 2 4 2 1 4 4 0 4 3 ];
adjustments = [-6 10 -3 0.5 -1.5 -0.5 -0.5 -0.5 -2.5 0.5 1.5 0.5 -1.5 0.5 1.5 -1.5 -1.5 2.5 -1.5 -0.5 ];
sentences = {'07970' '80338' '18502' '43285' '39994' '82009' '10681' '46393' '26626' '51417' '29744' '94067' '51779' '78835' '95162' '63558' '67850' '72141' '34226' '05413' };
offsets = [28313 21464 10435 12479 19815 15048 4336 24299 7065 17002 12104 19861 16038 9025 4087 118 16450 16457 40311 9790 ];

