target=0.50;discardreversals=2;startvalue=0.00;steps=[4  2  1];selfservice=0;
threshold = [-24.00 ];
values = [5.00 -5.00 -15.00 -25.00 -19.00 -22.00 -24.50 -25.00 -24.50 -24.00 -22.50 -23.00 -25.50 -26.00 -25.50 -25.00 -23.50 -24.00 -23.50 -24.00 ];
reversals = [0 0 0 1 -1 0 0 1 0 0 -1 0 0 1 0 0 -1 1 -1 1 ];
measures = [0 0 0 0 0 0 0 1 1 1 1 1 1 1 1 1 1 1 1 1 ];
presentations = [1 2 3 4 5 6 7 8 9 10 11 12 13 14 15 16 17 18 19 20 ];
answers = [5 5 5 1 4 5 3 2 2 1 3 5 3 2 2 1 3 2 3 2 ];
adjustments = [-10 -10 -10 6 -3 -2.5 -0.5 0.5 0.5 1.5 -0.5 -2.5 -0.5 0.5 0.5 1.5 -0.5 0.5 -0.5 0.5 ];
sentences = {'43285' '68819' '87263' '51779' '05413' '26626' '67850' '55025' '72141' '80338' '74972' '22586' '41634' '99308' '30757' '18502' '03491' '39994' '16140' '94067' };
offsets = [49989 70122 2396 39873 17555 35378 27598 71271 70655 20235 16535 14070 6836 26525 17959 38340 29076 31247 2795 19060 ];

