target=0.50;discardreversals=2;startvalue=0.00;steps=[4  2  1];selfservice=0;
threshold = [-8.00 ];
values = [0.00 2.00 -4.00 -7.00 -6.00 -6.50 -7.00 -8.50 -6.00 -8.50 -9.00 -8.50 -10.00 -9.50 -7.00 -8.50 -7.00 -7.50 -8.00 -5.50 ];
reversals = [0 -1 0 1 -1 0 0 1 -1 0 1 -1 1 0 -1 1 -1 0 1 -1 ];
measures = [0 0 0 0 1 1 1 1 1 1 1 1 1 1 1 1 1 1 1 1 ];
presentations = [1 2 3 4 5 6 7 8 9 10 11 12 13 14 15 16 17 18 19 20 ];
answers = [2 4 4 2 3 3 4 0 5 3 2 4 2 0 4 1 3 3 0 3 ];
adjustments = [2 -6 -3 1 -0.5 -0.5 -1.5 2.5 -2.5 -0.5 0.5 -1.5 0.5 2.5 -1.5 1.5 -0.5 -0.5 2.5 -0.5 ];
sentences = {'03262' '82487' '15149' '22336' '24318' '31601' '45923' '66553' '69009' '70287' '90790' '48835' '08168' '93692' '54841' '36514' '11755' '87470' '77974' '59026' };
offsets = [2241751 718389 4447868 3600567 3118115 1811067 2003117 676690 3959349 1763484 2991830 3244179 3992774 2641131 1639964 629588 3954316 213808 3670653 3143491 ];

