target=0.50;discardreversals=2;startvalue=0.00;steps=[4  2  1];selfservice=0;
threshold = [-4.00 ];
values = [0.00 2.00 0.00 -5.00 -4.00 -2.50 -2.00 -1.50 0.00 0.50 2.00 -0.50 -3.00 -5.50 -4.00 -5.50 -3.00 -5.50 -4.00 -2.50 ];
reversals = [0 -1 0 1 0 0 0 0 0 0 -1 0 0 1 -1 1 -1 1 0 -1 ];
measures = [0 0 0 0 0 0 0 0 0 0 1 1 1 1 1 1 1 1 1 1 ];
presentations = [1 2 3 4 5 6 7 8 9 10 11 12 13 14 15 16 17 18 19 20 ];
answers = [2 3 5 2 1 2 2 1 2 1 5 5 5 1 4 0 5 1 1 4 ];
adjustments = [2 -2 -5 1 1.5 0.5 0.5 1.5 0.5 1.5 -2.5 -2.5 -2.5 1.5 -1.5 2.5 -2.5 1.5 1.5 -1.5 ];
sentences = {'48832' '87713' '03676' '80338' '72141' '14040' '70565' '91451' '35209' '67850' '52988' '05413' '94067' '39994' '51779' '43285' '26626' '29394' '18502' '66127' };
offsets = [9306 6914 1932 18167 2671 12389 5047 2548 12472 11361 8711 7993 18377 19374 15518 25416 41279 14474 9685 1177 ];

