target=0.50;discardreversals=2;startvalue=0.00;steps=[4  2  1];selfservice=0;
threshold = [-3.75 ];
values = [0.00 -10.00 0.00 -1.00 0.50 -2.00 -3.50 -4.00 -4.50 -6.00 -5.50 -7.00 -4.50 -3.00 -3.50 -2.00 -4.50 -7.00 -4.50 -4.00 ];
reversals = [0 1 -1 1 -1 0 0 0 0 1 -1 1 0 -1 1 -1 0 1 0 -1 ];
measures = [0 0 0 1 1 1 1 1 1 1 1 1 1 1 1 1 1 1 1 1 ];
presentations = [1 2 3 4 5 6 7 8 9 10 11 12 13 14 15 16 17 18 19 20 ];
answers = [5 0 3 1 5 4 3 3 4 2 4 0 1 3 1 5 5 0 2 4 ];
adjustments = [-10 10 -1 1.5 -2.5 -1.5 -0.5 -0.5 -1.5 0.5 -1.5 2.5 1.5 -0.5 1.5 -2.5 -2.5 2.5 0.5 -1.5 ];
sentences = {'59026' '30757' '74972' '03262' '66553' '68819' '87263' '24318' '15149' '99308' '22586' '90790' '31601' '77974' '48835' '41634' '55025' '82487' '16140' '03491' };
offsets = [4571598 2933307 1390564 4411106 3190694 4300303 1304078 683574 3146687 1948517 2624592 1085297 2435670 3866978 3787687 2645146 3450586 1458367 4309797 3317520 ];

