target=0.75;minreversals=14;discardreversals=4;minmeasures=25;startvalue=70.00;steps=[4  4  2  1];feedback=0;
threshold = [111.00 ];
values = [82.00 78.00 74.00 70.00 86.00 86.00 98.00 114.00 126.00 126.00 122.00 122.00 122.00 120.00 120.00 120.00 120.00 120.00 120.00 118.00 118.00 116.00 114.00 114.00 112.00 110.00 108.00 108.00 106.00 104.00 102.00 100.00 98.00 98.00 98.00 96.00 96.00 94.00 94.00 92.00 92.00 92.00 90.00 90.00 88.00 88.00 88.00 94.00 93.00 97.00 97.00 96.00 95.00 95.00 95.00 95.00 94.00 94.00 94.00 94.00 94.00 97.00 101.00 100.00 100.00 99.00 98.00 98.00 97.00 97.00 97.00 97.00 100.00 104.00 107.00 111.00 111.00 111.00 111.00 111.00 111.00 111.00 111.00 114.00 118.00 121.00 125.00 128.00 132.00 132.00 131.00 131.00 130.00 130.00 129.00 128.00 128.00 127.00 127.00 126.00 125.00 124.00 123.00 123.00 122.00 122.00 121.00 121.00 121.00 121.00 124.00 123.00 122.00 126.00 ];
reversals = [0 0 0 1 0 0 0 0 0 -1 0 0 0 0 0 0 0 0 0 0 0 0 0 0 0 0 0 0 0 0 0 0 0 0 0 0 0 0 0 0 0 0 0 0 0 0 1 -1 1 0 -1 0 0 0 0 0 0 0 0 0 1 0 -1 0 0 0 0 0 0 0 0 1 0 0 0 0 0 0 0 0 0 0 0 0 0 0 0 0 0 -1 0 0 0 0 0 0 0 0 0 0 0 0 0 0 0 0 0 0 0 1 -1 0 1 -1 ];
measures = [0 0 0 0 0 0 0 0 0 0 0 0 0 0 0 0 0 0 0 0 0 0 0 0 0 0 0 0 0 0 0 0 0 0 0 0 0 0 0 0 0 0 0 0 0 0 0 0 1 1 1 1 1 1 1 1 1 1 1 1 1 1 1 1 1 1 1 1 1 1 1 1 1 1 1 1 1 1 1 1 1 1 1 1 1 1 1 1 1 1 1 1 1 1 1 1 1 1 1 1 1 1 1 1 1 1 1 1 1 1 1 1 1 1 ];
presentations = [1 1 1 0 0 1 0 1 0 1 0 0 1 0 0 0 0 0 1 0 1 1 0 1 1 1 0 1 1 1 1 1 0 0 1 0 1 0 1 0 0 1 0 1 0 0 1 1 0 0 1 1 0 0 0 1 0 0 0 0 1 0 1 0 1 1 0 1 0 0 0 1 0 1 0 0 0 0 0 0 0 0 1 0 1 0 1 0 0 1 0 1 0 1 1 0 1 0 1 1 1 1 0 1 0 1 0 0 0 1 1 1 0 1 ];
answers = [1 1 1 1 0 0 1 0 0 1 0 0 1 0 0 0 0 0 1 0 1 1 0 1 1 1 0 1 1 1 1 1 0 0 1 0 1 0 1 0 0 1 0 1 0 0 0 1 1 0 1 1 0 0 0 1 0 0 0 0 0 1 1 0 1 1 0 1 0 0 0 0 1 0 1 0 0 0 0 0 0 0 0 1 0 1 0 1 0 1 0 1 0 1 1 0 1 0 1 1 1 1 0 1 0 1 0 0 0 0 1 1 1 1 ];
adjustments = [-4 -4 -4 16 0 12 16 12 0 -4 0 0 -2 0 0 0 0 0 -2 0 -2 -2 0 -2 -2 -2 0 -2 -2 -2 -2 -2 0 0 -2 0 -2 0 -2 0 0 -2 0 -2 0 0 6 -1 4 0 -1 -1 0 0 0 -1 0 0 0 0 3 4 -1 0 -1 -1 0 -1 0 0 0 3 4 3 4 0 0 0 0 0 0 0 3 4 3 4 3 4 0 -1 0 -1 0 -1 -1 0 -1 0 -1 -1 -1 -1 0 -1 0 -1 0 0 0 3 -1 -1 4 -1 ];

