target=0.50;discardreversals=2;startvalue=0.00;steps=[4  2  1];selfservice=0;
threshold = [-3.00 ];
values = [0.00 -6.00 -4.00 -1.00 4.00 1.00 0.50 0.00 -2.50 -2.00 0.50 -2.00 -4.50 -6.00 -4.50 -3.00 -5.50 -4.00 -1.50 -3.00 ];
reversals = [0 1 0 0 -1 0 0 0 1 0 -1 0 0 1 0 -1 1 0 -1 1 ];
measures = [0 0 0 0 0 0 0 0 1 1 1 1 1 1 1 1 1 1 1 1 ];
presentations = [1 2 3 4 5 6 7 8 9 10 11 12 13 14 15 16 17 18 19 20 ];
answers = [4 2 1 0 4 3 3 5 2 0 5 5 4 1 1 5 1 0 4 2 ];
adjustments = [-6 2 3 5 -3 -0.5 -0.5 -2.5 0.5 2.5 -2.5 -2.5 -1.5 1.5 1.5 -2.5 1.5 2.5 -1.5 0.5 ];
sentences = {'59026' '48835' '18502' '90790' '82487' '03262' '67850' '66553' '31601' '80338' '26626' '51779' '94067' '15149' '24318' '77974' '43285' '05413' '39994' '72141' };
offsets = [28773 3022 23839 172 30188 24842 17340 5408 26710 15801 24087 17770 21243 9961 20136 17677 10003 13359 11073 4740 ];

