target=0.50;discardreversals=2;startvalue=0.00;steps=[4  2  1];selfservice=0;
threshold = [-3.25 ];
values = [0.00 -2.00 8.00 3.00 0.50 -1.00 -2.50 -5.00 -5.50 -6.00 -5.50 -6.00 -7.50 -5.00 -3.50 -3.00 -3.50 -2.00 -2.50 -1.00 ];
reversals = [0 1 -1 0 0 0 0 0 0 1 -1 0 1 0 0 -1 1 -1 1 -1 ];
measures = [0 0 0 0 0 0 0 0 0 1 1 1 1 1 1 1 1 1 1 1 ];
presentations = [1 2 3 4 5 6 7 8 9 10 11 12 13 14 15 16 17 18 19 20 ];
answers = [3 0 5 5 4 4 5 3 3 2 3 4 0 1 2 3 1 3 1 3 ];
adjustments = [-2 10 -5 -2.5 -1.5 -1.5 -2.5 -0.5 -0.5 0.5 -0.5 -1.5 2.5 1.5 0.5 -0.5 1.5 -0.5 1.5 -0.5 ];
sentences = {'66127' '86800' '87713' '47173' '09216' '23081' '70565' '51437' '18348' '92629' '52988' '34994' '03676' '35209' '65555' '70762' '91451' '29394' '48832' '14040' };
offsets = [4800365 3277477 3635340 2413734 4763137 3201786 2718265 701885 1613714 1958123 2309782 3064578 2811542 1510352 2927994 3907596 2442565 2933345 2265923 229 ];

