target=0.50;discardreversals=2;startvalue=0.00;steps=[4  2  1];selfservice=0;
threshold = [-3.00 ];
values = [0.00 -10.00 0.00 -3.00 -4.50 -5.00 -2.50 -2.00 -0.50 2.00 -0.50 -2.00 -2.50 -3.00 -1.50 -3.00 -0.50 -1.00 -2.50 -3.00 ];
reversals = [0 1 -1 0 0 1 0 0 0 -1 0 0 0 1 -1 1 -1 0 0 1 ];
measures = [0 0 0 0 0 1 1 1 1 1 1 1 1 1 1 1 1 1 1 1 ];
presentations = [1 2 3 4 5 6 7 8 9 10 11 12 13 14 15 16 17 18 19 20 ];
answers = [5 0 4 4 3 0 2 1 0 5 4 3 3 1 4 0 3 4 3 0 ];
adjustments = [-10 10 -3 -1.5 -0.5 2.5 0.5 1.5 2.5 -2.5 -1.5 -0.5 -0.5 1.5 -1.5 2.5 -0.5 -1.5 -0.5 2.5 ];
sentences = {'46393' '14040' '91451' '70565' '29744' '82009' '66127' '51417' '03676' '35209' '10681' '63558' '95162' '48832' '52988' '34226' '07970' '78835' '29394' '87713' };
offsets = [21921 1336 10272 15447 7526 4226 27417 8066 21521 2542 12138 3810 8846 27441 541 2482 32113 28916 5000 8429 ];

