target=0.50;discardreversals=2;startvalue=0.00;steps=[4  2  1];selfservice=0;
threshold = [-1.50 ];
values = [0.00 -6.00 0.00 -1.00 -1.50 1.00 -1.50 0.00 -2.50 -2.00 -3.50 -1.00 -0.50 -3.00 -1.50 0.00 1.50 2.00 -0.50 -1.00 ];
reversals = [0 1 -1 0 1 -1 1 -1 1 -1 1 0 -1 1 0 0 0 -1 0 1 ];
measures = [0 0 0 0 1 1 1 1 1 1 1 1 1 1 1 1 1 1 1 1 ];
presentations = [1 2 3 4 5 6 7 8 9 10 11 12 13 14 15 16 17 18 19 20 ];
answers = [4 1 3 3 0 5 1 5 2 4 0 2 5 1 1 1 2 5 3 0 ];
adjustments = [-6 6 -1 -0.5 2.5 -2.5 1.5 -2.5 0.5 -1.5 2.5 0.5 -2.5 1.5 1.5 1.5 0.5 -2.5 -0.5 2.5 ];
sentences = {'55025' '95569' '74972' '03491' '00456' '47048' '16140' '89135' '87263' '41634' '52277' '68819' '99308' '30757' '24621' '33980' '61793' '76802' '18314' '22586' };
offsets = [615039 2973501 2174903 3337254 1158650 3915377 303923 2448944 1608610 2793279 3438066 2837276 1348593 775831 3277655 4699404 2607236 2963808 4394042 4280655 ];

