target=0.50;discardreversals=2;startvalue=0.00;steps=[4  2  1];selfservice=0;
threshold = [1.75 ];
values = [0.00 -2.00 8.00 7.00 6.50 7.00 4.50 5.00 5.50 4.00 1.50 2.00 1.50 0.00 -2.50 -1.00 1.50 1.00 1.50 1.00 ];
reversals = [0 1 -1 0 1 -1 1 0 -1 0 1 -1 0 0 1 0 -1 1 -1 0 ];
measures = [0 0 0 0 1 1 1 1 1 1 1 1 1 1 1 1 1 1 1 1 ];
presentations = [1 2 3 4 5 6 7 8 9 10 11 12 13 14 15 16 17 18 19 20 ];
answers = [3 0 3 3 2 5 2 2 4 5 2 3 4 5 1 0 3 2 3 4 ];
adjustments = [-2 10 -1 -0.5 0.5 -2.5 0.5 0.5 -1.5 -2.5 0.5 -0.5 -1.5 -2.5 1.5 2.5 -0.5 0.5 -0.5 -1.5 ];
sentences = {'18314' '06251' '12339' '89135' '69444' '33528' '95569' '00456' '21080' '47048' '98162' '52277' '85813' '24621' '50976' '61793' '44697' '76802' '33980' '77705' };
offsets = [12501 26683 19511 5874 9996 9708 16666 1488 10275 17115 3003 13551 4869 9205 14050 16140 5634 30613 269 17013 ];

