target=0.75;minreversals=14;discardreversals=4;minmeasures=25;startvalue=70.00;steps=[4  4  2  1];feedback=0;
threshold = [90.00 ];
values = [90.00 86.00 98.00 110.00 122.00 122.00 118.00 116.00 116.00 114.00 112.00 110.00 108.00 108.00 108.00 106.00 104.00 104.00 104.00 104.00 104.00 104.00 102.00 102.00 102.00 102.00 100.00 98.00 96.00 94.00 92.00 92.00 90.00 88.00 96.00 95.00 94.00 94.00 94.00 93.00 92.00 92.00 91.00 90.00 90.00 90.00 90.00 90.00 89.00 88.00 87.00 87.00 86.00 85.00 88.00 88.00 88.00 88.00 87.00 87.00 86.00 85.00 85.00 88.00 88.00 88.00 87.00 86.00 85.00 85.00 88.00 88.00 88.00 88.00 91.00 90.00 89.00 89.00 93.00 93.00 93.00 92.00 96.00 95.00 99.00 98.00 97.00 96.00 95.00 95.00 95.00 95.00 95.00 95.00 95.00 94.00 94.00 93.00 93.00 93.00 93.00 92.00 92.00 92.00 91.00 90.00 90.00 89.00 ];
reversals = [0 1 0 0 0 -1 0 0 0 0 0 0 0 0 0 0 0 0 0 0 0 0 0 0 0 0 0 0 0 0 0 0 0 1 -1 0 0 0 0 0 0 0 0 0 0 0 0 0 0 0 0 0 0 1 0 0 0 -1 0 0 0 0 1 0 0 -1 0 0 0 1 0 0 0 0 -1 0 0 1 0 0 -1 1 -1 1 -1 0 0 0 0 0 0 0 0 0 0 0 0 0 0 0 0 0 0 0 0 0 0 0 ];
measures = [0 0 0 0 0 0 0 0 0 0 0 0 0 0 0 0 0 0 0 0 0 0 0 0 0 0 0 0 0 0 0 0 0 0 0 0 0 0 0 0 0 0 0 0 0 0 0 0 0 0 0 0 0 1 1 1 1 1 1 1 1 1 1 1 1 1 1 1 1 1 1 1 1 1 1 1 1 1 1 1 1 1 1 1 1 1 1 1 1 1 1 1 1 1 1 1 1 1 1 1 1 1 1 1 1 1 1 1 ];
presentations = [1 1 1 1 0 1 1 0 1 1 1 1 0 0 1 1 0 0 0 0 0 1 0 0 0 1 1 1 1 1 0 1 1 0 1 1 0 0 1 1 0 1 1 0 0 0 0 1 1 1 0 1 1 1 0 0 0 1 0 1 1 0 1 0 0 1 1 1 0 1 0 0 0 1 1 1 0 0 0 0 1 0 1 0 1 1 1 1 0 0 0 0 0 0 1 0 1 0 0 0 1 0 0 1 1 0 1 1 ];
answers = [1 0 0 0 0 1 1 0 1 1 1 1 0 0 1 1 0 0 0 0 0 1 0 0 0 1 1 1 1 1 0 1 1 1 1 1 0 0 1 1 0 1 1 0 0 0 0 1 1 1 0 1 1 0 0 0 0 1 0 1 1 0 0 0 0 1 1 1 0 0 0 0 0 0 1 1 0 1 0 0 1 1 1 1 1 1 1 1 0 0 0 0 0 0 1 0 1 0 0 0 1 0 0 1 1 0 1 1 ];
adjustments = [-4 12 12 12 0 -4 -2 0 -2 -2 -2 -2 0 0 -2 -2 0 0 0 0 0 -2 0 0 0 -2 -2 -2 -2 -2 0 -2 -2 8 -1 -1 0 0 -1 -1 0 -1 -1 0 0 0 0 -1 -1 -1 0 -1 -1 3 0 0 0 -1 0 -1 -1 0 3 0 0 -1 -1 -1 0 3 0 0 0 3 -1 -1 0 4 0 0 -1 4 -1 4 -1 -1 -1 -1 0 0 0 0 0 0 -1 0 -1 0 0 0 -1 0 0 -1 -1 0 -1 -1 ];

