target=0.50;discardreversals=2;startvalue=0.00;steps=[4  2  1];selfservice=0;
threshold = [-3.50 ];
values = [0.00 -2.00 -8.00 2.00 -3.00 -2.50 -1.00 -3.50 -2.00 -3.50 -5.00 -3.50 -4.00 -3.50 -5.00 -4.50 -5.00 -5.50 -4.00 -3.50 ];
reversals = [0 0 1 -1 1 0 -1 1 -1 0 1 -1 1 -1 1 -1 0 1 0 0 ];
measures = [0 0 0 0 1 1 1 1 1 1 1 1 1 1 1 1 1 1 1 1 ];
presentations = [1 2 3 4 5 6 7 8 9 10 11 12 13 14 15 16 17 18 19 20 ];
answers = [3 4 0 5 2 1 5 1 4 4 1 3 2 4 2 3 3 1 2 1 ];
adjustments = [-2 -6 10 -5 0.5 1.5 -2.5 1.5 -1.5 -1.5 1.5 -0.5 0.5 -1.5 0.5 -0.5 -0.5 1.5 0.5 1.5 ];
sentences = {'24318' '77974' '90790' '51779' '39994' '72141' '31601' '03262' '43285' '15149' '26626' '67850' '82487' '59026' '66553' '05413' '18502' '48835' '94067' '80338' };
offsets = [4131873 3784971 3852394 1107660 3473474 2546691 1094030 2230208 753419 1742307 2616714 1698379 4094661 2394445 1660467 2127337 3675621 1685854 873361 4185318 ];

