target=0.50;discardreversals=2;startvalue=0.00;steps=[4  2  1];selfservice=0;
threshold = [-2.25 ];
values = [0.00 -10.00 0.00 -5.00 -2.50 -4.00 -1.50 -2.00 -2.50 0.00 -2.50 -2.00 -2.50 -1.00 -3.50 -4.00 -1.50 -2.00 -1.50 -1.00 ];
reversals = [0 1 -1 1 -1 1 -1 0 1 -1 1 -1 1 -1 0 1 -1 1 0 -1 ];
measures = [0 0 0 1 1 1 1 1 1 1 1 1 1 1 1 1 1 1 1 1 ];
presentations = [1 2 3 4 5 6 7 8 9 10 11 12 13 14 15 16 17 18 19 20 ];
answers = [5 0 5 0 4 0 3 3 0 5 2 3 1 5 3 0 3 2 2 5 ];
adjustments = [-10 10 -5 2.5 -1.5 2.5 -0.5 -0.5 2.5 -2.5 0.5 -0.5 1.5 -2.5 -0.5 2.5 -0.5 0.5 0.5 -2.5 ];
sentences = {'15149' '69009' '77974' '93692' '22336' '36514' '24318' '48835' '03262' '87470' '11755' '59026' '66553' '90790' '70287' '82487' '31601' '45923' '08168' '54841' };
offsets = [3701 23180 3619 17322 20582 278 9188 21465 3538 3652 4426 33073 32588 4327 21471 234 14238 9961 20486 626 ];

