target=0.50;discardreversals=2;startvalue=0.00;steps=[4  2  1];selfservice=0;
threshold = [0.50 ];
values = [0.00 2.00 -8.00 -7.00 -4.50 -4.00 -1.50 -2.00 -0.50 2.00 0.50 1.00 1.50 -1.00 -1.50 -3.00 -0.50 1.00 0.50 1.00 ];
reversals = [0 -1 1 0 0 0 -1 1 0 -1 1 0 -1 0 0 1 0 -1 1 -1 ];
measures = [0 0 0 0 0 0 1 1 1 1 1 1 1 1 1 1 1 1 1 1 ];
presentations = [1 2 3 4 5 6 7 8 9 10 11 12 13 14 15 16 17 18 19 20 ];
answers = [2 5 2 0 2 0 3 1 0 4 2 2 5 3 4 0 1 3 2 3 ];
adjustments = [2 -10 1 2.5 0.5 2.5 -0.5 1.5 2.5 -1.5 0.5 0.5 -2.5 -0.5 -1.5 2.5 1.5 -0.5 0.5 -0.5 ];
sentences = {'08168' '69009' '36514' '22586' '70287' '11755' '03491' '41634' '87470' '68819' '45923' '99308' '30757' '74972' '55025' '16140' '93692' '87263' '54841' '22336' };
offsets = [1258505 2526768 1338971 1219294 2750054 2550261 641809 709934 1701115 2250920 3207607 2620938 4457408 4003238 178194 2867903 3832852 3506278 3667448 1674329 ];

