target=0.50;discardreversals=2;startvalue=0.00;steps=[4  2  1];selfservice=0;
threshold = [-1.75 ];
values = [0.00 2.00 0.00 -3.00 2.00 -0.50 -2.00 -2.50 0.00 -0.50 -1.00 -2.50 -1.00 -3.50 -4.00 -5.50 -3.00 -1.50 0.00 0.50 ];
reversals = [0 -1 0 1 -1 0 0 1 -1 0 0 1 -1 0 0 1 0 0 0 0 ];
measures = [0 0 0 0 1 1 1 1 1 1 1 1 1 1 1 1 1 1 1 1 ];
presentations = [1 2 3 4 5 6 7 8 9 10 11 12 13 14 15 16 17 18 19 20 ];
answers = [2 3 4 0 5 4 3 0 3 3 4 1 5 3 4 0 1 1 2 2 ];
adjustments = [2 -2 -3 5 -2.5 -1.5 -0.5 2.5 -0.5 -0.5 -1.5 1.5 -2.5 -0.5 -1.5 2.5 1.5 1.5 0.5 0.5 ];
sentences = {'74972' '34226' '41634' '78835' '29744' '03491' '99308' '07970' '22586' '63558' '87263' '46393' '10681' '55025' '16140' '95162' '30757' '82009' '51417' '68819' };
offsets = [20191 4917 18284 18778 2215 27593 21634 11480 29205 11206 15888 14008 1399 11546 16768 2526 2075 7718 429 28733 ];

