target=0.50;discardreversals=2;startvalue=0.00;steps=[4  2  1];selfservice=0;
threshold = [-0.50 ];
values = [0.00 -2.00 4.00 3.00 2.50 1.00 -0.50 -3.00 -4.50 -2.00 -0.50 0.00 -0.50 2.00 -0.50 0.00 -1.50 -3.00 -5.50 -3.00 ];
reversals = [0 1 -1 0 0 0 0 0 1 0 0 -1 1 -1 1 -1 0 0 1 0 ];
measures = [0 0 0 0 0 0 0 0 1 1 1 1 1 1 1 1 1 1 1 1 ];
presentations = [1 2 3 4 5 6 7 8 9 10 11 12 13 14 15 16 17 18 19 20 ];
answers = [3 1 3 3 4 4 5 4 0 1 2 3 0 5 2 4 4 5 0 0 ];
adjustments = [-2 6 -1 -0.5 -1.5 -1.5 -2.5 -1.5 2.5 1.5 0.5 -0.5 2.5 -2.5 0.5 -1.5 -1.5 -2.5 2.5 2.5 ];
sentences = {'87470' '24318' '31601' '90790' '93692' '77974' '59026' '70287' '08168' '11755' '45923' '66553' '03262' '15149' '48835' '82487' '54841' '69009' '22336' '36514' };
offsets = [11903 13283 9413 4834 790 26268 25121 15740 17917 1013 9837 25824 25039 2320 7897 2332 5652 1880 31117 5663 ];

