target=0.50;discardreversals=2;startvalue=0.00;steps=[4  2  1];selfservice=0;
threshold = [-5.50 ];
values = [5.00 -5.00 -11.00 -1.00 -2.00 -4.50 -5.00 -6.50 -7.00 -5.50 -5.00 -5.50 -6.00 -6.50 -5.00 -3.50 -4.00 -5.50 -5.00 -4.50 ];
reversals = [0 0 1 -1 0 0 0 0 1 0 -1 0 0 1 0 -1 0 1 0 0 ];
measures = [0 0 0 0 0 0 0 0 1 1 1 1 1 1 1 1 1 1 1 1 ];
presentations = [1 2 3 4 5 6 7 8 9 10 11 12 13 14 15 16 17 18 19 20 ];
answers = [5 4 0 3 5 3 4 3 1 2 3 3 3 1 1 3 4 2 2 2 ];
adjustments = [-10 -6 10 -1 -2.5 -0.5 -1.5 -0.5 1.5 0.5 -0.5 -0.5 -0.5 1.5 1.5 -0.5 -1.5 0.5 0.5 0.5 ];
sentences = {'52277' '24621' '68819' '18314' '47048' '89135' '87263' '03491' '99308' '33980' '74972' '22586' '95569' '61793' '16140' '30757' '00456' '41634' '76802' '55025' };
offsets = [9751 29389 3448 77350 12059 50168 63857 12237 28267 86422 20082 18602 35838 64354 67859 54316 64954 41446 86498 30866 ];

