target=0.50;discardreversals=2;startvalue=0.00;steps=[4  2  1];selfservice=0;
threshold = [-9.25 ];
values = [5.00 -5.00 -11.00 -9.00 -12.00 -9.50 -11.00 -8.50 -9.00 -7.50 -8.00 -8.50 -10.00 -10.50 -8.00 -9.50 -10.00 -12.50 -10.00 -7.50 ];
reversals = [0 0 1 -1 1 -1 1 -1 1 -1 0 0 0 1 -1 0 0 1 0 -1 ];
measures = [0 0 0 0 1 1 1 1 1 1 1 1 1 1 1 1 1 1 1 1 ];
presentations = [1 2 3 4 5 6 7 8 9 10 11 12 13 14 15 16 17 18 19 20 ];
answers = [5 4 2 4 0 4 0 3 1 3 3 4 3 0 4 3 5 0 0 4 ];
adjustments = [-10 -6 2 -3 2.5 -1.5 2.5 -0.5 1.5 -0.5 -0.5 -1.5 -0.5 2.5 -1.5 -0.5 -2.5 2.5 2.5 -1.5 ];
sentences = {'59026' '77974' '90790' '37886' '03262' '66553' '48835' '68271' '02737' '31601' '51195' '44529' '90013' '23448' '82487' '89364' '15149' '24318' '76600' '15952' };
offsets = [7402 65227 66519 79607 27812 46363 82649 94692 42603 71830 69777 102091 68011 39694 86584 1900 18643 43820 62968 7356 ];

