target=0.50;discardreversals=2;startvalue=0.00;steps=[4  2  1];selfservice=0;
threshold = [-2.50 ];
values = [0.00 -6.00 4.00 7.00 2.00 -0.50 -1.00 -2.50 -1.00 0.50 0.00 -2.50 -3.00 -2.50 0.00 2.50 3.00 0.50 -1.00 -3.50 ];
reversals = [0 1 0 -1 0 0 0 1 0 -1 0 0 1 0 0 0 -1 0 0 1 ];
measures = [0 0 0 0 0 0 0 1 1 1 1 1 1 1 1 1 1 1 1 1 ];
presentations = [1 2 3 4 5 6 7 8 9 10 11 12 13 14 15 16 17 18 19 20 ];
answers = [4 0 1 5 5 3 4 1 1 3 5 3 2 0 0 2 5 4 5 2 ];
adjustments = [-6 10 3 -5 -2.5 -0.5 -1.5 1.5 1.5 -0.5 -2.5 -0.5 0.5 2.5 2.5 0.5 -2.5 -1.5 -2.5 0.5 ];
sentences = {'92629' '86800' '09216' '23448' '47173' '37886' '15952' '89364' '90013' '51437' '65555' '02737' '51195' '70762' '76600' '44529' '68271' '34994' '18348' '23081' };
offsets = [523 16294 16452 408 9480 3914 2949 1018 26514 8642 6496 10793 13424 422 18755 40316 12735 4452 22361 16417 ];

