target=0.50;discardreversals=2;startvalue=0.00;steps=[4  2  1];selfservice=0;
threshold = [21.50 ];
values = [0.00 10.00 20.00 30.00 20.00 17.00 22.00 23.50 22.00 20.50 22.00 19.50 18.00 19.50 21.00 21.50 19.00 19.50 22.00 20.50 ];
reversals = [0 0 0 -1 0 1 0 -1 0 1 -1 0 1 0 0 -1 1 0 -1 0 ];
measures = [0 0 0 0 0 0 0 1 1 1 1 1 1 1 1 1 1 1 1 1 ];
presentations = [1 2 3 4 5 6 7 8 9 10 11 12 13 14 15 16 17 18 19 20 ];
answers = [0 0 0 5 4 0 1 4 4 1 5 4 1 1 2 5 2 0 4 3 ];
adjustments = [10 10 10 -10 -3 5 1.5 -1.5 -1.5 1.5 -2.5 -1.5 1.5 1.5 0.5 -2.5 0.5 2.5 -1.5 -0.5 ];
sentences = {'39994' '43285' '51779' '80338' '87713' '52988' '29394' '67850' '14040' '72141' '70565' '91451' '18502' '48832' '35209' '26626' '03676' '66127' '05413' '94067' };
offsets = [4007126 396834 1324712 2125780 4150535 3869887 2254511 2404973 1521300 1552743 2110162 1761513 3787451 1465743 1754100 4063865 3919901 2112523 3039480 4468173 ];

