target=0.50;discardreversals=2;startvalue=0.00;steps=[4  2  1];selfservice=0;
threshold = [22.25 ];
values = [5.00 15.00 25.00 35.00 25.00 20.00 25.00 22.50 22.00 20.50 18.00 19.50 22.00 20.50 21.00 21.50 23.00 22.50 23.00 21.50 ];
reversals = [0 0 0 -1 0 1 -1 0 0 0 1 0 -1 1 0 0 -1 1 -1 1 ];
measures = [0 0 0 0 0 0 1 1 1 1 1 1 1 1 1 1 1 1 1 1 ];
presentations = [1 2 3 4 5 6 7 8 9 10 11 12 13 14 15 16 17 18 19 20 ];
answers = [0 0 0 5 5 0 5 3 4 5 1 0 4 2 2 1 3 2 4 1 ];
adjustments = [10 10 10 -10 -5 5 -2.5 -0.5 -1.5 -2.5 1.5 2.5 -1.5 0.5 0.5 1.5 -0.5 0.5 -1.5 1.5 ];
sentences = {'99308' '15952' '87263' '02737' '68271' '55025' '76600' '41634' '23448' '03491' '68819' '51195' '44529' '16140' '30757' '89364' '74972' '37886' '22586' '90013' };
offsets = [45791 21372 74194 27229 66734 78458 23707 53583 10731 8188 42190 58310 60044 56469 8835 76189 80028 9361 87662 34158 ];

