target=0.50;discardreversals=2;startvalue=0.00;steps=[4  2  1];selfservice=0;
threshold = [22.50 ];
values = [0.00 10.00 20.00 26.00 20.00 25.00 23.50 25.00 26.50 24.00 21.50 22.00 23.50 21.00 19.50 22.00 22.50 20.00 22.50 21.00 ];
reversals = [0 0 0 -1 1 -1 1 0 -1 0 1 0 -1 0 1 0 -1 1 -1 0 ];
measures = [0 0 0 0 0 1 1 1 1 1 1 1 1 1 1 1 1 1 1 1 ];
presentations = [1 2 3 4 5 6 7 8 9 10 11 12 13 14 15 16 17 18 19 20 ];
answers = [0 0 1 4 0 4 1 1 5 5 2 1 5 4 0 2 5 0 4 3 ];
adjustments = [10 10 6 -6 5 -1.5 1.5 1.5 -2.5 -2.5 0.5 1.5 -2.5 -1.5 2.5 0.5 -2.5 2.5 -1.5 -0.5 ];
sentences = {'03676' '29394' '48832' '41634' '35209' '74972' '52988' '68819' '03491' '70565' '16140' '30757' '87263' '14040' '55025' '66127' '22586' '99308' '91451' '87713' };
offsets = [21670 12535 13270 36543 16977 11088 2494 16992 44362 16313 27628 6270 1263 9185 5508 5876 4615 24195 19165 338 ];

