target=0.75;minreversals=14;discardreversals=4;minmeasures=25;startvalue=60.00;steps=[8  8  4  2];feedback=0;
threshold = [82.00 ];
values = [84.00 76.00 100.00 124.00 116.00 116.00 116.00 112.00 108.00 120.00 120.00 118.00 118.00 118.00 118.00 116.00 116.00 114.00 114.00 112.00 110.00 108.00 108.00 106.00 104.00 102.00 100.00 98.00 96.00 94.00 94.00 92.00 90.00 88.00 86.00 86.00 86.00 86.00 84.00 82.00 90.00 88.00 86.00 84.00 82.00 90.00 88.00 86.00 86.00 84.00 82.00 82.00 80.00 86.00 86.00 84.00 84.00 84.00 82.00 80.00 86.00 86.00 84.00 84.00 84.00 82.00 82.00 82.00 82.00 88.00 86.00 86.00 84.00 82.00 82.00 80.00 80.00 80.00 80.00 80.00 80.00 80.00 78.00 76.00 82.00 ];
reversals = [0 1 0 -1 0 0 0 0 1 0 -1 0 0 0 0 0 0 0 0 0 0 0 0 0 0 0 0 0 0 0 0 0 0 0 0 0 0 0 0 1 -1 0 0 0 1 -1 0 0 0 0 0 0 1 0 -1 0 0 0 0 1 0 -1 0 0 0 0 0 0 1 -1 0 0 0 0 0 0 0 0 0 0 0 0 0 1 -1 ];
measures = [0 0 0 0 0 0 0 0 0 0 0 0 0 0 0 0 0 0 0 0 0 0 0 0 0 0 0 0 0 0 0 0 0 0 0 0 0 0 0 1 1 1 1 1 1 1 1 1 1 1 1 1 1 1 1 1 1 1 1 1 1 1 1 1 1 1 1 1 1 1 1 1 1 1 1 1 1 1 1 1 1 1 1 1 1 ];
presentations = [1 1 1 1 0 0 1 1 1 0 1 0 0 0 1 0 1 0 1 1 1 0 1 1 1 1 1 1 1 0 1 1 1 1 0 0 0 1 1 0 1 1 1 1 0 1 1 0 1 1 0 1 1 0 1 0 0 1 1 1 0 1 0 0 1 0 0 0 1 1 0 1 1 0 1 0 0 0 0 0 0 1 1 1 1 ];
answers = [1 0 0 1 0 0 1 1 0 0 1 0 0 0 1 0 1 0 1 1 1 0 1 1 1 1 1 1 1 0 1 1 1 1 0 0 0 1 1 1 1 1 1 1 1 1 1 0 1 1 0 1 0 0 1 0 0 1 1 0 0 1 0 0 1 0 0 0 0 1 0 1 1 0 1 0 0 0 0 0 0 1 1 0 1 ];
adjustments = [-8 24 24 -8 0 0 -4 -4 12 0 -2 0 0 0 -2 0 -2 0 -2 -2 -2 0 -2 -2 -2 -2 -2 -2 -2 0 -2 -2 -2 -2 0 0 0 -2 -2 8 -2 -2 -2 -2 8 -2 -2 0 -2 -2 0 -2 6 0 -2 0 0 -2 -2 6 0 -2 0 0 -2 0 0 0 6 -2 0 -2 -2 0 -2 0 0 0 0 0 0 -2 -2 6 -2 ];

