target=0.50;discardreversals=2;startvalue=0.00;steps=[4  2  1];selfservice=0;
threshold = [3.50 ];
values = [0.00 10.00 0.00 5.00 3.50 6.00 5.50 3.00 3.50 5.00 5.50 6.00 6.50 5.00 4.50 3.00 3.50 1.00 3.50 2.00 ];
reversals = [0 -1 1 -1 1 -1 0 1 0 0 0 0 -1 0 0 1 -1 1 -1 1 ];
measures = [0 0 0 1 1 1 1 1 1 1 1 1 1 1 1 1 1 1 1 1 ];
presentations = [1 2 3 4 5 6 7 8 9 10 11 12 13 14 15 16 17 18 19 20 ];
answers = [0 5 0 4 0 3 5 2 1 2 2 2 4 3 4 2 5 0 4 0 ];
adjustments = [10 -10 5 -1.5 2.5 -0.5 -2.5 0.5 1.5 0.5 0.5 0.5 -1.5 -0.5 -1.5 0.5 -2.5 2.5 -1.5 2.5 ];
sentences = {'51779' '24318' '72141' '03262' '82487' '48835' '05413' '67850' '26626' '18502' '39994' '80338' '66553' '43285' '59026' '15149' '77974' '94067' '90790' '31601' };
offsets = [691796 3905929 4629767 1804768 3286529 3126058 454711 4007392 2862920 4177622 3164011 2407691 535441 1456062 4230033 602335 1551935 1981382 4500615 2918844 ];

