target=0.50;discardreversals=2;startvalue=0.00;steps=[4  2  1];selfservice=0;
threshold = [2.50 ];
values = [0.00 10.00 8.00 3.00 6.00 4.50 3.00 1.50 1.00 2.50 0.00 1.50 3.00 4.50 2.00 1.50 4.00 1.50 3.00 4.50 ];
reversals = [0 -1 0 1 -1 0 0 0 1 -1 1 0 0 -1 0 1 -1 1 0 -1 ];
measures = [0 0 0 0 1 1 1 1 1 1 1 1 1 1 1 1 1 1 1 1 ];
presentations = [1 2 3 4 5 6 7 8 9 10 11 12 13 14 15 16 17 18 19 20 ];
answers = [0 3 5 1 4 4 4 3 1 5 1 1 1 5 3 0 5 1 1 4 ];
adjustments = [10 -2 -5 3 -1.5 -1.5 -1.5 -0.5 1.5 -2.5 1.5 1.5 1.5 -2.5 -0.5 2.5 -2.5 1.5 1.5 -1.5 ];
sentences = {'65555' '34994' '92629' '29394' '52988' '91451' '14040' '23081' '66127' '87713' '48832' '03676' '18348' '47173' '70762' '35209' '70565' '86800' '51437' '09216' };
offsets = [9805 5172 20477 20930 12806 1751 8056 14958 9695 11371 1200 20711 6561 2118 109 4661 9620 5451 16689 43948 ];

