target=0.50;discardreversals=2;startvalue=0.00;steps=[4  2  1];selfservice=0;
threshold = [13.00 ];
values = [0.00 10.00 20.00 30.00 28.00 25.00 20.00 17.00 14.00 13.00 14.00 14.50 14.00 13.50 11.00 11.50 13.00 10.50 12.00 14.50 ];
reversals = [0 0 0 -1 0 0 0 0 0 1 0 -1 0 0 1 0 -1 1 0 -1 ];
measures = [0 0 0 0 0 0 0 0 0 0 0 1 1 1 1 1 1 1 1 1 ];
presentations = [1 2 3 4 5 6 7 8 9 10 11 12 13 14 15 16 17 18 19 20 ];
answers = [0 0 0 3 4 5 4 4 3 2 2 3 3 5 2 1 5 1 0 4 ];
adjustments = [10 10 10 -2 -3 -5 -3 -3 -1 1 0.5 -0.5 -0.5 -2.5 0.5 1.5 -2.5 1.5 2.5 -1.5 ];
sentences = {'78835' '67850' '80338' '63558' '72141' '10681' '43285' '05413' '07970' '18502' '26626' '94067' '34226' '82009' '39994' '29744' '46393' '51779' '95162' '51417' };
offsets = [18423 13874 21282 10688 9884 12761 2738 21771 11027 5743 29200 26042 22778 21821 25022 9948 33837 1613 10441 18677 ];

