target=0.50;discardreversals=2;startvalue=0.00;steps=[4  2  1];selfservice=0;
threshold = [-9.75 ];
values = [5.00 -1.00 -11.00 -5.00 -8.00 -10.50 -8.00 -6.50 -8.00 -10.50 -12.00 -11.50 -11.00 -10.50 -8.00 -7.50 -10.00 -8.50 -10.00 -9.50 ];
reversals = [0 0 1 -1 0 1 0 -1 0 0 1 0 0 0 0 -1 1 -1 1 -1 ];
measures = [0 0 0 0 0 1 1 1 1 1 1 1 1 1 1 1 1 1 1 1 ];
presentations = [1 2 3 4 5 6 7 8 9 10 11 12 13 14 15 16 17 18 19 20 ];
answers = [4 5 1 4 5 0 1 4 5 4 2 2 2 0 2 5 1 4 2 4 ];
adjustments = [-6 -10 6 -3 -2.5 2.5 1.5 -1.5 -2.5 -1.5 0.5 0.5 0.5 2.5 0.5 -2.5 1.5 -1.5 0.5 -1.5 ];
sentences = {'61793' '00456' '47048' '74972' '24621' '30757' '76802' '89135' '68819' '99308' '41634' '87263' '55025' '16140' '33980' '95569' '52277' '18314' '22586' '03491' };
offsets = [72795 11359 4781 86374 7421 11223 76651 11976 79952 28830 22416 26361 16957 13126 30121 7670 41836 1395 2417 79760 ];

