target=0.50;discardreversals=2;startvalue=0.00;steps=[4  2  1];selfservice=0;
threshold = [-2.00 ];
values = [0.00 -10.00 0.00 -5.00 -2.50 -4.00 -2.50 0.00 1.50 -1.00 -1.50 -2.00 0.50 1.00 -1.50 -4.00 -1.50 -1.00 0.50 -2.00 ];
reversals = [0 1 -1 1 -1 1 0 0 -1 0 0 1 0 -1 0 1 0 0 -1 1 ];
measures = [0 0 0 1 1 1 1 1 1 1 1 1 1 1 1 1 1 1 1 1 ];
presentations = [1 2 3 4 5 6 7 8 9 10 11 12 13 14 15 16 17 18 19 20 ];
answers = [5 0 5 0 4 1 0 1 5 3 3 0 2 5 5 0 2 1 5 2 ];
adjustments = [-10 10 -5 2.5 -1.5 1.5 2.5 1.5 -2.5 -0.5 -0.5 2.5 0.5 -2.5 -2.5 2.5 0.5 1.5 -2.5 0.5 ];
sentences = {'59026' '66127' '66553' '87713' '90790' '52988' '03262' '91451' '15149' '70565' '14040' '35209' '31601' '29394' '48835' '03676' '77974' '82487' '24318' '48832' };
offsets = [16445 34572 22535 5362 6860 9413 16132 33830 1933 7701 6739 3323 13681 24014 9644 20446 25838 8193 19954 36397 ];

