target=0.50;discardreversals=2;startvalue=0.00;steps=[4  2  1];selfservice=0;
threshold = [-2.50 ];
values = [0.00 -2.00 8.00 5.00 3.50 1.00 1.50 1.00 -1.50 0.00 -0.50 -3.00 -1.50 -4.00 -4.50 -4.00 -4.50 -2.00 -3.50 -3.00 ];
reversals = [0 1 -1 0 0 1 -1 0 1 -1 0 1 -1 0 1 -1 1 -1 1 -1 ];
measures = [0 0 0 0 0 1 1 1 1 1 1 1 1 1 1 1 1 1 1 1 ];
presentations = [1 2 3 4 5 6 7 8 9 10 11 12 13 14 15 16 17 18 19 20 ];
answers = [3 0 4 4 5 2 3 5 1 3 5 1 5 3 2 3 0 4 2 3 ];
adjustments = [-2 10 -3 -1.5 -2.5 0.5 -0.5 -2.5 1.5 -0.5 -2.5 1.5 -2.5 -0.5 0.5 -0.5 2.5 -1.5 0.5 -0.5 ];
sentences = {'66127' '72141' '80338' '48832' '14040' '43285' '67850' '29394' '94067' '39994' '70565' '91451' '87713' '51779' '26626' '52988' '03676' '35209' '18502' '05413' };
offsets = [1939305 4807379 3796171 2011249 3366172 406076 2921218 1113776 3455180 4813073 2429961 4113600 2723531 168369 3347593 1715512 4201941 2939126 2538527 4326048 ];

