target=0.50;discardreversals=2;startvalue=0.00;steps=[4  2  1];selfservice=0;
threshold = [-9.50 ];
values = [5.00 -5.00 -15.00 -5.00 -8.00 -9.50 -9.00 -11.50 -10.00 -12.50 -10.00 -9.50 -12.00 -11.50 -9.00 -8.50 -8.00 -8.50 -7.00 -8.50 ];
reversals = [0 0 1 -1 0 1 -1 1 -1 1 0 -1 1 0 0 0 -1 1 -1 0 ];
measures = [0 0 0 0 0 1 1 1 1 1 1 1 1 1 1 1 1 1 1 1 ];
presentations = [1 2 3 4 5 6 7 8 9 10 11 12 13 14 15 16 17 18 19 20 ];
answers = [5 5 0 4 4 2 5 1 5 0 2 5 2 0 2 2 3 1 4 5 ];
adjustments = [-10 -10 10 -3 -1.5 0.5 -2.5 1.5 -2.5 2.5 0.5 -2.5 0.5 2.5 0.5 0.5 -0.5 1.5 -1.5 -2.5 ];
sentences = {'94067' '99308' '51779' '22586' '74972' '30757' '05413' '26626' '80338' '16140' '03491' '68819' '67850' '43285' '41634' '18502' '87263' '39994' '72141' '55025' };
offsets = [7641 9538 52685 68153 126 28618 48233 68486 52237 8493 11130 97118 36920 24806 65616 77172 76892 43778 39403 24076 ];

