target=0.50;discardreversals=2;startvalue=0.00;steps=[4  2  1];selfservice=0;
threshold = [-1.00 ];
values = [0.00 2.00 -8.00 -3.00 -0.50 -1.00 -1.50 1.00 -0.50 -3.00 -0.50 -3.00 -1.50 -2.00 -0.50 0.00 0.50 0.00 0.50 3.00 ];
reversals = [0 -1 1 0 -1 0 1 -1 0 1 -1 1 -1 1 0 0 -1 1 0 0 ];
measures = [0 0 0 0 1 1 1 1 1 1 1 1 1 1 1 1 1 1 1 1 ];
presentations = [1 2 3 4 5 6 7 8 9 10 11 12 13 14 15 16 17 18 19 20 ];
answers = [2 5 0 0 3 3 0 4 5 0 5 1 3 1 2 2 3 2 0 2 ];
adjustments = [2 -10 5 2.5 -0.5 -0.5 2.5 -1.5 -2.5 2.5 -2.5 1.5 -0.5 1.5 0.5 0.5 -0.5 0.5 2.5 0.5 ];
sentences = {'15952' '44529' '18348' '70762' '86800' '09216' '76600' '51437' '90013' '23081' '92629' '37886' '02737' '68271' '51195' '89364' '23448' '47173' '65555' '34994' };
offsets = [4529 27179 13059 581 17048 36208 13650 12892 20491 12893 21379 17062 7284 27695 19632 966 669 12173 4992 29024 ];

