target=0.50;discardreversals=2;startvalue=0.00;steps=[4  2  1];selfservice=0;
threshold = [0.00 ];
values = [0.00 6.00 0.00 -3.00 -2.00 -1.50 1.00 -1.50 0.00 -0.50 -3.00 -1.50 0.00 2.50 2.00 3.50 2.00 0.50 -2.00 -1.50 ];
reversals = [0 -1 0 1 0 0 -1 1 -1 0 1 0 0 -1 1 -1 0 0 1 -1 ];
measures = [0 0 0 0 0 0 1 1 1 1 1 1 1 1 1 1 1 1 1 1 ];
presentations = [1 2 3 4 5 6 7 8 9 10 11 12 13 14 15 16 17 18 19 20 ];
answers = [1 4 4 2 2 0 5 1 3 5 1 1 0 3 1 4 4 5 2 3 ];
adjustments = [6 -6 -3 1 0.5 2.5 -2.5 1.5 -0.5 -2.5 1.5 1.5 2.5 -0.5 1.5 -1.5 -1.5 -2.5 0.5 -0.5 ];
sentences = {'80338' '51779' '74972' '43285' '22586' '39994' '05413' '16140' '67850' '87263' '68819' '18502' '94067' '72141' '30757' '55025' '99308' '26626' '03491' '41634' };
offsets = [14801 9695 5360 3244 28843 18467 13670 2162 8571 19869 5531 21017 19175 3314 6454 15811 13872 36670 44640 8981 ];

