target=0.50;discardreversals=2;startvalue=0.00;steps=[4  2  1];selfservice=0;
threshold = [-1.00 ];
values = [0.00 2.00 4.00 -6.00 -1.00 -2.50 -1.00 -0.50 -3.00 -0.50 -2.00 -2.50 -1.00 0.50 -2.00 -0.50 0.00 -0.50 -2.00 -0.50 ];
reversals = [0 0 -1 1 -1 1 0 -1 1 -1 0 1 0 -1 1 0 -1 0 1 -1 ];
measures = [0 0 0 0 1 1 1 1 1 1 1 1 1 1 1 1 1 1 1 1 ];
presentations = [1 2 3 4 5 6 7 8 9 10 11 12 13 14 15 16 17 18 19 20 ];
answers = [2 2 5 0 4 1 2 5 0 4 3 1 1 5 1 2 3 4 1 3 ];
adjustments = [2 2 -10 5 -1.5 1.5 0.5 -2.5 2.5 -1.5 -0.5 1.5 1.5 -2.5 1.5 0.5 -0.5 -1.5 1.5 -0.5 ];
sentences = {'51779' '39994' '94067' '37886' '80338' '18502' '23448' '05413' '76600' '67850' '90013' '26626' '51195' '15952' '89364' '43285' '72141' '02737' '44529' '68271' };
offsets = [14052 10614 18546 24848 4417 18609 2656 26088 21679 3769 21584 44248 10540 2956 13116 13138 4022 8740 8306 787 ];

