target=0.50;discardreversals=2;startvalue=0.00;steps=[4  2  1];selfservice=0;
threshold = [-0.50 ];
values = [0.00 -2.00 0.00 1.00 2.00 -1.00 -2.50 0.00 -0.50 0.00 -0.50 1.00 1.50 2.00 0.50 -1.00 -1.50 1.00 -1.50 0.00 ];
reversals = [0 1 0 0 -1 0 1 -1 1 -1 1 0 0 -1 0 0 1 -1 1 0 ];
measures = [0 0 0 0 0 0 1 1 1 1 1 1 1 1 1 1 1 1 1 1 ];
presentations = [1 2 3 4 5 6 7 8 9 10 11 12 13 14 15 16 17 18 19 20 ];
answers = [3 2 2 2 4 4 0 3 2 3 1 2 2 4 4 3 0 5 1 2 ];
adjustments = [-2 2 1 1 -3 -1.5 2.5 -0.5 0.5 -0.5 1.5 0.5 0.5 -1.5 -1.5 -0.5 2.5 -2.5 1.5 0.5 ];
sentences = {'44697' '70762' '33528' '09216' '21080' '23081' '18348' '47173' '51437' '92629' '98162' '06251' '69444' '85813' '12339' '65555' '34994' '77705' '50976' '86800' };
offsets = [30396 731 35568 22735 19167 23704 6203 30687 1879 19528 21308 17602 21269 241 11425 4272 16984 7526 2867 15128 ];

