target=0.50;discardreversals=2;startvalue=0.00;steps=[4  2  1];selfservice=0;
threshold = [-0.25 ];
values = [0.00 -2.00 8.00 5.00 5.50 3.00 2.50 2.00 0.50 0.00 -0.50 0.00 -1.50 -3.00 -3.50 -1.00 -2.50 0.00 0.50 0.00 ];
reversals = [0 1 -1 1 -1 0 0 0 0 0 1 -1 0 0 1 -1 1 0 -1 0 ];
measures = [0 0 0 1 1 1 1 1 1 1 1 1 1 1 1 1 1 1 1 1 ];
presentations = [1 2 3 4 5 6 7 8 9 10 11 12 13 14 15 16 17 18 19 20 ];
answers = [3 0 4 2 5 3 3 4 3 3 2 4 4 3 0 4 0 2 3 4 ];
adjustments = [-2 10 -3 0.5 -2.5 -0.5 -0.5 -1.5 -0.5 -0.5 0.5 -1.5 -1.5 -0.5 2.5 -1.5 2.5 0.5 -0.5 -1.5 ];
sentences = {'37886' '36514' '87470' '54841' '22336' '02737' '93692' '90013' '68271' '44529' '23448' '08168' '45923' '70287' '11755' '69009' '76600' '51195' '89364' '15952' };
offsets = [2751730 3578089 3303732 3563663 1062499 2114931 4125461 314046 705317 3226979 2654440 1632801 4582315 698240 4401997 4348199 3281407 3272325 2477652 4793997 ];

