target=0.50;discardreversals=2;startvalue=0.00;steps=[4  2  1];selfservice=0;
threshold = [-1.50 ];
values = [0.00 6.00 4.00 -1.00 -2.00 1.00 1.50 -1.00 0.50 0.00 -2.50 -2.00 -4.50 -2.00 -0.50 0.00 -2.50 -1.00 -1.50 -3.00 ];
reversals = [0 -1 0 0 1 0 -1 1 -1 0 1 -1 1 0 0 -1 1 -1 0 1 ];
measures = [0 0 0 0 0 0 1 1 1 1 1 1 1 1 1 1 1 1 1 1 ];
presentations = [1 2 3 4 5 6 7 8 9 10 11 12 13 14 15 16 17 18 19 20 ];
answers = [1 3 5 3 1 2 5 1 3 5 2 5 0 1 2 5 1 3 4 0 ];
adjustments = [6 -2 -5 -1 3 0.5 -2.5 1.5 -0.5 -2.5 0.5 -2.5 2.5 1.5 0.5 -2.5 1.5 -0.5 -1.5 2.5 ];
sentences = {'37886' '22336' '15952' '11755' '02737' '89364' '70287' '36514' '45923' '90013' '08168' '44529' '23448' '51195' '76600' '87470' '68271' '69009' '54841' '93692' };
offsets = [272046 3490750 1642250 2155440 4000197 238034 1848590 2686657 4706866 32358 4243135 4298864 4740745 3957221 2205137 2468283 1409376 2523698 2734113 4153421 ];

