target=0.50;discardreversals=2;startvalue=0.00;steps=[4  2  1];selfservice=0;
threshold = [-1.50 ];
values = [0.00 -2.00 -4.00 6.00 5.00 2.50 2.00 0.50 -1.00 -0.50 0.00 -2.50 -2.00 -1.50 -3.00 -2.50 -2.00 -1.50 -1.00 -2.50 ];
reversals = [0 0 1 -1 0 0 0 0 1 0 -1 1 0 -1 1 0 0 0 -1 1 ];
measures = [0 0 0 0 0 0 0 0 1 1 1 1 1 1 1 1 1 1 1 1 ];
presentations = [1 2 3 4 5 6 7 8 9 10 11 12 13 14 15 16 17 18 19 20 ];
answers = [3 3 0 3 5 3 4 4 2 2 5 2 2 4 2 2 2 2 4 1 ];
adjustments = [-2 -2 10 -1 -2.5 -0.5 -1.5 -1.5 0.5 0.5 -2.5 0.5 0.5 -1.5 0.5 0.5 0.5 0.5 -1.5 1.5 ];
sentences = {'02737' '68271' '89364' '00456' '47048' '44529' '18314' '95569' '23448' '51195' '24621' '89135' '15952' '76802' '90013' '52277' '61793' '33980' '37886' '76600' };
offsets = [2701395 3450380 3859942 441177 3050018 2874885 3745682 2233825 3291174 4165995 3216258 3319216 1790184 1117427 2814743 4662618 677343 1441369 2194382 3953219 ];

