target=0.50;discardreversals=2;startvalue=0.00;steps=[4  2  1];selfservice=0;
threshold = [0.00 ];
values = [0.00 6.00 -4.00 1.00 2.50 2.00 -0.50 2.00 1.50 1.00 -1.50 0.00 -2.50 0.00 -0.50 0.00 0.50 2.00 0.50 0.00 ];
reversals = [0 -1 1 0 -1 0 1 -1 0 0 1 -1 1 -1 1 0 0 -1 0 0 ];
measures = [0 0 0 0 1 1 1 1 1 1 1 1 1 1 1 1 1 1 1 1 ];
presentations = [1 2 3 4 5 6 7 8 9 10 11 12 13 14 15 16 17 18 19 20 ];
answers = [1 5 0 1 3 5 0 3 3 5 1 5 0 3 2 2 1 4 3 3 ];
adjustments = [6 -10 5 1.5 -0.5 -2.5 2.5 -0.5 -0.5 -2.5 1.5 -2.5 2.5 -0.5 0.5 0.5 1.5 -1.5 -0.5 -0.5 ];
sentences = {'54841' '95162' '22336' '51417' '29744' '08168' '34226' '78835' '70287' '46393' '10681' '07970' '69009' '11755' '36514' '82009' '93692' '63558' '87470' '45923' };
offsets = [10510 3208 22434 6740 3623 21591 31659 3236 23761 27791 6416 30611 4839 2307 21207 21416 29489 12380 13460 20024 ];

