target=0.75;minreversals=14;discardreversals=4;minmeasures=25;startvalue=70.00;steps=[4  4  2  1];feedback=0;
threshold = [97.50 ];
values = [78.00 74.00 86.00 82.00 82.00 80.00 86.00 85.00 84.00 83.00 83.00 83.00 83.00 86.00 85.00 85.00 85.00 85.00 88.00 88.00 91.00 95.00 95.00 94.00 94.00 93.00 93.00 92.00 95.00 94.00 98.00 97.00 100.00 104.00 104.00 104.00 104.00 107.00 107.00 110.00 110.00 110.00 110.00 113.00 116.00 119.00 118.00 121.00 120.00 124.00 124.00 127.00 127.00 126.00 125.00 124.00 123.00 123.00 127.00 127.00 ];
reversals = [0 1 -1 0 0 1 -1 0 0 0 0 0 1 -1 0 0 0 1 0 0 0 0 -1 0 0 0 0 1 -1 1 -1 1 0 0 0 0 0 0 0 0 0 0 0 0 0 -1 1 -1 1 0 0 0 -1 0 0 0 0 1 0 -1 ];
measures = [0 0 0 0 0 0 0 0 0 0 0 0 1 1 1 1 1 1 1 1 1 1 1 1 1 1 1 1 1 1 1 1 1 1 1 1 1 1 1 1 1 1 1 1 1 1 1 1 1 1 1 1 1 1 1 1 1 1 1 1 ];
presentations = [1 1 1 0 1 1 1 1 1 0 0 0 1 1 0 0 0 1 0 1 0 0 1 0 1 0 1 1 1 0 1 1 0 0 0 0 1 0 1 0 0 0 1 1 1 1 1 1 0 0 1 0 1 1 1 1 0 0 0 1 ];
answers = [1 0 1 0 1 0 1 1 1 0 0 0 0 1 0 0 0 0 0 0 1 0 1 0 1 0 1 0 1 1 1 0 1 0 0 0 0 0 0 0 0 0 0 0 0 1 0 1 1 0 0 0 1 1 1 1 0 1 0 1 ];
adjustments = [-4 12 -4 0 -2 6 -1 -1 -1 0 0 0 3 -1 0 0 0 3 0 3 4 0 -1 0 -1 0 -1 3 -1 4 -1 3 4 0 0 0 3 0 3 0 0 0 3 3 3 -1 3 -1 4 0 3 0 -1 -1 -1 -1 0 4 0 -1 ];

