target=0.75;minreversals=14;discardreversals=4;minmeasures=25;startvalue=70.00;steps=[4  4  2  1];feedback=0;
threshold = [116.00 ];
values = [82.00 78.00 90.00 86.00 86.00 86.00 86.00 86.00 84.00 84.00 90.00 94.00 97.00 101.00 101.00 105.00 105.00 105.00 108.00 111.00 110.00 114.00 114.00 114.00 117.00 116.00 115.00 115.00 114.00 114.00 114.00 113.00 113.00 113.00 112.00 112.00 112.00 112.00 111.00 111.00 110.00 110.00 109.00 112.00 112.00 115.00 114.00 117.00 116.00 116.00 116.00 116.00 115.00 114.00 114.00 113.00 113.00 113.00 112.00 112.00 111.00 111.00 111.00 111.00 111.00 111.00 114.00 118.00 121.00 125.00 125.00 124.00 124.00 127.00 126.00 126.00 126.00 ];
reversals = [0 1 -1 0 0 0 0 0 0 1 0 0 0 0 0 0 0 0 0 -1 1 0 0 0 -1 0 0 0 0 0 0 0 0 0 0 0 0 0 0 0 0 0 1 0 0 -1 1 -1 0 0 0 0 0 0 0 0 0 0 0 0 0 0 0 0 0 1 0 0 0 0 -1 0 1 -1 0 0 0 ];
measures = [0 0 0 0 0 0 0 0 0 0 0 0 0 0 0 0 0 0 0 0 1 1 1 1 1 1 1 1 1 1 1 1 1 1 1 1 1 1 1 1 1 1 1 1 1 1 1 1 1 1 1 1 1 1 1 1 1 1 1 1 1 1 1 1 1 1 1 1 1 1 1 1 1 1 1 1 1 ];
presentations = [1 1 1 0 0 0 0 1 0 1 0 1 0 0 0 0 0 1 1 1 0 0 0 1 1 1 0 1 0 0 1 0 0 1 0 0 0 1 0 1 0 1 1 0 1 1 1 1 0 0 0 1 1 0 1 0 0 1 0 1 0 0 0 0 0 1 0 1 0 0 1 0 1 1 0 0 1 ];
answers = [1 0 1 0 0 0 0 1 0 0 1 0 1 0 1 0 0 0 0 1 1 0 0 0 1 1 0 1 0 0 1 0 0 1 0 0 0 1 0 1 0 1 0 0 0 1 0 1 0 0 0 1 1 0 1 0 0 1 0 1 0 0 0 0 0 0 1 0 1 0 1 0 0 1 0 0 1 ];
adjustments = [-4 12 -4 0 0 0 0 -2 0 6 4 3 4 0 4 0 0 3 3 -1 4 0 0 3 -1 -1 0 -1 0 0 -1 0 0 -1 0 0 0 -1 0 -1 0 -1 3 0 3 -1 3 -1 0 0 0 -1 -1 0 -1 0 0 -1 0 -1 0 0 0 0 0 3 4 3 4 0 -1 0 3 -1 0 0 -1 ];

