target=0.50;discardreversals=2;startvalue=0.00;steps=[4  2  1];selfservice=0;
threshold = [-7.50 ];
values = [0.00 -6.00 -12.00 -2.00 -3.00 -5.50 -6.00 -7.50 -6.00 -7.50 -7.00 -7.50 -7.00 -7.50 -7.00 -6.50 -5.00 -5.50 -6.00 -7.50 ];
reversals = [0 0 1 -1 0 0 0 1 -1 1 -1 1 -1 1 0 0 -1 0 0 1 ];
measures = [0 0 0 0 0 0 0 1 1 1 1 1 1 1 1 1 1 1 1 1 ];
presentations = [1 2 3 4 5 6 7 8 9 10 11 12 13 14 15 16 17 18 19 20 ];
answers = [4 4 0 3 5 3 4 1 4 2 3 2 3 2 2 1 3 3 4 1 ];
adjustments = [-6 -6 10 -1 -2.5 -0.5 -1.5 1.5 -1.5 0.5 -0.5 0.5 -0.5 0.5 0.5 1.5 -0.5 -0.5 -1.5 1.5 ];
sentences = {'92629' '09216' '86800' '82009' '18348' '95162' '23081' '63558' '29744' '34994' '07970' '10681' '70762' '78835' '51417' '65555' '34226' '51437' '47173' '46393' };
offsets = [4591124 1631400 3376328 2976413 1413669 4258170 4537077 387392 3061754 3188516 6921 3282045 2182031 1747522 4292259 1818188 2326068 3117120 3842037 3616361 ];

