target=0.50;discardreversals=2;startvalue=0.00;steps=[4  2  1];selfservice=0;
threshold = [-1.00 ];
values = [0.00 10.00 0.00 -1.00 -4.00 -5.00 -4.00 -3.50 -1.00 1.50 2.00 -0.50 -3.00 -3.50 -1.00 -0.50 -1.00 -1.50 0.00 -1.50 ];
reversals = [0 -1 0 0 0 1 0 0 0 0 -1 0 0 1 0 -1 0 1 -1 1 ];
measures = [0 0 0 0 0 0 0 0 0 0 1 1 1 1 1 1 1 1 1 1 ];
presentations = [1 2 3 4 5 6 7 8 9 10 11 12 13 14 15 16 17 18 19 20 ];
answers = [0 5 3 4 3 2 2 0 0 2 5 5 3 0 2 3 3 1 4 2 ];
adjustments = [10 -10 -1 -3 -1 1 0.5 2.5 2.5 0.5 -2.5 -2.5 -0.5 2.5 0.5 -0.5 -0.5 1.5 -1.5 0.5 ];
sentences = {'34226' '06251' '29744' '10681' '21080' '07970' '63558' '44697' '98162' '51417' '85813' '46393' '95162' '33528' '82009' '50976' '12339' '78835' '69444' '77705' };
offsets = [12831 14765 7116 8822 20092 19642 9546 12813 22506 757 818 33226 9405 36108 15707 11620 12093 17107 17431 5823 ];

