target=0.50;discardreversals=2;startvalue=0.00;steps=[4  2  1];selfservice=0;
threshold = [-1.50 ];
values = [0.00 2.00 -4.00 -1.00 -2.50 0.00 -2.50 -2.00 -0.50 -3.00 -1.50 -3.00 -1.50 -3.00 -3.50 -6.00 -3.50 -2.00 0.50 2.00 ];
reversals = [0 -1 1 -1 1 -1 1 0 -1 1 -1 1 -1 0 0 1 0 0 0 -1 ];
measures = [0 0 0 1 1 1 1 1 1 1 1 1 1 1 1 1 1 1 1 1 ];
presentations = [1 2 3 4 5 6 7 8 9 10 11 12 13 14 15 16 17 18 19 20 ];
answers = [2 4 1 4 0 5 2 1 5 1 4 1 4 3 5 0 1 0 1 3 ];
adjustments = [2 -6 3 -1.5 2.5 -2.5 0.5 1.5 -2.5 1.5 -1.5 1.5 -1.5 -0.5 -2.5 2.5 1.5 2.5 1.5 -0.5 ];
sentences = {'89135' '23081' '34994' '47048' '47173' '18314' '09216' '33980' '52277' '51437' '24621' '65555' '18348' '95569' '92629' '70762' '76802' '00456' '86800' '61793' };
offsets = [20288 942 27385 8672 4272 4655 17030 31002 18383 7548 10161 5512 6799 21052 31482 231 20982 19382 10778 12473 ];

