target=0.75;minreversals=14;discardreversals=4;minmeasures=25;startvalue=70.00;steps=[4  4  2  1];feedback=0;
threshold = [105.50 ];
values = [86.00 82.00 78.00 74.00 86.00 82.00 82.00 82.00 82.00 82.00 88.00 88.00 92.00 92.00 92.00 92.00 92.00 95.00 99.00 99.00 99.00 102.00 101.00 100.00 100.00 100.00 99.00 102.00 101.00 100.00 104.00 107.00 111.00 111.00 111.00 111.00 110.00 109.00 109.00 109.00 108.00 107.00 106.00 106.00 105.00 105.00 104.00 103.00 102.00 101.00 100.00 99.00 99.00 99.00 99.00 99.00 99.00 99.00 99.00 99.00 102.00 106.00 106.00 105.00 108.00 112.00 112.00 115.00 114.00 114.00 114.00 114.00 117.00 116.00 115.00 ];
reversals = [0 0 0 1 -1 0 0 0 0 1 0 0 0 0 0 0 0 0 0 0 0 -1 0 0 0 0 1 -1 0 1 0 0 0 0 0 -1 0 0 0 0 0 0 0 0 0 0 0 0 0 0 0 0 0 0 0 0 0 0 0 1 0 0 -1 1 0 0 0 -1 0 0 0 1 -1 0 0 ];
measures = [0 0 0 0 0 0 0 0 0 0 0 0 0 0 0 0 0 0 0 0 0 0 0 0 0 0 1 1 1 1 1 1 1 1 1 1 1 1 1 1 1 1 1 1 1 1 1 1 1 1 1 1 1 1 1 1 1 1 1 1 1 1 1 1 1 1 1 1 1 1 1 1 1 1 1 ];
presentations = [1 1 1 1 1 0 0 0 0 1 0 0 0 0 0 0 1 0 0 0 1 1 1 0 0 1 1 1 1 0 1 0 0 0 0 1 1 0 0 1 1 1 0 1 0 1 1 1 1 1 1 0 0 0 0 0 0 0 0 1 0 0 1 1 0 0 1 1 0 0 0 1 1 1 1 ];
answers = [1 1 1 0 1 0 0 0 0 0 0 1 0 0 0 0 0 1 0 0 0 1 1 0 0 1 0 1 1 1 0 1 0 0 0 1 1 0 0 1 1 1 0 1 0 1 1 1 1 1 1 0 0 0 0 0 0 0 0 0 1 0 1 0 1 0 0 1 0 0 0 0 1 1 1 ];
adjustments = [-4 -4 -4 12 -4 0 0 0 0 6 0 4 0 0 0 0 3 4 0 0 3 -1 -1 0 0 -1 3 -1 -1 4 3 4 0 0 0 -1 -1 0 0 -1 -1 -1 0 -1 0 -1 -1 -1 -1 -1 -1 0 0 0 0 0 0 0 0 3 4 0 -1 3 4 0 3 -1 0 0 0 3 -1 -1 -1 ];

