target=0.50;discardreversals=2;startvalue=0.00;steps=[4  2  1];selfservice=0;
threshold = [-5.00 ];
values = [0.00 -2.00 -8.00 -2.00 -5.00 -6.50 -7.00 -9.50 -8.00 -5.50 -6.00 -4.50 -5.00 -3.50 -6.00 -3.50 -5.00 -4.50 -4.00 -4.50 ];
reversals = [0 0 1 -1 0 0 0 1 0 -1 1 -1 1 -1 1 -1 1 0 -1 1 ];
measures = [0 0 0 0 0 0 0 1 1 1 1 1 1 1 1 1 1 1 1 1 ];
presentations = [1 2 3 4 5 6 7 8 9 10 11 12 13 14 15 16 17 18 19 20 ];
answers = [3 4 1 4 4 3 5 1 0 3 1 3 1 5 0 4 2 2 3 2 ];
adjustments = [-2 -6 6 -3 -1.5 -0.5 -2.5 1.5 2.5 -0.5 1.5 -0.5 1.5 -2.5 2.5 -1.5 0.5 0.5 -0.5 0.5 ];
sentences = {'24318' '66553' '45923' '36514' '77974' '87470' '82487' '59026' '31601' '22336' '90790' '70287' '54841' '15149' '11755' '03262' '93692' '69009' '48835' '08168' };
offsets = [4675616 367886 3582428 2744083 3387493 3880407 3966271 2625509 2458845 1814241 3089655 1002588 1188244 4486594 2114096 2845882 3813056 3701586 3977772 2126979 ];

