target=0.50;discardreversals=2;startvalue=0.00;steps=[4  2  1];selfservice=0;
threshold = [-2.75 ];
values = [0.00 -2.00 -8.00 2.00 -1.00 -2.50 -4.00 -1.50 0.00 -1.50 -3.00 -2.50 -4.00 -1.50 -2.00 -2.50 -3.00 -2.50 -2.00 0.50 ];
reversals = [0 0 1 -1 0 0 1 0 -1 0 1 -1 1 -1 0 0 1 0 0 -1 ];
measures = [0 0 0 0 0 0 1 1 1 1 1 1 1 1 1 1 1 1 1 1 ];
presentations = [1 2 3 4 5 6 7 8 9 10 11 12 13 14 15 16 17 18 19 20 ];
answers = [3 4 0 4 4 4 0 1 4 4 2 4 0 3 3 3 2 2 0 5 ];
adjustments = [-2 -6 10 -3 -1.5 -1.5 2.5 1.5 -1.5 -1.5 0.5 -1.5 2.5 -0.5 -0.5 -0.5 0.5 0.5 2.5 -2.5 ];
sentences = {'34994' '39994' '26626' '72141' '94067' '47173' '09216' '23081' '43285' '70762' '51779' '92629' '86800' '51437' '18348' '67850' '65555' '18502' '80338' '05413' };
offsets = [4429 11183 19817 8747 16505 305 31506 19355 18776 534 11336 26968 9628 24438 14823 3655 6661 21797 21063 24398 ];

