target=0.50;discardreversals=2;startvalue=0.00;steps=[4  2  1];selfservice=0;
threshold = [-18.50 ];
values = [5.00 -1.00 -7.00 -17.00 -19.00 -21.00 -23.00 -13.00 -16.00 -18.50 -21.00 -19.50 -17.00 -18.50 -18.00 -19.50 -20.00 -21.50 -21.00 -19.50 ];
reversals = [0 0 0 0 0 0 1 -1 0 0 1 0 -1 1 -1 0 0 1 0 0 ];
measures = [0 0 0 0 0 0 0 0 0 0 1 1 1 1 1 1 1 1 1 1 ];
presentations = [1 2 3 4 5 6 7 8 9 10 11 12 13 14 15 16 17 18 19 20 ];
answers = [4 4 5 3 3 3 0 4 5 5 1 0 4 2 4 3 4 2 1 2 ];
adjustments = [-6 -6 -10 -2 -2 -2 10 -3 -2.5 -2.5 1.5 2.5 -1.5 0.5 -1.5 -0.5 -1.5 0.5 1.5 0.5 ];
sentences = {'22336' '77974' '90790' '15149' '59026' '70287' '03262' '11755' '87470' '82487' '54841' '31601' '24318' '66553' '93692' '45923' '69009' '36514' '08168' '48835' };
offsets = [72737 71420 52838 50353 4655 10452 32700 56859 3056 26788 24546 78532 66923 22453 58879 23471 56413 87923 64751 34864 ];

