target=0.75;minreversals=14;discardreversals=4;minmeasures=25;startvalue=60.00;steps=[8  8  4  2];feedback=0;
threshold = [99.00 ];
values = [60.00 84.00 108.00 132.00 164.00 188.00 220.00 212.00 204.00 196.00 188.00 188.00 188.00 188.00 188.00 180.00 180.00 180.00 180.00 180.00 180.00 180.00 180.00 180.00 180.00 180.00 180.00 180.00 180.00 180.00 172.00 172.00 164.00 156.00 148.00 140.00 132.00 124.00 124.00 124.00 116.00 108.00 100.00 92.00 116.00 112.00 112.00 112.00 110.00 110.00 108.00 108.00 116.00 116.00 116.00 122.00 120.00 128.00 134.00 142.00 142.00 140.00 140.00 140.00 138.00 138.00 138.00 138.00 136.00 136.00 134.00 132.00 130.00 130.00 128.00 126.00 124.00 122.00 120.00 120.00 120.00 120.00 118.00 116.00 116.00 114.00 114.00 112.00 112.00 110.00 110.00 110.00 108.00 106.00 106.00 106.00 104.00 104.00 104.00 104.00 104.00 102.00 100.00 106.00 104.00 104.00 102.00 100.00 98.00 96.00 94.00 92.00 90.00 96.00 96.00 94.00 92.00 98.00 96.00 94.00 94.00 92.00 92.00 90.00 ];
reversals = [0 0 0 0 0 0 -1 0 0 0 0 0 0 0 0 0 0 0 0 0 0 0 0 0 0 0 0 0 0 0 0 0 0 0 0 0 0 0 0 0 0 0 0 1 -1 0 0 0 0 0 0 1 0 0 0 -1 1 0 0 0 -1 0 0 0 0 0 0 0 0 0 0 0 0 0 0 0 0 0 0 0 0 0 0 0 0 0 0 0 0 0 0 0 0 0 0 0 0 0 0 0 0 0 1 -1 0 0 0 0 0 0 0 0 1 0 -1 0 1 -1 0 0 0 0 0 1 ];
measures = [0 0 0 0 0 0 0 0 0 0 0 0 0 0 0 0 0 0 0 0 0 0 0 0 0 0 0 0 0 0 0 0 0 0 0 0 0 0 0 0 0 0 0 0 0 0 0 0 0 0 0 0 0 0 0 1 1 1 1 1 1 1 1 1 1 1 1 1 1 1 1 1 1 1 1 1 1 1 1 1 1 1 1 1 1 1 1 1 1 1 1 1 1 1 1 1 1 1 1 1 1 1 1 1 1 1 1 1 1 1 1 1 1 1 1 1 1 1 1 1 1 1 1 1 ];
presentations = [1 1 1 0 1 0 1 1 1 1 0 0 0 0 1 0 0 0 0 0 0 0 0 0 0 0 0 0 0 1 0 1 1 1 1 1 1 0 0 1 1 1 1 1 1 0 0 1 0 1 0 0 0 0 1 1 0 1 0 0 1 0 0 1 0 0 0 1 0 1 1 1 0 1 1 1 1 1 0 0 0 1 1 0 1 0 1 0 1 0 0 1 1 0 0 1 0 0 0 0 1 1 1 1 0 1 1 1 1 1 1 1 1 0 1 1 1 1 1 0 1 0 1 1 ];
answers = [0 0 0 1 0 1 1 1 1 1 0 0 0 0 1 0 0 0 0 0 0 0 0 0 0 0 0 0 0 1 0 1 1 1 1 1 1 0 0 1 1 1 1 0 1 0 0 1 0 1 0 1 0 0 0 1 1 0 1 0 1 0 0 1 0 0 0 1 0 1 1 1 0 1 1 1 1 1 0 0 0 1 1 0 1 0 1 0 1 0 0 1 1 0 0 1 0 0 0 0 1 1 0 1 0 1 1 1 1 1 1 1 0 0 1 1 0 1 1 0 1 0 1 0 ];
adjustments = [24 24 24 32 24 32 -8 -8 -8 -8 0 0 0 0 -8 0 0 0 0 0 0 0 0 0 0 0 0 0 0 -8 0 -8 -8 -8 -8 -8 -8 0 0 -8 -8 -8 -8 24 -4 0 0 -2 0 -2 0 8 0 0 6 -2 8 6 8 0 -2 0 0 -2 0 0 0 -2 0 -2 -2 -2 0 -2 -2 -2 -2 -2 0 0 0 -2 -2 0 -2 0 -2 0 -2 0 0 -2 -2 0 0 -2 0 0 0 0 -2 -2 6 -2 0 -2 -2 -2 -2 -2 -2 -2 6 0 -2 -2 6 -2 -2 0 -2 0 -2 6 ];

