target=0.50;discardreversals=2;startvalue=0.00;steps=[4  2  1];selfservice=0;
threshold = [-8.00 ];
values = [0.00 -6.00 -16.00 -6.00 -11.00 -10.50 -9.00 -6.50 -6.00 -7.50 -8.00 -7.50 -7.00 -6.50 -8.00 -7.50 -7.00 -6.50 -9.00 -7.50 ];
reversals = [0 0 1 -1 1 0 0 0 -1 0 1 0 0 -1 1 0 0 -1 1 0 ];
measures = [0 0 0 0 1 1 1 1 1 1 1 1 1 1 1 1 1 1 1 1 ];
presentations = [1 2 3 4 5 6 7 8 9 10 11 12 13 14 15 16 17 18 19 20 ];
answers = [4 5 0 5 2 1 0 2 4 3 2 2 2 4 2 2 2 5 1 2 ];
adjustments = [-6 -10 10 -5 0.5 1.5 2.5 0.5 -1.5 -0.5 0.5 0.5 0.5 -1.5 0.5 0.5 0.5 -2.5 1.5 0.5 ];
sentences = {'65555' '09216' '47173' '46393' '70762' '63558' '34226' '34994' '51417' '10681' '23081' '18348' '82009' '95162' '92629' '07970' '78835' '29744' '51437' '86800' };
offsets = [4461472 1094711 558559 2605141 3727089 3334408 4604103 1227470 3471510 114038 1922039 3306003 1390087 3559578 3694991 1963961 2510985 917463 552775 3705369 ];

