target=0.75;minreversals=14;discardreversals=4;minmeasures=25;startvalue=60.00;steps=[8  8  4  2];feedback=0;
threshold = [65.00 ];
values = [68.00 60.00 52.00 44.00 44.00 44.00 44.00 36.00 36.00 28.00 28.00 28.00 52.00 52.00 44.00 56.00 56.00 62.00 62.00 62.00 62.00 60.00 58.00 58.00 56.00 62.00 60.00 60.00 66.00 64.00 64.00 64.00 64.00 64.00 64.00 64.00 64.00 64.00 64.00 64.00 64.00 62.00 62.00 60.00 66.00 66.00 66.00 66.00 64.00 64.00 64.00 64.00 64.00 64.00 64.00 70.00 76.00 76.00 76.00 82.00 88.00 88.00 94.00 94.00 94.00 94.00 100.00 100.00 100.00 106.00 104.00 104.00 104.00 110.00 116.00 122.00 128.00 128.00 128.00 128.00 134.00 134.00 140.00 146.00 152.00 160.00 166.00 172.00 178.00 184.00 184.00 184.00 190.00 196.00 196.00 196.00 202.00 208.00 214.00 214.00 214.00 220.00 220.00 220.00 220.00 226.00 234.00 240.00 ];
reversals = [0 0 0 0 0 0 0 0 0 0 0 1 0 -1 1 0 0 0 0 0 -1 0 0 0 1 -1 0 1 -1 0 0 0 0 0 0 0 0 0 0 0 0 0 0 1 0 0 0 -1 0 0 0 0 0 0 1 0 0 0 0 0 0 0 0 0 0 0 0 0 0 -1 0 0 1 0 0 0 0 0 0 0 0 0 0 0 0 0 0 0 0 0 0 0 0 0 0 0 0 0 0 0 0 0 0 0 0 0 0 -1 ];
measures = [0 0 0 0 0 0 0 0 0 0 0 0 0 0 0 0 0 0 0 0 0 0 0 0 1 1 1 1 1 1 1 1 1 1 1 1 1 1 1 1 1 1 1 1 1 1 1 1 1 1 1 1 1 1 1 1 1 1 1 1 1 1 1 1 1 1 1 1 1 1 1 1 1 1 1 1 1 1 1 1 1 1 1 1 1 1 1 1 1 1 1 1 1 1 1 1 1 1 1 1 1 1 1 1 1 1 1 1 ];
presentations = [1 1 1 0 0 0 1 0 1 0 0 1 0 1 1 0 1 0 0 0 1 1 0 1 1 1 0 1 1 0 0 0 0 0 0 0 0 0 0 0 1 0 1 1 0 0 0 1 0 0 0 0 0 0 1 1 0 0 1 1 0 1 0 0 0 1 0 0 1 1 0 0 1 1 1 1 0 0 0 1 0 1 1 1 0 1 1 1 1 0 0 1 1 0 0 1 1 1 0 0 1 0 0 0 1 0 1 1 ];
answers = [1 1 1 0 0 0 1 0 1 0 0 0 0 1 0 0 0 0 0 0 1 1 0 1 0 1 0 0 1 0 0 0 0 0 0 0 0 0 0 0 1 0 1 0 0 0 0 1 0 0 0 0 0 0 0 0 0 0 0 0 0 0 0 0 0 0 0 0 0 1 0 0 0 0 0 0 0 0 0 0 0 0 0 0 1 0 0 0 0 0 0 0 0 0 0 0 0 0 0 0 0 0 0 0 0 1 0 1 ];
adjustments = [-8 -8 -8 0 0 0 -8 0 -8 0 0 24 0 -8 12 0 6 0 0 0 -2 -2 0 -2 6 -2 0 6 -2 0 0 0 0 0 0 0 0 0 0 0 -2 0 -2 6 0 0 0 -2 0 0 0 0 0 0 6 6 0 0 6 6 0 6 0 0 0 6 0 0 6 -2 0 0 6 6 6 6 0 0 0 6 0 6 6 6 8 6 6 6 6 0 0 6 6 0 0 6 6 6 0 0 6 0 0 0 6 8 6 -2 ];

