target=0.50;discardreversals=2;startvalue=0.00;steps=[4  2  1];selfservice=0;
threshold = [-12.00 ];
values = [0.00 -10.00 -12.00 -14.00 -8.00 -11.00 -8.50 -9.00 -11.50 -14.00 -13.50 -15.00 -13.50 -14.00 -11.50 -12.00 -10.50 -12.00 -11.50 -12.00 ];
reversals = [0 0 0 1 -1 1 -1 0 0 1 -1 1 -1 1 -1 1 -1 1 -1 0 ];
measures = [0 0 0 0 0 1 1 1 1 1 1 1 1 1 1 1 1 1 1 1 ];
presentations = [1 2 3 4 5 6 7 8 9 10 11 12 13 14 15 16 17 18 19 20 ];
answers = [5 3 3 1 4 0 3 5 5 2 4 1 3 0 3 1 4 2 3 4 ];
adjustments = [-10 -2 -2 6 -3 2.5 -0.5 -2.5 -2.5 0.5 -1.5 1.5 -0.5 2.5 -0.5 1.5 -1.5 0.5 -0.5 -1.5 ];
sentences = {'68271' '15952' '37886' '51195' '85813' '50976' '23448' '76600' '12339' '77705' '21080' '06251' '98162' '02737' '44697' '33528' '69444' '89364' '90013' '44529' };
offsets = [4354776 903372 1431441 4523617 3379819 1602489 3873577 2499274 2446122 2935335 866288 1209163 2910626 773018 594881 4118083 3061274 331204 4417411 3976592 ];

