target=0.50;discardreversals=2;startvalue=0.00;steps=[4  2  1];selfservice=0;
threshold = [-3.75 ];
values = [0.00 -6.00 -8.00 -2.00 -1.00 -6.00 -4.50 -3.00 -3.50 -4.00 -3.50 -4.00 -6.50 -4.00 -2.50 -4.00 -1.50 -4.00 -1.50 -1.00 ];
reversals = [0 0 1 0 -1 1 0 -1 0 1 -1 0 1 0 -1 1 -1 1 0 -1 ];
measures = [0 0 0 0 0 1 1 1 1 1 1 1 1 1 1 1 1 1 1 1 ];
presentations = [1 2 3 4 5 6 7 8 9 10 11 12 13 14 15 16 17 18 19 20 ];
answers = [4 3 1 2 5 1 1 3 3 2 3 5 0 1 4 0 5 0 2 4 ];
adjustments = [-6 -2 6 1 -5 1.5 1.5 -0.5 -0.5 0.5 -0.5 -2.5 2.5 1.5 -1.5 2.5 -2.5 2.5 0.5 -1.5 ];
sentences = {'29744' '24621' '10681' '61793' '52277' '34226' '46393' '76802' '95162' '63558' '07970' '95569' '33980' '47048' '82009' '89135' '18314' '00456' '51417' '78835' };
offsets = [10974 26156 13029 6851 8291 41926 32335 38082 8211 9610 2092 15345 29373 32971 7089 21114 1476 26880 10963 3788 ];

