target=0.50;discardreversals=2;startvalue=0.00;steps=[4  2  1];selfservice=0;
threshold = [-4.50 ];
values = [0.00 -6.00 0.00 -5.00 -4.50 -5.00 -3.50 -4.00 -2.50 -3.00 -4.50 -3.00 -2.50 -1.00 -3.50 -5.00 -4.50 -5.00 -4.50 -4.00 ];
reversals = [0 1 -1 1 -1 1 -1 1 -1 0 1 0 0 -1 0 1 -1 1 0 -1 ];
measures = [0 0 0 1 1 1 1 1 1 1 1 1 1 1 1 1 1 1 1 1 ];
presentations = [1 2 3 4 5 6 7 8 9 10 11 12 13 14 15 16 17 18 19 20 ];
answers = [4 1 5 2 3 1 3 1 3 4 1 2 1 5 4 2 3 2 2 4 ];
adjustments = [-6 6 -5 0.5 -0.5 1.5 -0.5 1.5 -0.5 -1.5 1.5 0.5 1.5 -2.5 -1.5 0.5 -0.5 0.5 0.5 -1.5 ];
sentences = {'77974' '03262' '24318' '59026' '90790' '69444' '82487' '77705' '33528' '50976' '98162' '21080' '12339' '44697' '66553' '15149' '06251' '48835' '31601' '85813' };
offsets = [27514 11383 11988 23972 9669 7308 4181 8820 9833 976 9535 11827 5640 21394 15141 3504 24427 28443 34573 21577 ];

