target=0.50;discardreversals=2;startvalue=0.00;steps=[4  2  1];selfservice=0;
threshold = [-26.50 ];
values = [5.00 -5.00 -15.00 -25.00 -23.00 -22.00 -27.00 -24.50 -27.00 -28.50 -28.00 -28.50 -26.00 -26.50 -24.00 -23.50 -26.00 -25.50 -25.00 -23.50 ];
reversals = [0 0 0 1 0 -1 1 -1 0 1 -1 1 -1 1 0 -1 1 0 0 0 ];
measures = [0 0 0 0 0 0 1 1 1 1 1 1 1 1 1 1 1 1 1 1 ];
presentations = [1 2 3 4 5 6 7 8 9 10 11 12 13 14 15 16 17 18 19 20 ];
answers = [5 5 5 2 2 5 0 5 4 2 3 0 3 0 2 5 2 2 1 2 ];
adjustments = [-10 -10 -10 2 1 -5 2.5 -2.5 -1.5 0.5 -0.5 2.5 -0.5 2.5 0.5 -2.5 0.5 0.5 1.5 0.5 ];
sentences = {'63558' '45923' '46393' '51417' '29744' '70287' '07970' '69009' '82009' '36514' '78835' '22336' '34226' '11755' '87470' '10681' '93692' '95162' '54841' '08168' };
offsets = [64027 63191 59733 5127 68453 61892 73254 78771 1586 92680 55670 58248 6048 60933 21822 35800 64945 6932 68115 50503 ];

