target=0.75;minreversals=14;discardreversals=4;minmeasures=25;startvalue=60.00;steps=[8  8  4  2];feedback=0;
threshold = [27.00 ];
values = [60.00 52.00 44.00 36.00 28.00 28.00 20.00 44.00 44.00 44.00 44.00 44.00 68.00 100.00 100.00 100.00 100.00 100.00 100.00 100.00 100.00 100.00 92.00 88.00 84.00 80.00 76.00 76.00 72.00 72.00 72.00 68.00 64.00 64.00 76.00 82.00 82.00 82.00 82.00 82.00 80.00 80.00 86.00 86.00 86.00 86.00 84.00 82.00 82.00 82.00 82.00 82.00 80.00 78.00 78.00 78.00 78.00 78.00 78.00 76.00 74.00 74.00 74.00 72.00 72.00 72.00 70.00 70.00 68.00 66.00 66.00 64.00 62.00 60.00 58.00 58.00 58.00 56.00 54.00 52.00 52.00 50.00 48.00 48.00 46.00 46.00 46.00 46.00 44.00 44.00 44.00 42.00 40.00 38.00 36.00 36.00 34.00 32.00 30.00 28.00 28.00 28.00 28.00 28.00 26.00 26.00 24.00 24.00 24.00 24.00 22.00 28.00 26.00 26.00 26.00 26.00 26.00 26.00 24.00 22.00 28.00 28.00 28.00 26.00 26.00 24.00 22.00 22.00 22.00 28.00 26.00 24.00 22.00 20.00 26.00 ];
reversals = [0 0 0 0 0 0 1 0 0 0 0 0 0 0 0 0 0 0 0 0 0 -1 0 0 0 0 0 0 0 0 0 0 0 1 0 0 0 0 0 -1 0 1 0 0 0 -1 0 0 0 0 0 0 0 0 0 0 0 0 0 0 0 0 0 0 0 0 0 0 0 0 0 0 0 0 0 0 0 0 0 0 0 0 0 0 0 0 0 0 0 0 0 0 0 0 0 0 0 0 0 0 0 0 0 0 0 0 0 0 0 0 1 -1 0 0 0 0 0 0 0 1 0 0 -1 0 0 0 0 0 1 -1 0 0 0 1 -1 ];
measures = [0 0 0 0 0 0 0 0 0 0 0 0 0 0 0 0 0 0 0 0 0 0 0 0 0 0 0 0 0 0 0 0 0 0 0 0 0 0 0 0 0 1 1 1 1 1 1 1 1 1 1 1 1 1 1 1 1 1 1 1 1 1 1 1 1 1 1 1 1 1 1 1 1 1 1 1 1 1 1 1 1 1 1 1 1 1 1 1 1 1 1 1 1 1 1 1 1 1 1 1 1 1 1 1 1 1 1 1 1 1 1 1 1 1 1 1 1 1 1 1 1 1 1 1 1 1 1 1 1 1 1 1 1 1 1 ];
presentations = [1 1 1 1 0 1 1 0 0 0 0 1 0 0 0 0 0 0 0 0 0 1 1 1 1 1 0 1 0 0 1 1 0 1 1 0 0 0 0 1 0 1 0 0 0 1 1 0 0 0 0 1 1 0 0 0 0 0 1 1 0 0 1 0 0 1 0 1 1 0 1 1 1 1 0 0 1 1 1 0 1 1 0 1 0 0 0 1 0 0 1 1 1 1 0 1 1 1 1 0 0 0 0 1 0 1 0 0 0 1 1 1 0 0 0 0 0 1 1 1 0 0 1 0 1 1 0 0 1 1 1 1 1 1 1 ];
answers = [1 1 1 1 0 1 0 0 0 0 0 0 1 0 0 0 0 0 0 0 0 1 1 1 1 1 0 1 0 0 1 1 0 0 0 0 0 0 0 1 0 0 0 0 0 1 1 0 0 0 0 1 1 0 0 0 0 0 1 1 0 0 1 0 0 1 0 1 1 0 1 1 1 1 0 0 1 1 1 0 1 1 0 1 0 0 0 1 0 0 1 1 1 1 0 1 1 1 1 0 0 0 0 1 0 1 0 0 0 1 0 1 0 0 0 0 0 1 1 0 0 0 1 0 1 1 0 0 0 1 1 1 1 0 1 ];
adjustments = [-8 -8 -8 -8 0 -8 24 0 0 0 0 24 32 0 0 0 0 0 0 0 0 -8 -4 -4 -4 -4 0 -4 0 0 -4 -4 0 12 6 0 0 0 0 -2 0 6 0 0 0 -2 -2 0 0 0 0 -2 -2 0 0 0 0 0 -2 -2 0 0 -2 0 0 -2 0 -2 -2 0 -2 -2 -2 -2 0 0 -2 -2 -2 0 -2 -2 0 -2 0 0 0 -2 0 0 -2 -2 -2 -2 0 -2 -2 -2 -2 0 0 0 0 -2 0 -2 0 0 0 -2 6 -2 0 0 0 0 0 -2 -2 6 0 0 -2 0 -2 -2 0 0 6 -2 -2 -2 -2 6 -2 ];

