target=0.50;discardreversals=2;startvalue=0.00;steps=[4  2  1];selfservice=0;
threshold = [-3.50 ];
values = [0.00 -2.00 -4.00 -2.00 -1.00 -6.00 -3.50 -4.00 -5.50 -3.00 -3.50 -3.00 -4.50 -3.00 -3.50 -2.00 -4.50 -5.00 -3.50 -2.00 ];
reversals = [0 0 1 0 -1 1 -1 0 1 -1 1 -1 1 -1 1 -1 0 1 0 0 ];
measures = [0 0 0 0 0 1 1 1 1 1 1 1 1 1 1 1 1 1 1 1 ];
presentations = [1 2 3 4 5 6 7 8 9 10 11 12 13 14 15 16 17 18 19 20 ];
answers = [3 3 2 2 5 0 3 4 0 3 2 4 1 3 1 5 3 1 1 2 ];
adjustments = [-2 -2 2 1 -5 2.5 -0.5 -1.5 2.5 -0.5 0.5 -1.5 1.5 -0.5 1.5 -2.5 -0.5 1.5 1.5 0.5 ];
sentences = {'35209' '03676' '14040' '22586' '68819' '74972' '91451' '41634' '52988' '87263' '87713' '99308' '29394' '03491' '16140' '66127' '55025' '48832' '70565' '30757' };
offsets = [3198 22627 3212 27621 7076 6721 10185 12981 12935 8663 6857 17100 22071 22109 22007 38907 21115 14397 4080 2634 ];

