target=0.50;discardreversals=2;startvalue=0.00;steps=[4  2  1];selfservice=0;
threshold = [-4.00 ];
values = [0.00 -2.00 -4.00 6.00 3.00 0.50 -2.00 -3.50 -4.00 -3.50 -1.00 -3.50 -6.00 -4.50 -3.00 -2.50 -5.00 -2.50 -4.00 -2.50 ];
reversals = [0 0 1 -1 0 0 0 0 1 0 -1 0 1 0 0 -1 1 -1 1 0 ];
measures = [0 0 0 0 0 0 0 0 1 1 1 1 1 1 1 1 1 1 1 1 ];
presentations = [1 2 3 4 5 6 7 8 9 10 11 12 13 14 15 16 17 18 19 20 ];
answers = [3 3 0 4 5 5 4 3 2 0 5 5 1 1 2 5 0 4 1 1 ];
adjustments = [-2 -2 10 -3 -2.5 -2.5 -1.5 -0.5 0.5 2.5 -2.5 -2.5 1.5 1.5 0.5 -2.5 2.5 -1.5 1.5 1.5 ];
sentences = {'90013' '54841' '11755' '70287' '44529' '36514' '02737' '76600' '37886' '08168' '69009' '45923' '51195' '93692' '87470' '22336' '15952' '68271' '23448' '89364' };
offsets = [8483 11989 10159 19477 1344 37472 13459 26430 32259 29084 19546 17508 15072 11876 9348 30507 1748 19626 19027 25318 ];

