target=0.75;minreversals=14;discardreversals=4;minmeasures=25;startvalue=70.00;steps=[4  4  2  1];feedback=0;
threshold = [139.00 ];
values = [78.00 74.00 70.00 66.00 62.00 62.00 74.00 74.00 86.00 98.00 110.00 110.00 106.00 114.00 114.00 113.00 116.00 120.00 120.00 123.00 126.00 130.00 130.00 130.00 133.00 132.00 132.00 135.00 135.00 134.00 133.00 137.00 140.00 139.00 143.00 146.00 146.00 145.00 149.00 152.00 156.00 155.00 154.00 153.00 152.00 152.00 152.00 151.00 150.00 149.00 149.00 148.00 148.00 148.00 147.00 147.00 146.00 146.00 146.00 146.00 149.00 ];
reversals = [0 0 0 0 0 1 0 0 0 0 0 -1 1 0 -1 1 0 0 0 0 0 0 0 0 -1 0 1 0 -1 0 1 0 -1 1 0 0 -1 1 0 0 -1 0 0 0 0 0 0 0 0 0 0 0 0 0 0 0 0 0 0 1 0 ];
measures = [0 0 0 0 0 0 0 0 0 0 0 0 0 0 0 1 1 1 1 1 1 1 1 1 1 1 1 1 1 1 1 1 1 1 1 1 1 1 1 1 1 1 1 1 1 1 1 1 1 1 1 1 1 1 1 1 1 1 1 1 1 ];
presentations = [1 1 1 1 0 1 0 1 1 1 0 1 0 0 1 1 0 0 1 1 0 0 0 1 1 0 1 0 1 1 0 1 1 0 1 0 1 0 1 0 1 1 1 1 0 0 1 1 1 0 1 0 0 1 0 1 0 0 0 1 1 ];
answers = [1 1 1 1 0 0 0 0 0 0 0 1 1 0 1 0 1 0 0 0 1 0 0 0 1 0 0 0 1 1 1 0 1 1 0 0 1 1 0 1 1 1 1 1 0 0 1 1 1 0 1 0 0 1 0 1 0 0 0 0 0 ];
adjustments = [-4 -4 -4 -4 0 12 0 12 12 12 0 -4 8 0 -1 3 4 0 3 3 4 0 0 3 -1 0 3 0 -1 -1 4 3 -1 4 3 0 -1 4 3 4 -1 -1 -1 -1 0 0 -1 -1 -1 0 -1 0 0 -1 0 -1 0 0 0 3 3 ];

