target=0.75;minreversals=14;discardreversals=4;minmeasures=25;startvalue=70.00;steps=[4  4  2  1];feedback=0;
threshold = [94.50 ];
values = [70.00 66.00 62.00 58.00 74.00 90.00 86.00 86.00 92.00 91.00 95.00 94.00 94.00 93.00 93.00 93.00 92.00 95.00 94.00 98.00 98.00 98.00 97.00 97.00 96.00 96.00 95.00 95.00 98.00 97.00 96.00 96.00 95.00 94.00 93.00 93.00 93.00 93.00 92.00 91.00 91.00 90.00 89.00 88.00 91.00 91.00 90.00 90.00 90.00 90.00 90.00 90.00 90.00 93.00 97.00 97.00 96.00 95.00 ];
reversals = [0 0 0 1 0 -1 0 1 -1 1 -1 0 0 0 0 0 1 -1 1 0 0 -1 0 0 0 0 0 1 -1 0 0 0 0 0 0 0 0 0 0 0 0 0 0 1 0 -1 0 0 0 0 0 0 1 0 0 -1 0 0 ];
measures = [0 0 0 0 0 0 0 0 0 1 1 1 1 1 1 1 1 1 1 1 1 1 1 1 1 1 1 1 1 1 1 1 1 1 1 1 1 1 1 1 1 1 1 1 1 1 1 1 1 1 1 1 1 1 1 1 1 1 ];
presentations = [1 1 1 0 0 1 0 1 1 0 1 0 1 0 0 1 1 1 0 0 0 1 0 1 0 1 0 1 1 1 0 1 1 1 0 0 0 1 1 0 1 1 1 1 0 1 0 0 0 0 0 0 1 0 0 1 1 1 ];
answers = [1 1 1 1 1 1 0 0 1 1 1 0 1 0 0 1 0 1 1 0 0 1 0 1 0 1 0 0 1 1 0 1 1 1 0 0 0 1 1 0 1 1 1 0 0 1 0 0 0 0 0 0 0 1 0 1 1 1 ];
adjustments = [-4 -4 -4 16 16 -4 0 6 -1 4 -1 0 -1 0 0 -1 3 -1 4 0 0 -1 0 -1 0 -1 0 3 -1 -1 0 -1 -1 -1 0 0 0 -1 -1 0 -1 -1 -1 3 0 -1 0 0 0 0 0 0 3 4 0 -1 -1 -1 ];

