target=0.50;discardreversals=2;startvalue=0.00;steps=[4  2  1];selfservice=0;
threshold = [-4.50 ];
values = [0.00 -10.00 0.00 -5.00 -4.50 -5.00 -4.50 -6.00 -4.50 -2.00 -2.50 -4.00 -2.50 -4.00 -3.50 -4.00 -6.50 -4.00 -4.50 -2.00 ];
reversals = [0 1 -1 1 -1 1 -1 1 0 -1 0 1 -1 1 -1 0 1 -1 1 0 ];
measures = [0 0 0 1 1 1 1 1 1 1 1 1 1 1 1 1 1 1 1 1 ];
presentations = [1 2 3 4 5 6 7 8 9 10 11 12 13 14 15 16 17 18 19 20 ];
answers = [5 0 5 2 3 2 4 1 0 3 4 1 4 2 3 5 0 3 0 2 ];
adjustments = [-10 10 -5 0.5 -0.5 0.5 -1.5 1.5 2.5 -0.5 -1.5 1.5 -1.5 0.5 -0.5 -2.5 2.5 -0.5 2.5 0.5 ];
sentences = {'92629' '66553' '70762' '77974' '82487' '03262' '24318' '47173' '18348' '15149' '51437' '59026' '90790' '65555' '48835' '86800' '23081' '31601' '34994' '09216' };
offsets = [10389 5934 217 20268 11736 25100 7505 12425 7228 7455 3620 15191 3096 4869 40203 29617 23042 26777 7223 31989 ];

