target=0.75;minreversals=14;discardreversals=4;minmeasures=25;startvalue=70.00;steps=[4  4  2  1];feedback=0;
threshold = [116.00 ];
values = [78.00 74.00 70.00 66.00 62.00 62.00 74.00 70.00 78.00 78.00 78.00 81.00 81.00 80.00 79.00 83.00 83.00 86.00 89.00 93.00 92.00 91.00 94.00 97.00 97.00 97.00 100.00 99.00 98.00 102.00 105.00 109.00 109.00 109.00 109.00 112.00 112.00 111.00 111.00 111.00 111.00 114.00 117.00 116.00 120.00 119.00 119.00 119.00 119.00 119.00 119.00 122.00 125.00 125.00 124.00 123.00 122.00 122.00 122.00 122.00 122.00 122.00 122.00 125.00 124.00 128.00 131.00 131.00 131.00 ];
reversals = [0 0 0 0 0 1 -1 1 0 0 0 0 -1 0 1 0 0 0 0 -1 0 1 0 0 0 0 -1 0 1 0 0 0 0 0 0 0 -1 0 0 0 1 0 -1 1 -1 0 0 0 0 0 1 0 0 -1 0 0 0 0 0 0 0 0 1 -1 1 0 0 0 0 ];
measures = [0 0 0 0 0 0 0 0 0 0 0 0 0 0 1 1 1 1 1 1 1 1 1 1 1 1 1 1 1 1 1 1 1 1 1 1 1 1 1 1 1 1 1 1 1 1 1 1 1 1 1 1 1 1 1 1 1 1 1 1 1 1 1 1 1 1 1 1 1 ];
presentations = [1 1 1 1 0 1 1 0 0 0 1 0 1 1 0 0 1 1 0 1 1 1 1 0 0 1 1 1 0 1 0 0 0 0 1 0 1 0 0 0 1 1 1 0 1 0 0 0 0 0 1 1 0 1 1 1 0 0 0 0 0 0 1 1 0 1 0 0 1 ];
answers = [1 1 1 1 0 0 1 1 0 0 0 0 1 1 1 0 0 0 1 1 1 0 0 0 0 0 1 1 1 0 1 0 0 0 0 0 1 0 0 0 0 0 1 1 1 0 0 0 0 0 0 0 0 1 1 1 0 0 0 0 0 0 0 1 1 0 0 0 0 ];
adjustments = [-4 -4 -4 -4 0 12 -4 8 0 0 3 0 -1 -1 4 0 3 3 4 -1 -1 3 3 0 0 3 -1 -1 4 3 4 0 0 0 3 0 -1 0 0 0 3 3 -1 4 -1 0 0 0 0 0 3 3 0 -1 -1 -1 0 0 0 0 0 0 3 -1 4 3 0 0 3 ];

