target=0.50;discardreversals=2;startvalue=0.00;steps=[4  2  1];selfservice=0;
threshold = [-4.50 ];
values = [0.00 -10.00 0.00 -5.00 -2.50 -5.00 -5.50 -5.00 -3.50 -6.00 -3.50 -6.00 -4.50 -4.00 -3.50 -6.00 -5.50 -4.00 -5.50 -4.00 ];
reversals = [0 1 -1 1 -1 0 1 0 -1 1 -1 1 0 0 -1 1 0 -1 1 -1 ];
measures = [0 0 0 1 1 1 1 1 1 1 1 1 1 1 1 1 1 1 1 1 ];
presentations = [1 2 3 4 5 6 7 8 9 10 11 12 13 14 15 16 17 18 19 20 ];
answers = [5 0 5 0 5 3 2 1 5 0 5 1 2 2 5 2 1 4 1 3 ];
adjustments = [-10 10 -5 2.5 -2.5 -0.5 0.5 1.5 -2.5 2.5 -2.5 1.5 0.5 0.5 -2.5 0.5 1.5 -1.5 1.5 -0.5 ];
sentences = {'41634' '82009' '95162' '22586' '29744' '55025' '87263' '99308' '78835' '30757' '16140' '34226' '74972' '51417' '10681' '68819' '63558' '03491' '07970' '46393' };
offsets = [31547 21340 3970 12014 5010 11073 7986 26694 26000 1402 23082 21502 26871 10137 4806 27703 15966 43761 14775 11995 ];

