target=0.50;discardreversals=2;startvalue=0.00;steps=[4  2  1];selfservice=0;
threshold = [-34.00 ];
values = [5.00 -5.00 -7.00 -17.00 -27.00 -33.00 -39.00 -33.00 -34.00 -33.50 -34.00 -31.50 -33.00 -34.50 -34.00 -31.50 -33.00 -34.50 -35.00 -34.50 ];
reversals = [0 0 0 0 0 0 1 -1 1 -1 1 -1 0 1 0 -1 0 0 1 0 ];
measures = [0 0 0 0 0 0 0 0 1 1 1 1 1 1 1 1 1 1 1 1 ];
presentations = [1 2 3 4 5 6 7 8 9 10 11 12 13 14 15 16 17 18 19 20 ];
answers = [5 3 5 5 4 4 1 3 2 3 0 4 4 2 0 4 4 3 2 0 ];
adjustments = [-10 -2 -10 -10 -6 -6 6 -1 0.5 -0.5 2.5 -1.5 -1.5 0.5 2.5 -1.5 -1.5 -0.5 0.5 2.5 ];
sentences = {'89135' '21080' '50976' '24621' '33980' '44697' '76802' '98162' '18314' '95569' '06251' '47048' '61793' '52277' '00456' '33528' '77705' '85813' '69444' '12339' };
offsets = [16136 34999 1463 70779 6834 27412 19187 8170 66357 32827 7043 26974 28186 75200 40235 57471 6309 43788 77754 11872 ];

