target=0.75;minreversals=14;discardreversals=4;minmeasures=25;startvalue=60.00;steps=[8  8  4  2];feedback=0;
threshold = [212.00 ];
values = [60.00 52.00 44.00 36.00 36.00 36.00 36.00 28.00 28.00 28.00 20.00 12.00 12.00 36.00 68.00 92.00 124.00 124.00 124.00 124.00 124.00 148.00 180.00 180.00 172.00 168.00 168.00 168.00 168.00 168.00 168.00 168.00 180.00 188.00 194.00 202.00 208.00 208.00 206.00 212.00 218.00 224.00 222.00 220.00 220.00 218.00 218.00 216.00 214.00 212.00 210.00 208.00 206.00 206.00 206.00 206.00 212.00 210.00 208.00 206.00 214.00 220.00 228.00 228.00 226.00 226.00 224.00 224.00 224.00 224.00 224.00 224.00 222.00 220.00 218.00 216.00 216.00 216.00 214.00 214.00 212.00 218.00 224.00 224.00 222.00 220.00 220.00 220.00 218.00 218.00 218.00 216.00 214.00 212.00 210.00 216.00 ];
reversals = [0 0 0 0 0 0 0 0 0 0 0 0 1 0 0 0 0 0 0 0 0 0 0 -1 0 0 0 0 0 0 0 1 0 0 0 0 0 -1 1 0 0 -1 0 0 0 0 0 0 0 0 0 0 0 0 0 1 -1 0 0 1 0 0 0 -1 0 0 0 0 0 0 0 0 0 0 0 0 0 0 0 0 1 0 0 -1 0 0 0 0 0 0 0 0 0 0 1 -1 ];
measures = [0 0 0 0 0 0 0 0 0 0 0 0 0 0 0 0 0 0 0 0 0 0 0 0 0 0 0 0 0 0 0 0 0 0 0 0 0 0 1 1 1 1 1 1 1 1 1 1 1 1 1 1 1 1 1 1 1 1 1 1 1 1 1 1 1 1 1 1 1 1 1 1 1 1 1 1 1 1 1 1 1 1 1 1 1 1 1 1 1 1 1 1 1 1 1 1 ];
presentations = [1 1 1 0 0 0 1 0 0 1 1 0 1 0 1 0 0 0 0 0 1 0 0 1 1 0 0 0 0 0 0 1 0 1 0 1 0 1 1 1 1 1 1 0 1 0 1 1 1 1 1 1 0 0 0 1 1 1 1 0 1 0 0 1 0 1 0 0 0 0 0 1 1 1 1 0 0 1 0 1 1 1 0 1 1 0 0 1 0 0 1 1 1 1 1 1 ];
answers = [1 1 1 0 0 0 1 0 0 1 1 0 0 1 0 1 0 0 0 0 0 1 0 1 1 0 0 0 0 0 0 0 1 0 1 0 0 1 0 0 0 1 1 0 1 0 1 1 1 1 1 1 0 0 0 0 1 1 1 1 0 1 0 1 0 1 0 0 0 0 0 1 1 1 1 0 0 1 0 1 0 0 0 1 1 0 0 1 0 0 1 1 1 1 0 1 ];
adjustments = [-8 -8 -8 0 0 0 -8 0 0 -8 -8 0 24 32 24 32 0 0 0 0 24 32 0 -8 -4 0 0 0 0 0 0 12 8 6 8 6 0 -2 6 6 6 -2 -2 0 -2 0 -2 -2 -2 -2 -2 -2 0 0 0 6 -2 -2 -2 8 6 8 0 -2 0 -2 0 0 0 0 0 -2 -2 -2 -2 0 0 -2 0 -2 6 6 0 -2 -2 0 0 -2 0 0 -2 -2 -2 -2 6 -2 ];

