target=0.50;discardreversals=2;startvalue=0.00;steps=[4  2  1];selfservice=0;
threshold = [-13.50 ];
values = [0.00 -10.00 -12.00 -18.00 -12.00 -11.00 -10.00 -9.00 -10.00 -9.50 -10.00 -12.50 -14.00 -14.50 -15.00 -13.50 -16.00 -13.50 -14.00 -14.50 ];
reversals = [0 0 0 1 0 0 0 -1 1 -1 0 0 0 0 1 -1 1 -1 0 1 ];
measures = [0 0 0 0 0 0 0 0 1 1 1 1 1 1 1 1 1 1 1 1 ];
presentations = [1 2 3 4 5 6 7 8 9 10 11 12 13 14 15 16 17 18 19 20 ];
answers = [5 3 4 1 2 2 2 3 2 3 5 4 3 3 1 5 0 3 3 0 ];
adjustments = [-10 -2 -6 6 1 1 1 -1 0.5 -0.5 -2.5 -1.5 -0.5 -0.5 1.5 -2.5 2.5 -0.5 -0.5 2.5 ];
sentences = {'87713' '91451' '92629' '09216' '35209' '70762' '14040' '23081' '03676' '52988' '86800' '48832' '65555' '70565' '51437' '47173' '18348' '29394' '66127' '34994' };
offsets = [3155420 3082861 1679103 4656442 1973743 1366723 681132 1385279 2640029 826482 4690237 210402 3297119 4243470 3415541 1303857 3247365 1292350 1566792 3234278 ];

