target=0.50;discardreversals=2;startvalue=0.00;steps=[4  2  1];selfservice=0;
threshold = [-10.50 ];
values = [0.00 -6.00 -4.00 -9.00 -8.50 -11.00 -8.50 -8.00 -7.50 -10.00 -11.50 -13.00 -10.50 -11.00 -8.50 -11.00 -12.50 -11.00 -10.50 -12.00 ];
reversals = [0 1 -1 1 -1 1 0 0 -1 0 0 1 -1 1 -1 0 1 0 -1 0 ];
measures = [0 0 0 1 1 1 1 1 1 1 1 1 1 1 1 1 1 1 1 1 ];
presentations = [1 2 3 4 5 6 7 8 9 10 11 12 13 14 15 16 17 18 19 20 ];
answers = [4 2 5 2 5 0 2 2 5 4 4 0 3 0 5 4 1 2 4 3 ];
adjustments = [-6 2 -5 0.5 -2.5 2.5 0.5 0.5 -2.5 -1.5 -1.5 2.5 -0.5 2.5 -2.5 -1.5 1.5 0.5 -1.5 -0.5 ];
sentences = {'12339' '11755' '85813' '22336' '45923' '06251' '50976' '21080' '44697' '69009' '69444' '98162' '93692' '54841' '70287' '36514' '77705' '33528' '08168' '87470' };
offsets = [3971347 299541 3151499 3363728 492928 2488397 844458 1874456 1316858 1708148 1091973 4460814 3652766 4673269 2941974 1527294 2745272 3591901 3754508 2651277 ];

