target=0.50;discardreversals=2;startvalue=0.00;steps=[4  2  1];selfservice=0;
%parameters=icra1,41
threshold = [-3.00 ];
values = [0.00 -10.00 0.00 -5.00 -2.50 -3.00 -5.50 -3.00 -2.50 -1.00 -3.50 -3.00 -0.50 -3.00 -2.50 -5.00 -4.50 -3.00 -4.50 -3.00 ];
reversals = [0 1 -1 1 -1 0 1 0 0 -1 1 0 -1 1 -1 1 0 -1 1 0 ];
measures = [0 0 0 1 1 1 1 1 1 1 1 1 1 1 1 1 1 1 1 1 ];
presentations = [1 2 3 4 5 6 7 8 9 10 11 12 13 14 15 16 17 18 19 20 ];
answers = [5 0 5 0 3 5 0 2 1 5 2 0 5 2 5 2 1 4 1 2 ];
adjustments = [-10 10 -5 2.5 -0.5 -2.5 2.5 0.5 1.5 -2.5 0.5 2.5 -2.5 0.5 -2.5 0.5 1.5 -1.5 1.5 0.5 ];
sentences = {'52277' '95162' '47048' '46393' '95569' '76802' '33980' '63558' '00456' '51417' '29744' '34226' '10681' '82009' '24621' '78835' '18314' '07970' '89135' '61793' };
offsets = [18137 5021 4790 1921 22896 27662 426 15971 5702 11576 7361 23454 9100 14186 14282 405 24764 9242 6076 8020 ];

