target=0.75;minreversals=12;discardreversals=4;minmeasures=14;startvalue=75.00;steps=[8  4  4  2  1];feedback=0;
%parameters=1000,0.00,50
threshold = [69.50 ];
values = [75.00 67.00 59.00 83.00 83.00 99.00 111.00 107.00 107.00 107.00 107.00 103.00 103.00 99.00 99.00 99.00 99.00 95.00 95.00 95.00 95.00 91.00 87.00 83.00 79.00 75.00 75.00 75.00 75.00 71.00 71.00 67.00 63.00 75.00 75.00 73.00 72.00 72.00 71.00 70.00 69.00 68.00 68.00 67.00 71.00 70.00 70.00 69.00 69.00 68.00 72.00 71.00 70.00 69.00 68.00 67.00 66.00 70.00 69.00 69.00 73.00 73.00 73.00 73.00 72.00 71.00 70.00 70.00 70.00 70.00 ];
reversals = [0 0 1 0 0 0 -1 0 0 0 0 0 0 0 0 0 0 0 0 0 0 0 0 0 0 0 0 0 0 0 0 0 1 0 -1 0 0 0 0 0 0 0 0 1 -1 0 0 0 0 1 -1 0 0 0 0 0 1 -1 0 1 0 0 0 -1 0 0 0 0 0 0 ];
measures = [0 0 0 0 0 0 0 0 0 0 0 0 0 0 0 0 0 0 0 0 0 0 0 0 0 0 0 0 0 0 0 0 0 0 0 0 0 0 0 0 0 0 0 1 1 1 1 1 1 1 1 1 1 1 1 1 1 1 1 1 1 1 1 1 1 1 1 1 1 1 ];
presentations = [1 1 1 0 0 1 1 0 0 0 1 0 1 0 0 0 1 0 0 0 1 1 1 1 1 0 0 0 1 0 1 1 1 0 1 1 0 1 1 1 1 0 1 0 1 0 1 0 1 0 1 1 1 1 1 1 0 1 0 0 0 0 0 1 1 1 0 0 0 1 ];
answers = [1 1 0 0 1 0 1 0 0 0 1 0 1 0 0 0 1 0 0 0 1 1 1 1 1 0 0 0 1 0 1 1 0 0 1 1 0 1 1 1 1 0 1 1 1 0 1 0 1 1 1 1 1 1 1 1 1 1 0 1 0 0 0 1 1 1 0 0 0 1 ];
adjustments = [-8 -8 24 0 16 12 -4 0 0 0 -4 0 -4 0 0 0 -4 0 0 0 -4 -4 -4 -4 -4 0 0 0 -4 0 -4 -4 12 0 -2 -1 0 -1 -1 -1 -1 0 -1 4 -1 0 -1 0 -1 4 -1 -1 -1 -1 -1 -1 4 -1 0 4 0 0 0 -1 -1 -1 0 0 0 -1 ];

