target=0.50;discardreversals=2;startvalue=0.00;steps=[4  2  1];selfservice=0;
%parameters=icra5.250,65,re
threshold = [-17.00 ];
values = [0.00 -10.00 -12.00 -18.00 -20.00 -14.00 -13.00 -12.00 -9.00 -12.00 -14.50 -16.00 -18.50 -17.00 -14.50 -12.00 -13.50 -14.00 -16.50 -17.00 ];
reversals = [0 0 0 0 1 0 0 0 -1 0 0 0 1 0 0 -1 0 0 0 1 ];
measures = [0 0 0 0 0 0 0 0 0 0 0 0 1 1 1 1 1 1 1 1 ];
presentations = [1 2 3 4 5 6 7 8 9 10 11 12 13 14 15 16 17 18 19 20 ];
answers = [5 3 4 3 1 2 2 1 4 5 4 5 1 0 0 4 3 5 3 0 ];
adjustments = [-10 -2 -6 -2 6 1 1 3 -3 -2.5 -1.5 -2.5 1.5 2.5 2.5 -1.5 -0.5 -2.5 -0.5 2.5 ];
sentences = {'80338' '72141' '50976' '69444' '12339' '06251' '51779' '21080' '39994' '33528' '18502' '94067' '05413' '43285' '85813' '26626' '67850' '98162' '44697' '77705' };
offsets = [2319625 83447 2010071 2839435 301544 3464375 728766 3692924 2144062 1123331 17739 68893 204841 437356 3546820 2824635 113382 3130301 2623507 593112 ];

