target=0.50;discardreversals=2;startvalue=0.00;steps=[4  2  1];selfservice=0;
%parameters=icra1,65,re
threshold = [-5.00 ];
values = [0.00 -6.00 4.00 -1.00 -3.50 -3.00 -4.50 -3.00 -5.50 -4.00 -4.50 -6.00 -3.50 -6.00 -7.50 -5.00 -7.50 -6.00 -6.50 -8.00 ];
reversals = [0 1 -1 0 1 -1 1 -1 1 -1 0 1 -1 0 1 -1 1 -1 0 1 ];
measures = [0 0 0 0 1 1 1 1 1 1 1 1 1 1 1 1 1 1 1 1 ];
presentations = [1 2 3 4 5 6 7 8 9 10 11 12 13 14 15 16 17 18 19 20 ];
answers = [4 0 5 5 2 4 1 5 1 3 4 0 5 4 0 5 1 3 4 0 ];
adjustments = [-6 10 -5 -2.5 0.5 -1.5 1.5 -2.5 1.5 -0.5 -1.5 2.5 -2.5 -1.5 2.5 -2.5 1.5 -0.5 -1.5 2.5 ];
sentences = {'43285' '33528' '80338' '77705' '39994' '69444' '51779' '06251' '50976' '21080' '26626' '72141' '18502' '44697' '67850' '05413' '12339' '98162' '94067' '85813' };
offsets = [21911 6976 16888 1484 18664 18986 14954 36379 19085 13509 32071 15235 7098 13186 15273 10453 18047 3829 25870 11541 ];

