target=0.50;discardreversals=2;startvalue=0.00;steps=[4  2  1];selfservice=0;
%parameters=icra5.250,65,train
threshold = [-11.00 ];
values = [0.00 -10.00 -4.00 -9.00 -9.50 -10.00 -12.50 -13.00 -11.50 -10.00 -7.50 -8.00 -10.50 -11.00 -10.50 -12.00 -9.50 -8.00 -10.50 -12.00 ];
reversals = [0 1 -1 0 0 0 0 1 0 0 -1 0 0 1 -1 1 0 -1 0 1 ];
measures = [0 0 0 0 0 0 0 1 1 1 1 1 1 1 1 1 1 1 1 1 ];
presentations = [1 2 3 4 5 6 7 8 9 10 11 12 13 14 15 16 17 18 19 20 ];
answers = [5 1 5 3 3 5 3 1 1 0 3 5 3 2 4 0 1 5 4 1 ];
adjustments = [-10 6 -5 -0.5 -0.5 -2.5 -0.5 1.5 1.5 2.5 -0.5 -2.5 -0.5 0.5 -1.5 2.5 1.5 -2.5 -1.5 1.5 ];
sentences = {'12339' '44529' '37886' '50976' '68271' '15952' '44697' '33528' '51195' '89364' '23448' '85813' '76600' '98162' '90013' '02737' '77705' '06251' '21080' '69444' };
offsets = [4663112 231870 3772158 4080644 1247552 3934253 1468639 1983612 2010429 148648 602335 995338 3217561 759823 4684601 1000273 3235425 4441850 3404224 4451573 ];

