target=0.50;discardreversals=2;startvalue=0.00;steps=[4  2  1];selfservice=0;
%parameters=icra1,31
threshold = [-2.00 ];
values = [0.00 -6.00 4.00 1.00 -1.50 -4.00 -6.50 -4.00 -2.50 -2.00 -3.50 -1.00 -0.50 -2.00 -0.50 -3.00 -0.50 -2.00 -1.50 0.00 ];
reversals = [0 1 -1 0 0 0 1 0 0 -1 1 0 -1 1 -1 1 -1 1 0 -1 ];
measures = [0 0 0 0 0 0 1 1 1 1 1 1 1 1 1 1 1 1 1 1 ];
presentations = [1 2 3 4 5 6 7 8 9 10 11 12 13 14 15 16 17 18 19 20 ];
answers = [4 0 4 5 5 5 0 1 2 4 0 2 4 1 5 0 4 2 1 5 ];
adjustments = [-6 10 -3 -2.5 -2.5 -2.5 2.5 1.5 0.5 -1.5 2.5 0.5 -1.5 1.5 -2.5 2.5 -1.5 0.5 1.5 -2.5 ];
sentences = {'76600' '44529' '89364' '82009' '07970' '10681' '51417' '23448' '51195' '37886' '90013' '02737' '95162' '29744' '68271' '46393' '78835' '34226' '15952' '63558' };
offsets = [31984 35603 18203 6214 11951 3152 3328 18768 10835 20828 8668 13281 9576 9075 5818 27436 7177 24879 1800 18275 ];

