target=0.50;discardreversals=2;startvalue=0.00;steps=[4  2  1];selfservice=0;
%parameters=icra1,65,train
threshold = [-4.00 ];
values = [0.00 -10.00 0.00 -5.00 -7.50 -5.00 -4.50 -3.00 -5.50 -4.00 -5.50 -3.00 -4.50 -5.00 -3.50 -4.00 -2.50 -2.00 -4.50 -4.00 ];
reversals = [0 1 -1 0 1 0 0 -1 1 -1 1 -1 0 1 -1 1 0 -1 1 0 ];
measures = [0 0 0 0 1 1 1 1 1 1 1 1 1 1 1 1 1 1 1 1 ];
presentations = [1 2 3 4 5 6 7 8 9 10 11 12 13 14 15 16 17 18 19 20 ];
answers = [5 0 5 5 0 2 1 5 1 4 0 4 3 1 3 1 2 5 2 1 ];
adjustments = [-10 10 -5 -2.5 2.5 0.5 1.5 -2.5 1.5 -1.5 2.5 -1.5 -0.5 1.5 -0.5 1.5 0.5 -2.5 0.5 1.5 ];
sentences = {'05413' '51779' '06251' '85813' '12339' '80338' '72141' '26626' '44697' '43285' '77705' '21080' '94067' '50976' '18502' '39994' '67850' '33528' '69444' '98162' };
offsets = [7975 18360 31610 8004 12674 12956 13566 31336 29001 5244 1011 1367 33109 19403 8205 18709 1584 18447 4406 13290 ];

