target=0.50;discardreversals=2;startvalue=0.00;steps=[4  2  1];selfservice=0;
%parameters=icra1,65
threshold = [-5.50 ];
values = [0.00 -10.00 0.00 -5.00 -5.50 -4.00 -3.50 -5.00 -5.50 -6.00 -4.50 -3.00 -5.50 -4.00 -6.50 -4.00 -6.50 -4.00 -5.50 -7.00 ];
reversals = [0 1 -1 0 1 0 -1 0 0 1 0 -1 1 -1 1 -1 1 -1 0 1 ];
measures = [0 0 0 0 1 1 1 1 1 1 1 1 1 1 1 1 1 1 1 1 ];
presentations = [1 2 3 4 5 6 7 8 9 10 11 12 13 14 15 16 17 18 19 20 ];
answers = [5 0 5 3 1 2 4 3 3 1 1 5 1 5 0 5 0 4 4 1 ];
adjustments = [-10 10 -5 -0.5 1.5 0.5 -1.5 -0.5 -0.5 1.5 1.5 -2.5 1.5 -2.5 2.5 -2.5 2.5 -1.5 -1.5 1.5 ];
sentences = {'31601' '63558' '29744' '15149' '59026' '90790' '95162' '48835' '78835' '24318' '82009' '07970' '34226' '82487' '46393' '51417' '03262' '10681' '66553' '77974' };
offsets = [8062 17109 8758 4002 2063 7906 6331 11801 22162 18024 18965 34718 307 11863 23165 22538 229 1408 13656 3503 ];

