target=0.50;discardreversals=2;startvalue=0.00;steps=[4  2  1];selfservice=0;
%parameters=quiet,65
threshold = [-45.50 ];
values = [0.00 -10.00 -20.00 -30.00 -40.00 -46.00 -44.00 -43.00 -44.00 -46.50 -45.00 -45.50 -43.00 -44.50 -46.00 -44.50 -46.00 -44.50 -46.00 -48.50 ];
reversals = [0 0 0 0 0 1 0 -1 0 1 -1 1 -1 0 1 -1 1 -1 0 1 ];
measures = [0 0 0 0 0 0 0 0 0 1 1 1 1 1 1 1 1 1 1 1 ];
presentations = [1 2 3 4 5 6 7 8 9 10 11 12 13 14 15 16 17 18 19 20 ];
answers = [5 5 5 5 4 2 2 3 5 1 3 0 4 4 1 4 1 4 5 0 ];
adjustments = [-10 -10 -10 -10 -6 2 1 -1 -2.5 1.5 -0.5 2.5 -1.5 -1.5 1.5 -1.5 1.5 -1.5 -2.5 2.5 ];
sentences = {'95162' '36514' '08168' '51417' '34226' '46393' '93692' '29744' '10681' '54841' '22336' '78835' '82009' '69009' '70287' '45923' '63558' '07970' '87470' '11755' };
offsets = [32082 52319 80420 20954 1015 55354 84718 42711 56582 70019 53300 36665 35175 47748 61088 57999 48964 9241 23092 42758 ];

