target=0.50;discardreversals=2;startvalue=0.00;steps=[4  2  1];selfservice=0;
%parameters=icra5.250,65
threshold = [-13.50 ];
values = [0.00 -10.00 -16.00 -10.00 -15.00 -13.50 -15.00 -15.50 -15.00 -14.50 -14.00 -13.50 -13.00 -12.50 -13.00 -13.50 -11.00 -11.50 -12.00 -13.50 ];
reversals = [0 0 1 -1 1 -1 0 1 0 0 0 0 0 -1 0 1 -1 0 0 1 ];
measures = [0 0 0 0 1 1 1 1 1 1 1 1 1 1 1 1 1 1 1 1 ];
presentations = [1 2 3 4 5 6 7 8 9 10 11 12 13 14 15 16 17 18 19 20 ];
answers = [5 4 1 5 1 4 3 2 2 2 2 2 2 3 3 0 3 3 4 1 ];
adjustments = [-10 -6 6 -5 1.5 -1.5 -0.5 0.5 0.5 0.5 0.5 0.5 0.5 -0.5 -0.5 2.5 -0.5 -0.5 -1.5 1.5 ];
sentences = {'15952' '89364' '16140' '87263' '76600' '68819' '22586' '03491' '37886' '30757' '74972' '99308' '55025' '41634' '51195' '44529' '90013' '23448' '02737' '68271' };
offsets = [2846014 206437 2314298 2327459 2792562 1261667 206403 4442210 2886930 1649168 942319 4103858 1728223 2302562 210298 737941 1708369 2628504 2935021 4695604 ];

