target=0.50;discardreversals=2;startvalue=0.00;steps=[4  2  1];selfservice=0;
%parameters=babble,65
threshold = [-4.00 ];
values = [0.00 2.00 -8.00 -3.00 -2.50 -5.00 -3.50 -5.00 -3.50 -2.00 -4.50 -4.00 -3.50 -5.00 -2.50 -3.00 -5.50 -3.00 -4.50 -2.00 ];
reversals = [0 -1 1 0 -1 1 -1 1 0 -1 1 0 -1 1 -1 0 1 -1 1 0 ];
measures = [0 0 0 0 1 1 1 1 1 1 1 1 1 1 1 1 1 1 1 1 ];
presentations = [1 2 3 4 5 6 7 8 9 10 11 12 13 14 15 16 17 18 19 20 ];
answers = [2 5 0 2 5 1 4 1 1 5 2 2 4 0 3 5 0 4 0 1 ];
adjustments = [2 -10 5 0.5 -2.5 1.5 -1.5 1.5 1.5 -2.5 0.5 0.5 -1.5 2.5 -0.5 -2.5 2.5 -1.5 2.5 1.5 ];
sentences = {'12339' '59026' '98162' '06251' '21080' '44697' '69444' '03262' '66553' '24318' '85813' '33528' '48835' '77974' '77705' '82487' '50976' '15149' '90790' '31601' };
offsets = [24688 25369 32489 43355 1949 3249 16774 38066 33040 15325 24632 44134 10322 16650 8900 622 10217 2559 14495 6229 ];

