target=0.50;discardreversals=2;startvalue=0.00;steps=[4  2  1];selfservice=0;
threshold = [-2.50 ];
values = [0.00 2.00 -8.00 -3.00 -1.50 -2.00 -3.50 -2.00 -2.50 -5.00 -2.50 0.00 -2.50 -4.00 -1.50 -3.00 -3.50 -1.00 -2.50 -3.00 ];
reversals = [0 -1 1 0 -1 0 1 -1 0 1 0 -1 0 1 -1 0 1 -1 0 1 ];
measures = [0 0 0 0 1 1 1 1 1 1 1 1 1 1 1 1 1 1 1 1 ];
presentations = [1 2 3 4 5 6 7 8 9 10 11 12 13 14 15 16 17 18 19 20 ];
answers = [2 5 0 1 3 4 1 3 5 0 0 5 4 0 4 3 0 4 3 0 ];
adjustments = [2 -10 5 1.5 -0.5 -1.5 1.5 -0.5 -2.5 2.5 2.5 -2.5 -1.5 2.5 -1.5 -0.5 2.5 -1.5 -0.5 2.5 ];
sentences = {'65555' '50976' '77705' '34994' '21080' '70762' '51437' '98162' '92629' '44697' '86800' '85813' '69444' '33528' '23081' '09216' '12339' '06251' '18348' '47173' };
offsets = [11316 18986 16831 6519 2932 426 10225 21488 27773 13732 25714 17967 14623 21837 5825 36944 9332 45811 11155 3009 ];

