target=0.50;discardreversals=2;startvalue=0.00;steps=[4  2  1];selfservice=0;
threshold = [-13.25 ];
values = [5.00 -5.00 -15.00 -9.00 -12.00 -13.50 -14.00 -13.50 -13.00 -15.50 -16.00 -13.50 -13.00 -13.50 -11.00 -12.50 -15.00 -14.50 -13.00 -14.50 ];
reversals = [0 0 1 -1 0 0 1 0 -1 0 1 0 -1 1 -1 0 1 0 -1 0 ];
measures = [0 0 0 0 0 0 1 1 1 1 1 1 1 1 1 1 1 1 1 1 ];
presentations = [1 2 3 4 5 6 7 8 9 10 11 12 13 14 15 16 17 18 19 20 ];
answers = [5 5 1 4 4 3 2 2 5 3 0 2 3 0 4 5 2 1 4 4 ];
adjustments = [-10 -10 6 -3 -1.5 -0.5 0.5 0.5 -2.5 -0.5 2.5 0.5 -0.5 2.5 -1.5 -2.5 0.5 1.5 -1.5 -1.5 ];
sentences = {'74972' '99308' '30757' '43285' '80338' '68819' '16140' '39994' '87263' '51779' '94067' '18502' '22586' '26626' '67850' '03491' '41634' '55025' '05413' '72141' };
offsets = [3512 83090 53393 19590 66578 93327 10059 53493 55670 67436 66680 62671 15495 100941 68791 4793 32259 29485 73926 7269 ];

