target=0.50;discardreversals=2;startvalue=0.00;steps=[4  2  1];selfservice=0;
threshold = [-2.75 ];
values = [0.00 -10.00 0.00 -3.00 -3.50 -5.00 -6.50 -4.00 -2.50 -3.00 -0.50 -3.00 -4.50 -2.00 -2.50 -3.00 -2.50 -3.00 -1.50 -3.00 ];
reversals = [0 1 -1 0 0 0 1 0 -1 1 -1 0 1 -1 0 1 -1 1 -1 0 ];
measures = [0 0 0 0 0 0 1 1 1 1 1 1 1 1 1 1 1 1 1 1 ];
presentations = [1 2 3 4 5 6 7 8 9 10 11 12 13 14 15 16 17 18 19 20 ];
answers = [5 0 4 3 4 4 0 1 3 0 5 4 0 3 3 2 3 1 4 5 ];
adjustments = [-10 10 -3 -0.5 -1.5 -1.5 2.5 1.5 -0.5 2.5 -2.5 -1.5 2.5 -0.5 -0.5 0.5 -0.5 1.5 -1.5 -2.5 ];
sentences = {'70762' '54841' '86800' '45923' '92629' '65555' '11755' '51437' '47173' '18348' '87470' '09216' '93692' '08168' '23081' '34994' '22336' '70287' '36514' '69009' };
offsets = [2351516 3188399 4299877 2031464 1862105 3407920 1450413 3876568 1098510 1811174 567657 767375 4144555 531921 273072 2010455 3169845 3708431 771312 4382179 ];

