target=0.50;discardreversals=2;startvalue=0.00;steps=[4  2  1];selfservice=0;
threshold = [-8.75 ];
values = [0.00 -6.00 4.00 -1.00 -2.50 -4.00 -5.50 -7.00 -4.50 -7.00 -8.50 -10.00 -8.50 -10.00 -8.50 -9.00 -7.50 -10.00 -11.50 -11.00 ];
reversals = [0 1 -1 0 0 0 0 1 -1 0 0 1 -1 1 -1 1 -1 0 1 -1 ];
measures = [0 0 0 0 0 0 0 1 1 1 1 1 1 1 1 1 1 1 1 1 ];
presentations = [1 2 3 4 5 6 7 8 9 10 11 12 13 14 15 16 17 18 19 20 ];
answers = [4 0 5 4 4 4 4 0 5 4 4 1 4 1 3 1 5 4 2 3 ];
adjustments = [-6 10 -5 -1.5 -1.5 -1.5 -1.5 2.5 -2.5 -1.5 -1.5 1.5 -1.5 1.5 -0.5 1.5 -2.5 -1.5 0.5 -0.5 ];
sentences = {'48832' '14040' '93692' '70287' '87713' '29394' '22336' '11755' '03676' '52988' '66127' '91451' '08168' '69009' '87470' '36514' '54841' '45923' '70565' '35209' };
offsets = [1155020 526333 1022764 1372236 4385449 1114244 1582659 3060232 4342778 2225216 314108 3453221 3890832 3785881 2173107 3413940 4006544 4222518 1851313 2170633 ];

