target=0.75;minreversals=14;discardreversals=4;minmeasures=25;startvalue=70.00;steps=[4  4  2  1];feedback=0;
threshold = [67.00 ];
values = [78.00 74.00 70.00 66.00 66.00 78.00 78.00 78.00 90.00 106.00 106.00 102.00 100.00 100.00 100.00 98.00 96.00 96.00 96.00 96.00 94.00 94.00 94.00 94.00 92.00 92.00 90.00 90.00 88.00 86.00 84.00 84.00 84.00 82.00 80.00 78.00 78.00 76.00 74.00 74.00 72.00 70.00 68.00 68.00 68.00 66.00 66.00 66.00 66.00 66.00 66.00 66.00 66.00 66.00 66.00 72.00 76.00 76.00 75.00 75.00 75.00 74.00 74.00 73.00 72.00 75.00 74.00 73.00 72.00 72.00 71.00 71.00 71.00 71.00 70.00 70.00 70.00 70.00 70.00 70.00 70.00 70.00 69.00 69.00 68.00 68.00 67.00 67.00 66.00 66.00 65.00 68.00 68.00 68.00 68.00 67.00 66.00 66.00 66.00 69.00 68.00 67.00 66.00 66.00 66.00 65.00 65.00 64.00 63.00 63.00 63.00 63.00 63.00 63.00 62.00 62.00 65.00 64.00 64.00 64.00 64.00 67.00 71.00 71.00 71.00 ];
reversals = [0 0 0 0 1 0 0 0 0 0 -1 0 0 0 0 0 0 0 0 0 0 0 0 0 0 0 0 0 0 0 0 0 0 0 0 0 0 0 0 0 0 0 0 0 0 0 0 0 0 0 0 0 0 0 1 0 0 -1 0 0 0 0 0 0 1 -1 0 0 0 0 0 0 0 0 0 0 0 0 0 0 0 0 0 0 0 0 0 0 0 0 1 0 0 0 -1 0 0 0 1 -1 0 0 0 0 0 0 0 0 0 0 0 0 0 0 0 1 -1 0 0 0 1 0 0 0 -1 ];
measures = [0 0 0 0 0 0 0 0 0 0 0 0 0 0 0 0 0 0 0 0 0 0 0 0 0 0 0 0 0 0 0 0 0 0 0 0 0 0 0 0 0 0 0 0 0 0 0 0 0 0 0 0 0 0 0 0 0 0 0 0 0 0 0 0 1 1 1 1 1 1 1 1 1 1 1 1 1 1 1 1 1 1 1 1 1 1 1 1 1 1 1 1 1 1 1 1 1 1 1 1 1 1 1 1 1 1 1 1 1 1 1 1 1 1 1 1 1 1 1 1 1 1 1 1 1 ];
presentations = [1 1 1 0 1 0 0 1 0 0 1 1 0 0 1 1 0 0 0 1 0 0 0 1 0 1 0 1 1 1 0 0 1 1 1 0 1 1 0 1 1 1 0 0 1 0 0 0 0 0 0 0 0 0 1 0 0 1 0 0 1 0 1 1 1 1 1 1 0 1 0 0 0 1 0 0 0 0 0 0 0 1 0 1 0 1 0 1 0 1 1 0 0 0 1 1 0 0 1 1 1 1 0 0 1 0 1 1 0 0 0 0 0 1 0 1 1 0 0 0 1 0 0 0 1 ];
answers = [1 1 1 0 0 0 0 0 1 0 1 1 0 0 1 1 0 0 0 1 0 0 0 1 0 1 0 1 1 1 0 0 1 1 1 0 1 1 0 1 1 1 0 0 1 0 0 0 0 0 0 0 0 0 0 1 0 1 0 0 1 0 1 1 0 1 1 1 0 1 0 0 0 1 0 0 0 0 0 0 0 1 0 1 0 1 0 1 0 1 0 0 0 0 1 1 0 0 0 1 1 1 0 0 1 0 1 1 0 0 0 0 0 1 0 0 1 0 0 0 0 1 0 0 1 ];
adjustments = [-4 -4 -4 0 12 0 0 12 16 0 -4 -2 0 0 -2 -2 0 0 0 -2 0 0 0 -2 0 -2 0 -2 -2 -2 0 0 -2 -2 -2 0 -2 -2 0 -2 -2 -2 0 0 -2 0 0 0 0 0 0 0 0 0 6 4 0 -1 0 0 -1 0 -1 -1 3 -1 -1 -1 0 -1 0 0 0 -1 0 0 0 0 0 0 0 -1 0 -1 0 -1 0 -1 0 -1 3 0 0 0 -1 -1 0 0 3 -1 -1 -1 0 0 -1 0 -1 -1 0 0 0 0 0 -1 0 3 -1 0 0 0 3 4 0 0 -1 ];

