target=0.50;discardreversals=2;startvalue=0.00;steps=[4  2  1];selfservice=0;
threshold = [-4.00 ];
values = [0.00 -10.00 0.00 -5.00 -6.50 -4.00 -6.50 -4.00 -6.50 -5.00 -4.50 -4.00 -3.50 -4.00 -1.50 -1.00 -3.50 -6.00 -4.50 -3.00 ];
reversals = [0 1 -1 0 1 -1 1 -1 1 0 0 0 -1 1 0 -1 0 1 0 0 ];
measures = [0 0 0 0 1 1 1 1 1 1 1 1 1 1 1 1 1 1 1 1 ];
presentations = [1 2 3 4 5 6 7 8 9 10 11 12 13 14 15 16 17 18 19 20 ];
answers = [5 0 5 4 0 5 0 5 1 2 2 2 3 0 2 5 5 1 1 2 ];
adjustments = [-10 10 -5 -1.5 2.5 -2.5 2.5 -2.5 1.5 0.5 0.5 0.5 -0.5 2.5 0.5 -2.5 -2.5 1.5 1.5 0.5 ];
sentences = {'67850' '31601' '51779' '24318' '77974' '26626' '18502' '82487' '90790' '94067' '66553' '15149' '80338' '48835' '43285' '05413' '72141' '59026' '39994' '03262' };
offsets = [7076 16488 16318 15341 1648 11847 8985 737 8749 17790 13466 9398 10730 34578 24914 26742 14643 32080 1788 22534 ];

