target=0.50;discardreversals=2;startvalue=0.00;steps=[4  2  1];selfservice=0;
threshold = [-4.50 ];
values = [0.00 -10.00 0.00 -3.00 -5.50 -7.00 -4.50 -5.00 -3.50 -5.00 -4.50 -3.00 -0.50 -3.00 -4.50 -4.00 -3.50 -6.00 -3.50 -4.00 ];
reversals = [0 1 -1 0 0 1 -1 1 -1 1 0 0 -1 0 1 0 -1 1 -1 1 ];
measures = [0 0 0 0 0 1 1 1 1 1 1 1 1 1 1 1 1 1 1 1 ];
presentations = [1 2 3 4 5 6 7 8 9 10 11 12 13 14 15 16 17 18 19 20 ];
answers = [5 0 4 5 4 0 3 1 4 2 1 0 5 4 2 2 5 0 3 0 ];
adjustments = [-10 10 -3 -2.5 -1.5 2.5 -0.5 1.5 -1.5 0.5 1.5 2.5 -2.5 -1.5 0.5 0.5 -2.5 2.5 -0.5 2.5 ];
sentences = {'51195' '76600' '89364' '23448' '86800' '15952' '47173' '51437' '68271' '02737' '65555' '23081' '34994' '37886' '92629' '09216' '90013' '44529' '70762' '18348' };
offsets = [21202 4212 26602 29969 3770 3457 30043 22740 26766 15099 2495 9593 8333 24496 26300 3957 4410 35041 196 1358 ];

