target=0.50;discardreversals=2;startvalue=0.00;steps=[4  2  1];selfservice=0;
%parameters=icra1,57
threshold = [1.50 ];
values = [0.00 6.00 0.00 3.00 1.50 2.00 1.50 4.00 1.50 0.00 1.50 0.00 2.50 1.00 3.50 2.00 -0.50 0.00 -2.50 -1.00 ];
reversals = [0 -1 1 -1 1 -1 1 -1 0 1 -1 1 -1 1 -1 0 1 -1 1 0 ];
measures = [0 0 0 1 1 1 1 1 1 1 1 1 1 1 1 1 1 1 1 1 ];
presentations = [1 2 3 4 5 6 7 8 9 10 11 12 13 14 15 16 17 18 19 20 ];
answers = [1 4 1 4 2 3 0 5 4 1 4 0 4 0 4 5 2 5 1 0 ];
adjustments = [6 -6 3 -1.5 0.5 -0.5 2.5 -2.5 -1.5 1.5 -1.5 2.5 -1.5 2.5 -1.5 -2.5 0.5 -2.5 1.5 2.5 ];
sentences = {'70762' '18348' '03262' '82487' '09216' '34994' '86800' '92629' '65555' '59026' '24318' '48835' '51437' '31601' '23081' '15149' '77974' '66553' '90790' '47173' };
offsets = [673 22944 32717 6266 21362 23841 26501 9761 5684 34641 448 25926 12935 28437 30627 11015 13697 8825 10325 29868 ];

