target=0.50;discardreversals=2;startvalue=0.00;steps=[4  2  1];selfservice=0;
%parameters=icra5.250,65
threshold = [-0.75 ];
values = [0.00 6.00 0.00 -3.00 0.00 -2.50 -1.00 -1.50 -4.00 -2.50 -2.00 -1.50 -1.00 -0.50 2.00 -0.50 -1.00 -1.50 0.00 -0.50 ];
reversals = [0 -1 0 1 -1 1 -1 0 1 0 0 0 0 0 -1 0 0 1 -1 1 ];
measures = [0 0 0 0 1 1 1 1 1 1 1 1 1 1 1 1 1 1 1 1 ];
presentations = [1 2 3 4 5 6 7 8 9 10 11 12 13 14 15 16 17 18 19 20 ];
answers = [1 4 4 1 5 1 3 5 1 2 2 2 2 0 5 3 3 1 3 1 ];
adjustments = [6 -6 -3 3 -2.5 1.5 -0.5 -2.5 1.5 0.5 0.5 0.5 0.5 2.5 -2.5 -0.5 -0.5 1.5 -0.5 1.5 ];
sentences = {'48832' '29394' '99308' '03676' '55025' '91451' '68819' '70565' '30757' '16140' '66127' '22586' '14040' '41634' '74972' '87263' '52988' '35209' '87713' '03491' };
offsets = [2592973 4367234 1569820 2451446 2424418 3966995 1864974 2670999 4465683 2252582 4191027 3821410 4335223 1943319 4313169 2924233 317592 3704280 742156 3689333 ];

