target=0.50;discardreversals=2;startvalue=0.00;steps=[4  2  1];selfservice=0;
%parameters=icra5.250,65,train
threshold = [0.75 ];
values = [0.00 10.00 0.00 3.00 0.50 0.00 1.50 0.00 2.50 1.00 1.50 1.00 1.50 2.00 -0.50 0.00 -0.50 0.00 0.50 -2.00 ];
reversals = [0 -1 1 -1 0 1 -1 1 -1 1 -1 1 0 -1 1 -1 1 0 -1 1 ];
measures = [0 0 0 1 1 1 1 1 1 1 1 1 1 1 1 1 1 1 1 1 ];
presentations = [1 2 3 4 5 6 7 8 9 10 11 12 13 14 15 16 17 18 19 20 ];
answers = [0 5 1 5 3 1 4 0 4 2 3 2 2 5 2 3 2 2 5 1 ];
adjustments = [10 -10 3 -2.5 -0.5 1.5 -1.5 2.5 -1.5 0.5 -0.5 0.5 0.5 -2.5 0.5 -0.5 0.5 0.5 -2.5 1.5 ];
sentences = {'66553' '15149' '77974' '82487' '90790' '66127' '59026' '91451' '70565' '14040' '87713' '31601' '29394' '35209' '03262' '03676' '48832' '24318' '52988' '48835' };
offsets = [307576 4671505 2702956 1724525 51493 3030014 2940449 4733131 4320588 1860979 3328951 3097362 4306830 4394031 584969 854696 234279 8179 1397882 2379127 ];

