target=0.50;discardreversals=2;startvalue=0.00;steps=[4  2  1];selfservice=0;
%parameters=icra5.250,65,re
threshold = [0.50 ];
values = [0.00 10.00 0.00 1.00 -1.50 -1.00 -1.50 0.00 1.50 3.00 0.50 -2.00 0.50 1.00 0.50 3.00 0.50 0.00 2.50 0.00 ];
reversals = [0 -1 1 -1 1 -1 1 0 0 -1 0 1 0 -1 1 -1 0 1 -1 0 ];
measures = [0 0 0 1 1 1 1 1 1 1 1 1 1 1 1 1 1 1 1 1 ];
presentations = [1 2 3 4 5 6 7 8 9 10 11 12 13 14 15 16 17 18 19 20 ];
answers = [0 5 2 5 2 3 1 1 1 5 5 0 2 3 0 5 3 0 5 4 ];
adjustments = [10 -10 1 -2.5 0.5 -0.5 1.5 1.5 1.5 -2.5 -2.5 2.5 0.5 -0.5 2.5 -2.5 -0.5 2.5 -2.5 -1.5 ];
sentences = {'76600' '37886' '44529' '77974' '68271' '15149' '59026' '51195' '31601' '15952' '90013' '24318' '48835' '03262' '90790' '23448' '02737' '89364' '66553' '82487' };
offsets = [3280390 1881698 3036581 4248977 1149768 2618350 440433 4465408 401228 1565958 760202 4798510 1460415 4356312 4030313 581467 1688682 3147365 2245750 3975358 ];

