target=0.50;discardreversals=2;startvalue=0.00;steps=[4  2  1];selfservice=0;
%parameters=icra1,65,re
threshold = [-1.50 ];
values = [0.00 -6.00 4.00 -1.00 -3.50 -5.00 -2.50 -2.00 -0.50 -1.00 1.50 0.00 -1.50 -2.00 -1.50 -2.00 -0.50 0.00 -1.50 0.00 ];
reversals = [0 1 -1 0 0 1 0 0 -1 1 -1 0 0 1 -1 1 0 -1 1 0 ];
measures = [0 0 0 0 0 1 1 1 1 1 1 1 1 1 1 1 1 1 1 1 ];
presentations = [1 2 3 4 5 6 7 8 9 10 11 12 13 14 15 16 17 18 19 20 ];
answers = [4 0 5 5 4 0 2 1 3 0 4 4 3 2 3 1 2 4 1 1 ];
adjustments = [-6 10 -5 -2.5 -1.5 2.5 0.5 1.5 -0.5 2.5 -1.5 -1.5 -0.5 0.5 -0.5 1.5 0.5 -1.5 1.5 1.5 ];
sentences = {'99308' '22586' '03676' '66127' '03491' '68819' '55025' '30757' '87713' '41634' '70565' '16140' '14040' '52988' '87263' '29394' '35209' '74972' '48832' '91451' };
offsets = [2111 5721 23676 1497 40024 19224 19508 5047 9074 15297 1302 21250 1558 1015 2073 14838 10192 4554 14779 15430 ];

