target=0.50;discardreversals=2;startvalue=0.00;steps=[4  2  1];selfservice=0;
%parameters=icra1,65,train
threshold = [1.50 ];
values = [0.00 10.00 4.00 7.00 4.50 2.00 2.50 0.00 1.50 -1.00 0.50 3.00 1.50 1.00 1.50 -1.00 1.50 0.00 -0.50 1.00 ];
reversals = [0 -1 1 -1 0 1 -1 1 -1 1 0 -1 0 1 -1 1 -1 0 1 -1 ];
measures = [0 0 0 1 1 1 1 1 1 1 1 1 1 1 1 1 1 1 1 1 ];
presentations = [1 2 3 4 5 6 7 8 9 10 11 12 13 14 15 16 17 18 19 20 ];
answers = [0 4 1 5 5 2 5 1 5 1 0 4 3 2 5 0 4 3 1 3 ];
adjustments = [10 -6 3 -2.5 -2.5 0.5 -2.5 1.5 -2.5 1.5 2.5 -1.5 -0.5 0.5 -2.5 2.5 -1.5 -0.5 1.5 -0.5 ];
sentences = {'22336' '87713' '91451' '70565' '45923' '11755' '14040' '03676' '70287' '87470' '48832' '54841' '52988' '35209' '66127' '93692' '29394' '36514' '08168' '69009' };
offsets = [7314 11982 36991 20043 7495 6935 7550 7127 4595 1629 29158 11497 9940 15396 11164 33140 183 28116 18307 29833 ];

