target=0.50;discardreversals=2;startvalue=0.00;steps=[4  2  1];selfservice=0;
%parameters=icra1,65
threshold = [0.00 ];
values = [0.00 6.00 -4.00 -1.00 0.50 0.00 2.50 0.00 -1.50 0.00 -2.50 0.00 -1.50 0.00 -1.50 -2.00 -1.50 1.00 1.50 1.00 ];
reversals = [0 -1 1 0 -1 1 -1 0 1 -1 1 -1 1 -1 0 1 0 0 -1 0 ];
measures = [0 0 0 0 1 1 1 1 1 1 1 1 1 1 1 1 1 1 1 1 ];
presentations = [1 2 3 4 5 6 7 8 9 10 11 12 13 14 15 16 17 18 19 20 ];
answers = [1 5 1 1 3 0 5 4 1 5 0 4 1 4 3 2 0 2 3 4 ];
adjustments = [6 -10 3 1.5 -0.5 2.5 -2.5 -1.5 1.5 -2.5 2.5 -1.5 1.5 -1.5 -0.5 0.5 2.5 0.5 -0.5 -1.5 ];
sentences = {'51437' '23081' '70762' '92629' '30757' '86800' '03491' '65555' '34994' '55025' '41634' '68819' '99308' '22586' '87263' '74972' '16140' '09216' '18348' '47173' };
offsets = [10622 1141 728 9188 1479 12168 27516 12718 23478 4649 14001 20218 20321 14472 19811 8934 12356 3406 13334 27919 ];

