target=0.50;discardreversals=2;startvalue=0.00;steps=[4  2  1];selfservice=0;
%parameters=quiet,65
threshold = [-14.00 ];
values = [0.00 -2.00 -12.00 -14.00 -12.00 -11.00 -10.00 -9.00 -14.00 -11.50 -13.00 -13.50 -13.00 -12.50 -13.00 -14.50 -14.00 -14.50 -16.00 -14.50 ];
reversals = [0 0 0 1 0 0 0 -1 1 -1 0 1 0 -1 0 1 -1 0 1 -1 ];
measures = [0 0 0 0 0 0 0 0 1 1 1 1 1 1 1 1 1 1 1 1 ];
presentations = [1 2 3 4 5 6 7 8 9 10 11 12 13 14 15 16 17 18 19 20 ];
answers = [3 5 3 2 2 2 2 5 0 4 3 2 2 3 4 2 3 4 1 3 ];
adjustments = [-2 -10 -2 2 1 1 1 -5 2.5 -1.5 -0.5 0.5 0.5 -0.5 -1.5 0.5 -0.5 -1.5 1.5 -0.5 ];
sentences = {'63558' '82009' '29744' '10681' '68819' '51417' '74972' '30757' '41634' '22586' '87263' '34226' '46393' '55025' '16140' '78835' '95162' '99308' '03491' '07970' };
offsets = [937 19561 46682 1954 31481 42080 62051 16748 1055 17995 36581 69721 77936 10433 64851 71474 63375 16406 21507 44450 ];

