target=0.50;discardreversals=2;startvalue=0.00;steps=[4  2  1];selfservice=0;
%parameters=babble,65
threshold = [-0.25 ];
values = [0.00 10.00 0.00 3.00 1.50 -1.00 1.50 2.00 1.50 1.00 -1.50 0.00 -0.50 2.00 1.50 -1.00 0.50 1.00 1.50 -1.00 ];
reversals = [0 -1 1 -1 0 1 0 -1 0 0 1 -1 1 -1 0 1 0 0 -1 1 ];
measures = [0 0 0 1 1 1 1 1 1 1 1 1 1 1 1 1 1 1 1 1 ];
presentations = [1 2 3 4 5 6 7 8 9 10 11 12 13 14 15 16 17 18 19 20 ];
answers = [0 5 1 4 5 0 2 3 3 5 1 3 0 3 5 1 2 2 5 2 ];
adjustments = [10 -10 3 -1.5 -2.5 2.5 0.5 -0.5 -0.5 -2.5 1.5 -0.5 2.5 -0.5 -2.5 1.5 0.5 0.5 -2.5 0.5 ];
sentences = {'26626' '80338' '66127' '03676' '87713' '18502' '39994' '29394' '67850' '05413' '48832' '72141' '94067' '51779' '35209' '91451' '43285' '14040' '70565' '52988' };
offsets = [22666 6665 41611 22671 1605 8444 16431 28186 18938 13412 1153 11230 7751 1620 435 32997 9495 4889 18330 14417 ];

