target=0.50;discardreversals=2;startvalue=0.00;steps=[4  2  1];selfservice=0;
%parameters=icra1,67
threshold = [-0.25 ];
values = [0.00 10.00 0.00 1.00 -1.50 -1.00 -1.50 -1.00 1.50 2.00 2.50 0.00 -0.50 0.00 -0.50 -1.00 -3.50 -1.00 1.50 0.00 ];
reversals = [0 -1 1 -1 1 -1 1 0 0 0 -1 0 1 -1 0 0 1 0 -1 1 ];
measures = [0 0 0 1 1 1 1 1 1 1 1 1 1 1 1 1 1 1 1 1 ];
presentations = [1 2 3 4 5 6 7 8 9 10 11 12 13 14 15 16 17 18 19 20 ];
answers = [0 5 2 5 2 3 2 0 2 2 5 3 2 3 3 5 0 0 4 2 ];
adjustments = [10 -10 1 -2.5 0.5 -0.5 0.5 2.5 0.5 0.5 -2.5 -0.5 0.5 -0.5 -0.5 -2.5 2.5 2.5 -1.5 0.5 ];
sentences = {'06251' '50976' '44697' '26626' '21080' '80338' '39994' '77705' '43285' '69444' '67850' '33528' '72141' '94067' '51779' '12339' '05413' '98162' '85813' '18502' };
offsets = [19341 14743 28927 15070 23883 14284 53 15377 14860 23929 15780 18068 1981 3142 8019 3695 25264 22 10148 18308 ];

