target=0.50;discardreversals=2;startvalue=0.00;steps=[4  2  1];selfservice=0;
%parameters=icra5.250,65,train
threshold = [-14.00 ];
values = [0.00 -10.00 0.00 -3.00 -5.50 -8.00 -7.50 -10.00 -11.50 -14.00 -12.50 -14.00 -15.50 -15.00 -15.50 -14.00 -14.50 -13.00 -14.50 -14.00 ];
reversals = [0 1 -1 0 0 1 -1 0 0 1 -1 0 1 -1 1 -1 1 -1 1 0 ];
measures = [0 0 0 0 0 1 1 1 1 1 1 1 1 1 1 1 1 1 1 1 ];
presentations = [1 2 3 4 5 6 7 8 9 10 11 12 13 14 15 16 17 18 19 20 ];
answers = [5 0 4 5 5 2 5 4 5 1 4 4 2 3 1 3 1 4 2 0 ];
adjustments = [-10 10 -3 -2.5 -2.5 0.5 -2.5 -1.5 -2.5 1.5 -1.5 -1.5 0.5 -0.5 1.5 -0.5 1.5 -1.5 0.5 2.5 ];
sentences = {'06251' '98162' '11755' '54841' '50976' '93692' '21080' '69009' '70287' '44697' '87470' '22336' '69444' '36514' '85813' '77705' '12339' '45923' '33528' '08168' };
offsets = [464744 3477030 2249076 2410787 912709 1540073 1941356 1890592 371047 1225473 1063076 4194396 337141 2941585 2005761 4517283 4719060 3444354 3113353 810915 ];

