target=0.50;discardreversals=2;startvalue=0.00;steps=[4  2  1];selfservice=0;
%parameters=quiet,65
threshold = [-43.00 ];
values = [0.00 -10.00 -20.00 -30.00 -40.00 -30.00 -35.00 -37.50 -40.00 -42.50 -43.00 -43.50 -41.00 -39.50 -40.00 -42.50 -43.00 -44.50 -45.00 -42.50 ];
reversals = [0 0 0 0 1 -1 0 0 0 0 0 1 0 -1 0 0 0 0 1 -1 ];
measures = [0 0 0 0 0 0 0 0 0 0 0 1 1 1 1 1 1 1 1 1 ];
presentations = [1 2 3 4 5 6 7 8 9 10 11 12 13 14 15 16 17 18 19 20 ];
answers = [5 5 5 5 0 5 5 5 5 3 3 0 1 3 5 3 4 3 0 4 ];
adjustments = [-10 -10 -10 -10 10 -5 -2.5 -2.5 -2.5 -0.5 -0.5 2.5 1.5 -0.5 -2.5 -0.5 -1.5 -0.5 2.5 -1.5 ];
sentences = {'39994' '30757' '18502' '74972' '41634' '68819' '51779' '94067' '05413' '26626' '16140' '72141' '80338' '67850' '22586' '87263' '03491' '43285' '55025' '99308' };
offsets = [55384 32419 60760 21169 60507 74517 56361 24223 68957 9889 72839 16903 14083 31956 47998 62611 284 80503 4382 45045 ];

