target=0.50;discardreversals=2;startvalue=0.00;steps=[4  2  1];selfservice=0;
%parameters=icra1,42
threshold = [-4.50 ];
values = [0.00 -10.00 0.00 -5.00 -6.50 -4.00 -4.50 -4.00 -3.50 -1.00 -3.50 -5.00 -4.50 -6.00 -3.50 -5.00 -5.50 -6.00 -4.50 -5.00 ];
reversals = [0 1 -1 0 1 -1 1 0 0 -1 0 1 -1 1 -1 0 0 1 -1 1 ];
measures = [0 0 0 0 1 1 1 1 1 1 1 1 1 1 1 1 1 1 1 1 ];
presentations = [1 2 3 4 5 6 7 8 9 10 11 12 13 14 15 16 17 18 19 20 ];
answers = [5 0 5 4 0 3 2 2 0 5 4 2 4 0 4 3 3 1 3 2 ];
adjustments = [-10 10 -5 -1.5 2.5 -0.5 0.5 0.5 2.5 -2.5 -1.5 0.5 -1.5 2.5 -1.5 -0.5 -0.5 1.5 -0.5 0.5 ];
sentences = {'95162' '78835' '59026' '34226' '24318' '82487' '51417' '31601' '66553' '82009' '29744' '90790' '63558' '46393' '07970' '15149' '03262' '77974' '48835' '10681' };
offsets = [5172 4903 30829 41362 9614 8345 3092 29353 10958 895 1016 2401 7197 45958 15151 307 17775 7530 32635 17272 ];

