target=0.50;discardreversals=2;startvalue=0.00;steps=[4  2  1];selfservice=0;
%parameters=icra1,32
threshold = [-3.50 ];
values = [0.00 -10.00 0.00 -5.00 -4.50 -4.00 -5.50 -4.00 -2.50 0.00 -1.50 0.00 -1.50 -3.00 -5.50 -3.00 -3.50 -6.00 -3.50 -2.00 ];
reversals = [0 1 -1 1 0 -1 1 0 0 -1 1 -1 0 0 1 -1 0 1 0 -1 ];
measures = [0 0 0 1 1 1 1 1 1 1 1 1 1 1 1 1 1 1 1 1 ];
presentations = [1 2 3 4 5 6 7 8 9 10 11 12 13 14 15 16 17 18 19 20 ];
answers = [5 0 5 2 2 4 1 1 0 4 1 4 4 5 0 3 5 0 1 4 ];
adjustments = [-10 10 -5 0.5 0.5 -1.5 1.5 1.5 2.5 -1.5 1.5 -1.5 -1.5 -2.5 2.5 -0.5 -2.5 2.5 1.5 -1.5 ];
sentences = {'36514' '70762' '93692' '09216' '86800' '87470' '47173' '54841' '11755' '08168' '65555' '23081' '22336' '92629' '34994' '45923' '18348' '69009' '51437' '70287' };
offsets = [2168 275 9839 466 31169 10601 10272 967 15571 10151 13230 17232 20869 18759 26180 12148 14221 4939 224 19005 ];

