target=0.50;discardreversals=2;startvalue=0.00;steps=[4  2  1];selfservice=0;
%parameters=icra1,65,re
threshold = [-5.50 ];
values = [0.00 -10.00 0.00 -3.00 -5.50 -3.00 -5.50 -4.00 -4.50 -6.00 -6.50 -5.00 -5.50 -5.00 -5.50 -3.00 -5.50 -6.00 -4.50 -7.00 ];
reversals = [0 1 -1 0 1 -1 1 -1 0 0 1 -1 1 -1 1 -1 0 1 -1 1 ];
measures = [0 0 0 0 1 1 1 1 1 1 1 1 1 1 1 1 1 1 1 1 ];
presentations = [1 2 3 4 5 6 7 8 9 10 11 12 13 14 15 16 17 18 19 20 ];
answers = [5 0 4 5 0 5 1 3 4 3 1 3 2 3 0 5 3 1 5 1 ];
adjustments = [-10 10 -3 -2.5 2.5 -2.5 1.5 -0.5 -1.5 -0.5 1.5 -0.5 0.5 -0.5 2.5 -2.5 -0.5 1.5 -2.5 1.5 ];
sentences = {'98162' '05413' '72141' '80338' '50976' '44697' '43285' '39994' '18502' '06251' '51779' '94067' '21080' '85813' '26626' '69444' '67850' '77705' '33528' '12339' };
offsets = [19523 7935 15175 20285 13507 24457 7831 25983 20712 3251 514 15609 9712 10691 38003 25010 15692 14834 28813 10414 ];

