target=0.50;discardreversals=2;startvalue=0.00;steps=[4  2  1];selfservice=0;
%parameters=icra5.250,65
threshold = [-16.75 ];
values = [0.00 -10.00 -20.00 -14.00 -15.00 -13.50 -16.00 -18.50 -18.00 -17.50 -17.00 -18.50 -17.00 -17.50 -18.00 -15.50 -16.00 -16.50 -16.00 -15.50 ];
reversals = [0 0 1 -1 1 -1 0 1 0 0 -1 1 -1 0 1 -1 0 1 0 -1 ];
measures = [0 0 0 0 1 1 1 1 1 1 1 1 1 1 1 1 1 1 1 1 ];
presentations = [1 2 3 4 5 6 7 8 9 10 11 12 13 14 15 16 17 18 19 20 ];
answers = [5 5 1 3 1 5 5 2 2 2 4 1 3 3 0 3 3 2 2 4 ];
adjustments = [-10 -10 6 -1 1.5 -2.5 -2.5 0.5 0.5 0.5 -1.5 1.5 -0.5 -0.5 2.5 -0.5 -0.5 0.5 0.5 -1.5 ];
sentences = {'59026' '22586' '55025' '99308' '87263' '74972' '03262' '30757' '03491' '82487' '68819' '48835' '24318' '66553' '31601' '77974' '41634' '90790' '16140' '15149' };
offsets = [3215233 4622248 1202491 3926829 4769042 3190188 2604916 3742839 575749 4201116 1441700 4323186 2803803 790014 1137640 2767207 387917 4019290 323216 2717575 ];

