target=0.75;minreversals=12;discardreversals=4;minmeasures=14;startvalue=75.00;steps=[8  4  4  2  1];feedback=0;
%parameters=1000,0.10,50,train
threshold = [67.50 ];
values = [75.00 67.00 59.00 51.00 43.00 35.00 67.00 63.00 59.00 55.00 51.00 47.00 43.00 39.00 35.00 31.00 47.00 55.00 53.00 57.00 57.00 60.00 63.00 63.00 63.00 63.00 63.00 63.00 63.00 66.00 69.00 68.00 67.00 67.00 66.00 65.00 65.00 65.00 65.00 65.00 65.00 65.00 68.00 67.00 67.00 67.00 66.00 65.00 68.00 67.00 71.00 71.00 71.00 71.00 ];
reversals = [0 0 0 0 0 1 -1 0 0 0 0 0 0 0 0 1 0 -1 1 0 0 0 0 0 0 0 0 0 0 0 -1 0 0 0 0 0 0 0 0 0 0 1 -1 0 0 0 0 1 -1 1 0 0 0 -1 ];
measures = [0 0 0 0 0 0 0 0 0 0 0 0 0 0 0 0 0 0 1 1 1 1 1 1 1 1 1 1 1 1 1 1 1 1 1 1 1 1 1 1 1 1 1 1 1 1 1 1 1 1 1 1 1 1 ];
presentations = [1 1 1 1 1 0 1 1 1 1 1 1 1 1 1 0 0 1 0 0 1 1 0 0 0 0 0 0 1 1 1 1 0 1 1 0 0 0 0 0 0 1 1 0 0 1 1 1 1 0 0 0 0 1 ];
answers = [1 1 1 1 1 1 1 1 1 1 1 1 1 1 1 1 1 1 1 0 0 0 0 0 0 0 0 0 0 0 1 1 0 1 1 0 0 0 0 0 0 0 1 0 0 1 1 0 1 1 0 0 0 1 ];
adjustments = [-8 -8 -8 -8 -8 32 -4 -4 -4 -4 -4 -4 -4 -4 -4 16 8 -2 4 0 3 3 0 0 0 0 0 0 3 3 -1 -1 0 -1 -1 0 0 0 0 0 0 3 -1 0 0 -1 -1 3 -1 4 0 0 0 -1 ];

