target=0.50;discardreversals=2;startvalue=0.00;steps=[4  2  1];selfservice=0;
%parameters=babble,65
threshold = [-2.00 ];
values = [0.00 10.00 0.00 -3.00 -4.00 1.00 -1.50 -2.00 -1.50 -2.00 -2.50 -5.00 -3.50 -3.00 -2.50 -5.00 -5.50 -3.00 -0.50 -1.00 ];
reversals = [0 -1 0 0 1 -1 0 1 -1 0 0 1 0 0 -1 0 1 0 -1 0 ];
measures = [0 0 0 0 0 1 1 1 1 1 1 1 1 1 1 1 1 1 1 1 ];
presentations = [1 2 3 4 5 6 7 8 9 10 11 12 13 14 15 16 17 18 19 20 ];
answers = [0 5 4 3 0 5 3 2 3 3 5 1 2 2 5 3 0 0 3 5 ];
adjustments = [10 -10 -3 -1 5 -2.5 -0.5 0.5 -0.5 -0.5 -2.5 1.5 0.5 0.5 -2.5 -0.5 2.5 2.5 -0.5 -2.5 ];
sentences = {'77974' '82487' '59026' '15149' '90790' '06251' '77705' '48835' '69444' '03262' '85813' '31601' '12339' '66553' '24318' '33528' '21080' '98162' '50976' '44697' };
offsets = [20839 3075 2214 13023 11402 17333 11060 27931 9016 26102 15685 2328 17132 41459 26432 29765 11091 12256 23533 11509 ];

