target=0.50;discardreversals=2;startvalue=0.00;steps=[4  2  1];selfservice=0;
%parameters=icra5.250,65,re
threshold = [-13.75 ];
values = [0.00 -10.00 -20.00 -18.00 -13.00 -14.00 -13.50 -15.00 -12.50 -13.00 -14.50 -13.00 -11.50 -9.00 -10.50 -11.00 -12.50 -15.00 -13.50 -13.00 ];
reversals = [0 0 1 0 -1 1 -1 1 -1 0 1 0 0 -1 0 0 0 1 0 -1 ];
measures = [0 0 0 0 0 1 1 1 1 1 1 1 1 1 1 1 1 1 1 1 ];
presentations = [1 2 3 4 5 6 7 8 9 10 11 12 13 14 15 16 17 18 19 20 ];
answers = [5 5 2 0 3 2 4 0 3 4 1 1 0 4 3 4 5 1 2 5 ];
adjustments = [-10 -10 2 5 -1 0.5 -1.5 2.5 -0.5 -1.5 1.5 1.5 2.5 -1.5 -0.5 -1.5 -2.5 1.5 0.5 -2.5 ];
sentences = {'51437' '48835' '59026' '86800' '90790' '66553' '65555' '24318' '31601' '23081' '77974' '09216' '34994' '70762' '92629' '03262' '18348' '15149' '47173' '82487' };
offsets = [2842781 3540846 4290967 3627847 3266559 2874078 765030 4672299 4242499 766321 595717 4625047 2980575 4475776 1795665 1421954 1410862 4191531 545852 3991798 ];

