target=0.50;discardreversals=2;startvalue=0.00;steps=[4  2  1];selfservice=0;
%parameters=icra1,65,train
threshold = [-4.50 ];
values = [0.00 -6.00 4.00 1.00 0.50 -2.00 -3.50 -3.00 -4.50 -3.00 -2.50 -5.00 -4.50 -5.00 -4.50 -5.00 -5.50 -5.00 -5.50 -5.00 ];
reversals = [0 1 -1 0 0 0 1 -1 1 0 -1 1 -1 1 -1 0 1 -1 1 0 ];
measures = [0 0 0 0 0 0 1 1 1 1 1 1 1 1 1 1 1 1 1 1 ];
presentations = [1 2 3 4 5 6 7 8 9 10 11 12 13 14 15 16 17 18 19 20 ];
answers = [4 0 4 3 5 4 2 4 1 2 5 2 3 2 3 3 2 3 2 0 ];
adjustments = [-6 10 -3 -0.5 -2.5 -1.5 0.5 -1.5 1.5 0.5 -2.5 0.5 -0.5 0.5 -0.5 -0.5 0.5 -0.5 0.5 2.5 ];
sentences = {'22336' '90790' '48835' '93692' '82487' '24318' '15149' '69009' '87470' '36514' '70287' '31601' '11755' '08168' '66553' '54841' '45923' '77974' '03262' '59026' };
offsets = [32157 9296 23567 10481 6101 11310 9443 23302 750 24385 11903 16533 398 12274 4398 11542 19489 12458 4031 3614 ];

