target=0.50;discardreversals=2;startvalue=0.00;steps=[4  2  1];selfservice=0;
%parameters=icra1,65
threshold = [-6.00 ];
values = [0.00 -10.00 0.00 -5.00 -6.50 -6.00 -5.50 -8.00 -5.50 -6.00 -5.50 -5.00 -6.50 -5.00 -6.50 -7.00 -5.50 -6.00 -4.50 -7.00 ];
reversals = [0 1 -1 0 1 0 -1 1 -1 1 0 -1 1 -1 0 1 -1 1 -1 1 ];
measures = [0 0 0 0 1 1 1 1 1 1 1 1 1 1 1 1 1 1 1 1 ];
presentations = [1 2 3 4 5 6 7 8 9 10 11 12 13 14 15 16 17 18 19 20 ];
answers = [5 0 5 4 2 2 5 0 3 2 2 4 1 4 3 1 3 1 5 0 ];
adjustments = [-10 10 -5 -1.5 0.5 0.5 -2.5 2.5 -0.5 0.5 0.5 -1.5 1.5 -1.5 -0.5 1.5 -0.5 1.5 -2.5 2.5 ];
sentences = {'94067' '39994' '74972' '05413' '16140' '72141' '03491' '18502' '22586' '30757' '68819' '51779' '41634' '26626' '87263' '80338' '67850' '99308' '43285' '55025' };
offsets = [3933 11767 5286 2142 29563 14481 30506 13908 15784 888 37319 9180 9492 40694 22167 19035 11198 18484 21068 3878 ];

