target=0.50;discardreversals=2;startvalue=0.00;steps=[4  2  1];selfservice=0;
threshold = [11.00 ];
values = [0.00 10.00 12.00 6.00 11.00 10.50 8.00 7.50 9.00 9.50 10.00 10.50 12.00 9.50 11.00 12.50 11.00 8.50 11.00 11.50 ];
reversals = [0 0 -1 1 -1 0 0 1 0 0 0 0 -1 1 0 -1 0 1 0 -1 ];
measures = [0 0 0 0 1 1 1 1 1 1 1 1 1 1 1 1 1 1 1 1 ];
presentations = [1 2 3 4 5 6 7 8 9 10 11 12 13 14 15 16 17 18 19 20 ];
answers = [0 2 4 0 3 5 3 1 2 2 2 1 5 1 1 4 5 0 2 3 ];
adjustments = [10 2 -6 5 -0.5 -2.5 -0.5 1.5 0.5 0.5 0.5 1.5 -2.5 1.5 1.5 -1.5 -2.5 2.5 0.5 -0.5 ];
sentences = {'82009' '63558' '10681' '61793' '34226' '52277' '46393' '00456' '95569' '95162' '29744' '51417' '24621' '76802' '78835' '18314' '47048' '33980' '07970' '89135' };
offsets = [15156 17346 4752 3882 28149 13679 35131 18651 21391 34 8490 5654 20310 18628 9226 18037 29462 3221 20742 20654 ];

