target=0.50;discardreversals=2;startvalue=0.00;steps=[4  2  1];selfservice=0;
threshold = [18.50 ];
values = [0.00 10.00 20.00 10.00 15.00 16.50 18.00 16.50 18.00 18.50 17.00 15.50 18.00 19.50 21.00 22.50 20.00 20.50 21.00 20.50 ];
reversals = [0 0 -1 1 0 0 -1 1 0 -1 0 1 0 0 0 -1 1 0 -1 0 ];
measures = [0 0 0 0 0 0 1 1 1 1 1 1 1 1 1 1 1 1 1 1 ];
presentations = [1 2 3 4 5 6 7 8 9 10 11 12 13 14 15 16 17 18 19 20 ];
answers = [0 0 5 0 1 1 4 1 2 4 4 0 1 1 1 5 2 2 3 5 ];
adjustments = [10 10 -10 5 1.5 1.5 -1.5 1.5 0.5 -1.5 -1.5 2.5 1.5 1.5 1.5 -2.5 0.5 0.5 -0.5 -2.5 ];
sentences = {'41634' '15149' '22586' '90790' '74972' '68819' '99308' '66553' '16140' '55025' '59026' '31601' '77974' '48835' '30757' '24318' '03491' '03262' '87263' '82487' };
offsets = [2818 3312 11328 6028 14092 24622 27721 1053 25564 15294 2818 32499 13511 28515 5672 27077 46844 3744 13706 19108 ];

