target=0.50;discardreversals=2;startvalue=0.00;steps=[4  2  1];selfservice=0;
threshold = [3.50 ];
values = [0.00 10.00 0.00 5.00 4.50 2.00 4.50 3.00 4.50 4.00 3.50 2.00 3.50 4.00 2.50 2.00 3.50 1.00 2.50 5.00 ];
reversals = [0 -1 1 -1 0 1 -1 1 -1 0 0 1 0 -1 0 1 -1 1 0 -1 ];
measures = [0 0 0 1 1 1 1 1 1 1 1 1 1 1 1 1 1 1 1 1 ];
presentations = [1 2 3 4 5 6 7 8 9 10 11 12 13 14 15 16 17 18 19 20 ];
answers = [0 5 0 3 5 0 4 1 3 3 4 1 2 4 3 1 5 1 0 4 ];
adjustments = [10 -10 5 -0.5 -2.5 2.5 -1.5 1.5 -0.5 -0.5 -1.5 1.5 0.5 -1.5 -0.5 1.5 -2.5 1.5 2.5 -1.5 ];
sentences = {'77974' '59026' '03262' '31601' '29744' '66553' '10681' '51417' '95162' '63558' '90790' '15149' '48835' '07970' '34226' '82487' '82009' '78835' '46393' '24318' };
offsets = [3695097 3925626 3507842 1046558 4485206 2984112 560746 1531924 4449866 945438 1254937 4711831 688666 3659426 4160578 315191 2547426 56940 3026050 4378859 ];

