target=0.75;minreversals=14;discardreversals=4;minmeasures=25;startvalue=70.00;steps=[4  4  2  1];feedback=0;
threshold = [107.50 ];
values = [78.00 74.00 70.00 66.00 78.00 78.00 78.00 90.00 86.00 86.00 84.00 84.00 84.00 84.00 90.00 89.00 88.00 92.00 91.00 90.00 89.00 88.00 92.00 91.00 95.00 95.00 98.00 98.00 97.00 101.00 104.00 108.00 107.00 107.00 107.00 107.00 110.00 110.00 109.00 109.00 109.00 109.00 108.00 108.00 111.00 114.00 114.00 117.00 116.00 115.00 114.00 114.00 117.00 120.00 119.00 119.00 122.00 122.00 122.00 125.00 124.00 ];
reversals = [0 0 0 1 0 0 0 -1 0 0 0 0 0 1 -1 0 1 -1 0 0 0 1 -1 1 0 0 0 -1 1 0 0 -1 0 0 0 1 0 -1 0 0 0 0 0 1 0 0 0 -1 0 0 0 1 0 -1 0 1 0 0 0 -1 0 ];
measures = [0 0 0 0 0 0 0 0 0 0 0 0 0 0 0 0 1 1 1 1 1 1 1 1 1 1 1 1 1 1 1 1 1 1 1 1 1 1 1 1 1 1 1 1 1 1 1 1 1 1 1 1 1 1 1 1 1 1 1 1 1 ];
presentations = [1 1 1 1 0 0 1 1 0 1 0 0 0 1 1 1 0 1 1 1 1 0 1 0 0 1 0 1 0 1 0 1 0 0 0 1 0 1 0 0 0 1 0 1 1 0 1 1 1 1 0 1 1 1 0 1 0 0 1 1 1 ];
answers = [1 1 1 0 0 0 0 1 0 1 0 0 0 0 1 1 1 1 1 1 1 1 1 1 0 0 0 1 1 0 1 1 0 0 0 0 0 1 0 0 0 1 0 0 0 0 0 1 1 1 0 0 0 1 0 0 0 0 0 1 1 ];
adjustments = [-4 -4 -4 12 0 0 12 -4 0 -2 0 0 0 6 -1 -1 4 -1 -1 -1 -1 4 -1 4 0 3 0 -1 4 3 4 -1 0 0 0 3 0 -1 0 0 0 -1 0 3 3 0 3 -1 -1 -1 0 3 3 -1 0 3 0 0 3 -1 -1 ];

