target=0.50;discardreversals=2;startvalue=0.00;steps=[4  2  1];selfservice=0;
threshold = [0.25 ];
values = [0.00 2.00 0.00 5.00 2.50 2.00 1.50 3.00 0.50 3.00 2.50 0.00 -0.50 0.00 -1.50 0.00 -1.50 -1.00 0.50 1.00 ];
reversals = [0 -1 1 -1 0 0 1 -1 1 -1 0 0 1 -1 1 -1 1 0 0 0 ];
measures = [0 0 0 1 1 1 1 1 1 1 1 1 1 1 1 1 1 1 1 1 ];
presentations = [1 2 3 4 5 6 7 8 9 10 11 12 13 14 15 16 17 18 19 20 ];
answers = [2 3 0 5 3 3 1 5 0 3 5 3 2 4 1 4 2 1 2 2 ];
adjustments = [2 -2 5 -2.5 -0.5 -0.5 1.5 -2.5 2.5 -0.5 -2.5 -0.5 0.5 -1.5 1.5 -1.5 0.5 1.5 0.5 0.5 ];
sentences = {'87263' '47048' '95569' '55025' '16140' '03491' '22586' '00456' '30757' '89135' '24621' '74972' '52277' '76802' '68819' '99308' '18314' '33980' '61793' '41634' };
offsets = [14823 28049 19745 21254 13726 15781 18070 30214 5487 29514 5014 1140 2402 22987 3483 19109 6122 23976 4812 5238 ];

