target=0.75;minreversals=14;discardreversals=4;minmeasures=25;startvalue=60.00;steps=[8  8  4  2];feedback=0;
threshold = [68.00 ];
values = [76.00 68.00 60.00 84.00 84.00 116.00 116.00 148.00 148.00 140.00 140.00 140.00 140.00 136.00 132.00 132.00 128.00 124.00 120.00 116.00 112.00 112.00 108.00 104.00 100.00 100.00 100.00 96.00 92.00 88.00 84.00 80.00 76.00 76.00 76.00 76.00 76.00 76.00 72.00 72.00 72.00 72.00 72.00 68.00 68.00 64.00 64.00 80.00 80.00 78.00 78.00 76.00 76.00 76.00 74.00 72.00 72.00 72.00 70.00 70.00 70.00 68.00 68.00 68.00 68.00 68.00 68.00 74.00 74.00 74.00 72.00 72.00 70.00 70.00 68.00 66.00 64.00 64.00 70.00 78.00 78.00 76.00 74.00 74.00 72.00 70.00 70.00 70.00 68.00 66.00 66.00 66.00 64.00 62.00 68.00 66.00 66.00 64.00 70.00 68.00 74.00 74.00 74.00 72.00 70.00 68.00 68.00 68.00 68.00 ];
reversals = [0 0 1 0 0 0 0 0 -1 0 0 0 0 0 0 0 0 0 0 0 0 0 0 0 0 0 0 0 0 0 0 0 0 0 0 0 0 0 0 0 0 0 0 0 0 0 1 0 -1 0 0 0 0 0 0 0 0 0 0 0 0 0 0 0 0 0 1 0 0 -1 0 0 0 0 0 0 0 1 0 0 -1 0 0 0 0 0 0 0 0 0 0 0 0 1 -1 0 0 1 -1 1 0 0 -1 0 0 0 0 0 0 ];
measures = [0 0 0 0 0 0 0 0 0 0 0 0 0 0 0 0 0 0 0 0 0 0 0 0 0 0 0 0 0 0 0 0 0 0 0 0 0 0 0 0 0 0 0 0 0 0 0 0 0 0 0 0 0 0 0 0 0 0 0 0 0 0 0 0 0 0 1 1 1 1 1 1 1 1 1 1 1 1 1 1 1 1 1 1 1 1 1 1 1 1 1 1 1 1 1 1 1 1 1 1 1 1 1 1 1 1 1 1 1 ];
presentations = [1 1 1 0 0 0 0 0 1 0 0 0 1 1 0 1 1 1 1 1 0 1 1 1 0 0 1 1 1 1 1 1 0 0 0 0 0 1 0 0 0 0 1 0 1 0 0 0 1 0 1 0 0 1 1 0 0 1 0 0 1 0 0 0 0 0 1 0 0 1 0 1 0 1 1 1 0 1 0 0 1 1 0 1 1 0 0 1 1 0 0 1 1 1 1 0 1 1 1 1 0 0 1 1 1 0 0 0 1 ];
answers = [1 1 0 0 1 0 1 0 1 0 0 0 1 1 0 1 1 1 1 1 0 1 1 1 0 0 1 1 1 1 1 1 0 0 0 0 0 1 0 0 0 0 1 0 1 0 1 0 1 0 1 0 0 1 1 0 0 1 0 0 1 0 0 0 0 0 0 0 0 1 0 1 0 1 1 1 0 0 1 0 1 1 0 1 1 0 0 1 1 0 0 1 1 0 1 0 1 0 1 0 0 0 1 1 1 0 0 0 1 ];
adjustments = [-8 -8 24 0 32 0 32 0 -8 0 0 0 -4 -4 0 -4 -4 -4 -4 -4 0 -4 -4 -4 0 0 -4 -4 -4 -4 -4 -4 0 0 0 0 0 -4 0 0 0 0 -4 0 -4 0 16 0 -2 0 -2 0 0 -2 -2 0 0 -2 0 0 -2 0 0 0 0 0 6 0 0 -2 0 -2 0 -2 -2 -2 0 6 8 0 -2 -2 0 -2 -2 0 0 -2 -2 0 0 -2 -2 6 -2 0 -2 6 -2 6 0 0 -2 -2 -2 0 0 0 -2 ];

