target=0.50;discardreversals=2;startvalue=0.00;steps=[4  2  1];selfservice=0;
threshold = [19.75 ];
values = [0.00 10.00 20.00 22.00 20.00 17.00 16.00 19.00 19.50 20.00 19.50 17.00 19.50 18.00 16.50 17.00 18.50 19.00 21.50 20.00 ];
reversals = [0 0 0 -1 0 0 1 0 0 -1 0 1 -1 0 1 0 0 0 -1 1 ];
measures = [0 0 0 0 0 0 0 0 0 1 1 1 1 1 1 1 1 1 1 1 ];
presentations = [1 2 3 4 5 6 7 8 9 10 11 12 13 14 15 16 17 18 19 20 ];
answers = [0 0 2 3 4 3 1 2 2 3 5 0 4 4 2 1 2 0 4 1 ];
adjustments = [10 10 2 -2 -3 -1 3 0.5 0.5 -0.5 -2.5 2.5 -1.5 -1.5 0.5 1.5 0.5 2.5 -1.5 1.5 ];
sentences = {'52988' '14040' '69444' '48832' '35209' '29394' '70565' '21080' '91451' '06251' '12339' '33528' '03676' '66127' '85813' '87713' '77705' '98162' '44697' '50976' };
offsets = [2231467 2583325 1711552 2057278 4536516 3493214 2300302 4813936 2600506 2631021 4174027 2386693 3497364 997395 4471904 3791179 4456479 433021 1334130 2917366 ];

