target=0.75;minreversals=14;discardreversals=4;minmeasures=25;startvalue=70.00;steps=[4  4  2  1];feedback=0;
threshold = [109.50 ];
values = [82.00 78.00 74.00 70.00 66.00 82.00 78.00 86.00 85.00 84.00 88.00 88.00 91.00 94.00 98.00 102.00 105.00 105.00 108.00 107.00 110.00 114.00 114.00 114.00 114.00 117.00 116.00 115.00 114.00 113.00 112.00 111.00 110.00 109.00 108.00 107.00 106.00 105.00 108.00 108.00 111.00 111.00 111.00 110.00 109.00 108.00 111.00 114.00 118.00 121.00 121.00 120.00 120.00 119.00 119.00 118.00 117.00 116.00 116.00 116.00 116.00 116.00 116.00 116.00 116.00 116.00 119.00 ];
reversals = [0 0 0 0 1 -1 1 -1 0 1 0 0 0 0 0 0 0 0 -1 1 0 0 0 0 0 -1 0 0 0 0 0 0 0 0 0 0 0 1 0 0 0 0 -1 0 0 1 0 0 0 0 -1 0 0 0 0 0 0 0 0 0 0 0 0 0 0 1 -1 ];
measures = [0 0 0 0 0 0 0 0 0 1 1 1 1 1 1 1 1 1 1 1 1 1 1 1 1 1 1 1 1 1 1 1 1 1 1 1 1 1 1 1 1 1 1 1 1 1 1 1 1 1 1 1 1 1 1 1 1 1 1 1 1 1 1 1 1 1 1 ];
presentations = [1 1 1 1 0 1 0 1 1 0 0 1 1 0 0 1 0 1 1 1 0 0 0 0 1 1 1 1 1 1 1 1 1 1 1 1 1 1 0 1 0 0 1 1 1 1 1 0 1 0 1 0 1 0 1 1 1 0 0 0 0 0 0 0 0 1 1 ];
answers = [1 1 1 1 1 1 1 1 1 1 0 0 0 1 1 0 0 0 1 0 1 0 0 0 0 1 1 1 1 1 1 1 1 1 1 1 1 0 0 0 0 0 1 1 1 0 0 1 0 0 1 0 1 0 1 1 1 0 0 0 0 0 0 0 0 0 1 ];
adjustments = [-4 -4 -4 -4 16 -4 8 -1 -1 4 0 3 3 4 4 3 0 3 -1 3 4 0 0 0 3 -1 -1 -1 -1 -1 -1 -1 -1 -1 -1 -1 -1 3 0 3 0 0 -1 -1 -1 3 3 4 3 0 -1 0 -1 0 -1 -1 -1 0 0 0 0 0 0 0 0 3 -1 ];

