target=0.75;minreversals=14;discardreversals=4;minmeasures=25;startvalue=60.00;steps=[8  8  4  2];feedback=0;
threshold = [88.00 ];
values = [92.00 84.00 76.00 100.00 100.00 92.00 88.00 88.00 88.00 88.00 104.00 104.00 102.00 100.00 100.00 98.00 96.00 94.00 92.00 92.00 90.00 88.00 88.00 88.00 88.00 88.00 86.00 84.00 84.00 82.00 88.00 86.00 92.00 92.00 90.00 90.00 88.00 86.00 86.00 84.00 84.00 84.00 90.00 88.00 88.00 86.00 86.00 92.00 92.00 92.00 92.00 90.00 90.00 90.00 90.00 90.00 88.00 86.00 86.00 86.00 84.00 84.00 82.00 82.00 82.00 82.00 88.00 86.00 92.00 90.00 96.00 102.00 110.00 108.00 108.00 108.00 108.00 108.00 106.00 106.00 106.00 ];
reversals = [0 0 1 0 -1 0 0 0 0 1 0 -1 0 0 0 0 0 0 0 0 0 0 0 0 0 0 0 0 0 1 -1 1 0 -1 0 0 0 0 0 0 0 1 -1 0 0 0 1 0 0 0 -1 0 0 0 0 0 0 0 0 0 0 0 0 0 0 1 -1 1 -1 1 0 0 -1 0 0 0 0 0 0 0 0 ];
measures = [0 0 0 0 0 0 0 0 0 0 0 0 0 0 0 0 0 0 0 0 0 0 0 0 0 0 0 0 0 1 1 1 1 1 1 1 1 1 1 1 1 1 1 1 1 1 1 1 1 1 1 1 1 1 1 1 1 1 1 1 1 1 1 1 1 1 1 1 1 1 1 1 1 1 1 1 1 1 1 1 1 ];
presentations = [1 1 1 0 1 1 0 0 0 0 0 1 1 0 1 1 1 1 0 1 1 0 0 0 0 1 1 0 1 1 1 1 0 1 0 1 1 0 1 0 0 1 1 0 1 0 1 0 0 0 1 0 0 0 0 1 1 0 0 1 0 1 0 0 0 1 1 1 1 1 1 0 1 0 0 0 0 1 0 0 1 ];
answers = [1 1 0 0 1 1 0 0 0 1 0 1 1 0 1 1 1 1 0 1 1 0 0 0 0 1 1 0 1 0 1 0 0 1 0 1 1 0 1 0 0 0 1 0 1 0 0 0 0 0 1 0 0 0 0 1 1 0 0 1 0 1 0 0 0 0 1 0 1 0 0 1 1 0 0 0 0 1 0 0 1 ];
adjustments = [-8 -8 24 0 -8 -4 0 0 0 16 0 -2 -2 0 -2 -2 -2 -2 0 -2 -2 0 0 0 0 -2 -2 0 -2 6 -2 6 0 -2 0 -2 -2 0 -2 0 0 6 -2 0 -2 0 6 0 0 0 -2 0 0 0 0 -2 -2 0 0 -2 0 -2 0 0 0 6 -2 6 -2 6 6 8 -2 0 0 0 0 -2 0 0 -2 ];

