target=0.75;minreversals=14;discardreversals=4;minmeasures=25;startvalue=70.00;steps=[4  4  2  1];feedback=0;
threshold = [131.00 ];
values = [78.00 74.00 70.00 66.00 82.00 98.00 114.00 130.00 126.00 124.00 130.00 129.00 129.00 129.00 132.00 132.00 131.00 130.00 129.00 129.00 128.00 127.00 127.00 130.00 134.00 134.00 134.00 134.00 137.00 137.00 137.00 137.00 140.00 139.00 139.00 139.00 138.00 137.00 136.00 135.00 135.00 134.00 134.00 133.00 133.00 133.00 136.00 135.00 135.00 134.00 134.00 134.00 133.00 133.00 132.00 131.00 130.00 130.00 133.00 133.00 133.00 132.00 131.00 130.00 129.00 128.00 127.00 126.00 125.00 124.00 123.00 123.00 123.00 122.00 121.00 120.00 120.00 120.00 120.00 119.00 119.00 118.00 117.00 116.00 115.00 114.00 113.00 113.00 112.00 111.00 111.00 114.00 ];
reversals = [0 0 0 1 0 0 0 -1 0 1 -1 0 0 1 0 -1 0 0 0 0 0 0 1 0 0 0 0 0 0 0 0 0 -1 0 0 0 0 0 0 0 0 0 0 0 0 1 -1 0 0 0 0 0 0 0 0 0 0 1 0 0 -1 0 0 0 0 0 0 0 0 0 0 0 0 0 0 0 0 0 0 0 0 0 0 0 0 0 0 0 0 0 1 -1 ];
measures = [0 0 0 0 0 0 0 0 0 0 0 0 0 1 1 1 1 1 1 1 1 1 1 1 1 1 1 1 1 1 1 1 1 1 1 1 1 1 1 1 1 1 1 1 1 1 1 1 1 1 1 1 1 1 1 1 1 1 1 1 1 1 1 1 1 1 1 1 1 1 1 1 1 1 1 1 1 1 1 1 1 1 1 1 1 1 1 1 1 1 1 1 ];
presentations = [1 1 1 0 0 0 0 1 1 1 1 0 0 1 0 1 1 1 0 1 1 0 1 0 0 0 0 1 0 0 0 1 1 0 0 1 1 1 1 0 1 0 1 0 0 1 1 0 1 0 0 1 0 1 1 1 0 1 0 0 1 1 1 1 1 1 1 1 1 1 0 0 1 1 1 0 0 0 1 0 1 1 1 1 1 1 0 1 1 0 1 1 ];
answers = [1 1 1 1 1 1 1 1 1 0 1 0 0 0 0 1 1 1 0 1 1 0 0 1 0 0 0 0 0 0 0 0 1 0 0 1 1 1 1 0 1 0 1 0 0 0 1 0 1 0 0 1 0 1 1 1 0 0 0 0 1 1 1 1 1 1 1 1 1 1 0 0 1 1 1 0 0 0 1 0 1 1 1 1 1 1 0 1 1 0 0 1 ];
adjustments = [-4 -4 -4 16 16 16 16 -4 -2 6 -1 0 0 3 0 -1 -1 -1 0 -1 -1 0 3 4 0 0 0 3 0 0 0 3 -1 0 0 -1 -1 -1 -1 0 -1 0 -1 0 0 3 -1 0 -1 0 0 -1 0 -1 -1 -1 0 3 0 0 -1 -1 -1 -1 -1 -1 -1 -1 -1 -1 0 0 -1 -1 -1 0 0 0 -1 0 -1 -1 -1 -1 -1 -1 0 -1 -1 0 3 -1 ];

