target=0.50;discardreversals=2;startvalue=0.00;steps=[4  2  1];selfservice=0;
threshold = [19.75 ];
values = [5.00 15.00 25.00 23.00 18.00 21.00 19.50 20.00 19.50 20.00 18.50 16.00 18.50 19.00 20.50 18.00 20.50 20.00 19.50 18.00 ];
reversals = [0 0 -1 0 1 -1 1 -1 1 -1 0 1 0 0 -1 1 -1 0 0 1 ];
measures = [0 0 0 0 0 1 1 1 1 1 1 1 1 1 1 1 1 1 1 1 ];
presentations = [1 2 3 4 5 6 7 8 9 10 11 12 13 14 15 16 17 18 19 20 ];
answers = [0 0 3 5 1 4 2 3 2 4 5 0 2 1 5 0 3 3 4 0 ];
adjustments = [10 10 -2 -5 3 -1.5 0.5 -0.5 0.5 -1.5 -2.5 2.5 0.5 1.5 -2.5 2.5 -0.5 -0.5 -1.5 2.5 ];
sentences = {'51195' '15952' '21080' '85813' '02737' '12339' '68271' '33528' '23448' '37886' '90013' '89364' '69444' '44529' '76600' '50976' '06251' '77705' '44697' '98162' };
offsets = [14375 37877 82049 50441 14244 56291 9548 39272 20754 18409 11825 27122 54964 13925 49035 39013 56677 22921 68831 48881 ];

