target=0.50;discardreversals=2;startvalue=0.00;steps=[4  2  1];selfservice=0;
threshold = [-5.00 ];
values = [0.00 2.00 -8.00 -3.00 -3.50 -6.00 -4.50 -5.00 -5.50 -4.00 -6.50 -6.00 -5.50 -5.00 -3.50 -1.00 -1.50 -3.00 -5.50 -8.00 ];
reversals = [0 -1 1 -1 0 1 -1 0 1 -1 1 0 0 0 0 -1 0 0 0 1 ];
measures = [0 0 0 1 1 1 1 1 1 1 1 1 1 1 1 1 1 1 1 1 ];
presentations = [1 2 3 4 5 6 7 8 9 10 11 12 13 14 15 16 17 18 19 20 ];
answers = [2 5 0 3 5 1 3 3 1 5 2 2 2 1 0 3 4 5 5 0 ];
adjustments = [2 -10 5 -0.5 -2.5 1.5 -0.5 -0.5 1.5 -2.5 0.5 0.5 0.5 1.5 2.5 -0.5 -1.5 -2.5 -2.5 2.5 ];
sentences = {'51417' '95162' '65555' '47173' '07970' '34994' '78835' '29744' '46393' '23081' '34226' '10681' '82009' '70762' '86800' '51437' '63558' '18348' '92629' '09216' };
offsets = [5032 4187 8910 34782 3776 29919 9529 5530 26385 19645 2743 13767 973 719 8419 26472 20634 22479 2078 11037 ];

