target=0.50;discardreversals=2;startvalue=0.00;steps=[4  2  1];selfservice=0;
threshold = [-3.25 ];
values = [0.00 -10.00 0.00 -1.00 -3.50 -3.00 -5.50 -5.00 -4.50 -3.00 -3.50 -2.00 -4.50 -3.00 -1.50 -3.00 -5.50 -3.00 -1.50 -1.00 ];
reversals = [0 1 -1 0 1 -1 1 0 0 -1 1 -1 1 0 -1 0 1 0 0 -1 ];
measures = [0 0 0 0 1 1 1 1 1 1 1 1 1 1 1 1 1 1 1 1 ];
presentations = [1 2 3 4 5 6 7 8 9 10 11 12 13 14 15 16 17 18 19 20 ];
answers = [5 0 3 5 2 5 2 2 1 3 1 5 1 1 4 5 0 1 2 5 ];
adjustments = [-10 10 -1 -2.5 0.5 -2.5 0.5 0.5 1.5 -0.5 1.5 -2.5 1.5 1.5 -1.5 -2.5 2.5 1.5 0.5 -2.5 ];
sentences = {'82009' '07970' '34226' '24621' '00456' '95162' '29744' '95569' '52277' '78835' '51417' '47048' '63558' '46393' '89135' '10681' '76802' '18314' '33980' '61793' };
offsets = [22329 17650 30503 23785 2637 9864 2061 18255 15962 9154 9857 11077 20384 31600 3978 4165 9816 12081 29923 12297 ];

