target=0.50;discardreversals=2;startvalue=0.00;steps=[4  2  1];selfservice=0;
threshold = [-14.00 ];
values = [0.00 -6.00 -16.00 -14.00 -11.00 -14.00 -12.50 -11.00 -9.50 -8.00 -10.50 -12.00 -13.50 -13.00 -15.50 -17.00 -14.50 -17.00 -15.50 -15.00 ];
reversals = [0 0 1 0 -1 1 0 0 0 -1 0 0 1 -1 0 1 -1 1 0 0 ];
measures = [0 0 0 0 0 1 1 1 1 1 1 1 1 1 1 1 1 1 1 1 ];
presentations = [1 2 3 4 5 6 7 8 9 10 11 12 13 14 15 16 17 18 19 20 ];
answers = [4 5 2 1 4 1 1 1 1 5 4 4 2 5 4 0 5 1 2 2 ];
adjustments = [-6 -10 2 3 -3 1.5 1.5 1.5 1.5 -2.5 -1.5 -1.5 0.5 -2.5 -1.5 2.5 -2.5 1.5 0.5 0.5 ];
sentences = {'41634' '69009' '87263' '93692' '87470' '16140' '22586' '30757' '03491' '55025' '45923' '22336' '74972' '08168' '36514' '11755' '99308' '68819' '54841' '70287' };
offsets = [1761013 3629553 3558199 2043097 2226068 2902959 3169679 4608771 4178372 4605481 525282 4266555 22071 2499544 2707595 2168291 1012028 1630472 445989 2130903 ];

