target=0.50;discardreversals=2;startvalue=0.00;steps=[4  2  1];selfservice=0;
threshold = [-4.50 ];
values = [0.00 -10.00 0.00 -5.00 -2.50 -3.00 -4.50 -6.00 -4.50 -2.00 -4.50 -3.00 -2.50 -4.00 -4.50 -5.00 -3.50 -5.00 -5.50 -4.00 ];
reversals = [0 1 -1 1 -1 0 0 1 0 -1 1 0 -1 0 0 1 -1 0 1 0 ];
measures = [0 0 0 1 1 1 1 1 1 1 1 1 1 1 1 1 1 1 1 1 ];
presentations = [1 2 3 4 5 6 7 8 9 10 11 12 13 14 15 16 17 18 19 20 ];
answers = [5 0 5 0 3 4 4 1 0 5 1 2 4 3 3 1 4 3 1 2 ];
adjustments = [-10 10 -5 2.5 -0.5 -1.5 -1.5 1.5 2.5 -2.5 1.5 0.5 -1.5 -0.5 -0.5 1.5 -1.5 -0.5 1.5 0.5 ];
sentences = {'66127' '35209' '47173' '52988' '18348' '29394' '14040' '51437' '87713' '03676' '70565' '86800' '92629' '65555' '48832' '09216' '23081' '34994' '70762' '91451' };
offsets = [9937 7353 13828 6802 12838 4473 13231 4701 9946 30545 7615 30048 5515 6331 20014 30288 8761 27246 468 2429 ];

