target=0.50;discardreversals=2;startvalue=0.00;steps=[4  2  1];selfservice=0;
threshold = [-3.00 ];
values = [0.00 -2.00 -8.00 2.00 -3.00 -0.50 0.00 -1.50 -2.00 -2.50 -3.00 -1.50 -3.00 -5.50 -5.00 -5.50 -3.00 -2.50 -5.00 -2.50 ];
reversals = [0 0 1 -1 1 0 -1 0 0 0 1 -1 0 1 -1 1 0 -1 1 -1 ];
measures = [0 0 0 0 1 1 1 1 1 1 1 1 1 1 1 1 1 1 1 1 ];
presentations = [1 2 3 4 5 6 7 8 9 10 11 12 13 14 15 16 17 18 19 20 ];
answers = [3 4 0 5 0 2 4 3 3 3 1 4 5 2 3 0 2 5 0 4 ];
adjustments = [-2 -6 10 -5 2.5 0.5 -1.5 -0.5 -0.5 -0.5 1.5 -1.5 -2.5 0.5 -0.5 2.5 0.5 -2.5 2.5 -1.5 ];
sentences = {'22336' '94067' '05413' '11755' '67850' '87470' '72141' '93692' '54841' '08168' '18502' '26626' '70287' '69009' '80338' '45923' '36514' '51779' '39994' '43285' };
offsets = [32944 21393 7002 14656 9059 17634 10650 18034 1173 16046 10010 32515 12105 8201 19030 4717 25797 465 5434 8766 ];

