target=0.50;discardreversals=2;startvalue=0.00;steps=[4  2  1];selfservice=0;
threshold = [-4.25 ];
values = [0.00 -10.00 0.00 -5.00 -6.50 -4.00 -2.50 -5.00 -2.50 -4.00 -4.50 -3.00 -5.50 -3.00 -5.50 -4.00 -3.50 -4.00 -4.50 -4.00 ];
reversals = [0 1 -1 0 1 0 -1 1 -1 0 1 -1 1 -1 1 0 -1 0 1 -1 ];
measures = [0 0 0 0 1 1 1 1 1 1 1 1 1 1 1 1 1 1 1 1 ];
presentations = [1 2 3 4 5 6 7 8 9 10 11 12 13 14 15 16 17 18 19 20 ];
answers = [5 0 5 4 0 1 5 0 4 3 1 5 0 5 1 2 3 3 2 5 ];
adjustments = [-10 10 -5 -1.5 2.5 1.5 -2.5 2.5 -1.5 -0.5 1.5 -2.5 2.5 -2.5 1.5 0.5 -0.5 -0.5 0.5 -2.5 ];
sentences = {'44697' '94067' '05413' '69444' '98162' '18502' '26626' '21080' '51779' '39994' '72141' '33528' '80338' '50976' '77705' '12339' '67850' '06251' '43285' '85813' };
offsets = [14277 6720 26096 4689 13119 1769 4823 19962 535 11568 5396 2350 8959 1465 7431 1054 13494 45942 16382 19685 ];

