target=0.50;discardreversals=2;startvalue=0.00;steps=[4  2  1];selfservice=0;
threshold = [-11.00 ];
values = [0.00 -10.00 -8.00 -11.00 -12.50 -12.00 -10.50 -8.00 -8.50 -11.00 -11.50 -11.00 -10.50 -11.00 -9.50 -11.00 -10.50 -12.00 -10.50 -13.00 ];
reversals = [0 1 -1 0 1 0 0 -1 0 0 1 0 -1 1 -1 1 -1 1 -1 1 ];
measures = [0 0 0 0 1 1 1 1 1 1 1 1 1 1 1 1 1 1 1 1 ];
presentations = [1 2 3 4 5 6 7 8 9 10 11 12 13 14 15 16 17 18 19 20 ];
answers = [5 2 4 4 2 1 0 3 5 3 2 2 3 1 4 2 4 1 5 1 ];
adjustments = [-10 2 -3 -1.5 0.5 1.5 2.5 -0.5 -2.5 -0.5 0.5 0.5 -0.5 1.5 -1.5 0.5 -1.5 1.5 -2.5 1.5 ];
sentences = {'52277' '89135' '72141' '94067' '51779' '00456' '05413' '80338' '47048' '43285' '76802' '39994' '61793' '33980' '26626' '67850' '95569' '18502' '24621' '18314' };
offsets = [3589449 712118 4480717 4564210 2991074 16088 4230850 1145232 1656599 2134349 543661 2673404 1028847 342383 4139730 2987989 1778531 3466159 1578068 4798049 ];

