target=0.50;discardreversals=2;startvalue=0.00;steps=[4  2  1];selfservice=0;
threshold = [-6.50 ];
values = [0.00 -10.00 0.00 -5.00 -7.50 -5.00 -6.50 -6.00 -4.50 -6.00 -6.50 -5.00 -7.50 -5.00 -4.50 -7.00 -7.50 -7.00 -6.50 -8.00 ];
reversals = [0 1 -1 0 1 -1 1 0 -1 0 1 -1 1 0 -1 0 1 0 -1 1 ];
measures = [0 0 0 0 1 1 1 1 1 1 1 1 1 1 1 1 1 1 1 1 ];
presentations = [1 2 3 4 5 6 7 8 9 10 11 12 13 14 15 16 17 18 19 20 ];
answers = [5 0 5 5 0 4 2 1 4 3 1 5 0 2 5 3 2 2 4 2 ];
adjustments = [-10 10 -5 -2.5 2.5 -1.5 0.5 1.5 -1.5 -0.5 1.5 -2.5 2.5 0.5 -2.5 -0.5 0.5 0.5 -1.5 0.5 ];
sentences = {'69009' '93692' '76802' '45923' '24621' '22336' '33980' '61793' '00456' '54841' '52277' '18314' '11755' '08168' '47048' '87470' '36514' '89135' '70287' '95569' };
offsets = [3387251 4060535 4721213 2480226 3410113 2512830 64681 1612557 4654254 3522435 2297972 4268055 4151659 302398 2700879 3852515 1633386 1689253 4156885 916517 ];

