target=0.50;discardreversals=2;startvalue=0.00;steps=[4  2  1];selfservice=0;
threshold = [-20.50 ];
values = [5.00 -5.00 -11.00 -5.00 -8.00 -10.50 -13.00 -14.50 -17.00 -18.50 -21.00 -19.50 -18.00 -18.50 -20.00 -20.50 -18.00 -18.50 -19.00 -20.50 ];
reversals = [0 0 1 -1 0 0 0 0 0 0 1 0 -1 0 0 1 -1 0 0 1 ];
measures = [0 0 0 0 0 0 0 0 0 0 1 1 1 1 1 1 1 1 1 1 ];
presentations = [1 2 3 4 5 6 7 8 9 10 11 12 13 14 15 16 17 18 19 20 ];
answers = [5 4 1 4 5 5 4 5 4 5 1 1 3 4 3 0 3 3 4 2 ];
adjustments = [-10 -6 6 -3 -2.5 -2.5 -1.5 -2.5 -1.5 -2.5 1.5 1.5 -0.5 -1.5 -0.5 2.5 -0.5 -0.5 -1.5 0.5 ];
sentences = {'45923' '54841' '98162' '06251' '69444' '69009' '12339' '08168' '36514' '70287' '44697' '77705' '22336' '87470' '85813' '33528' '93692' '50976' '21080' '11755' };
offsets = [9842 19891 9366 26373 63067 88336 32412 90301 84690 38658 59621 55979 23440 17797 17774 56745 81698 23611 68642 14356 ];

