target=0.50;discardreversals=2;startvalue=0.00;steps=[4  2  1];selfservice=0;
threshold = [-7.50 ];
values = [0.00 -10.00 -4.00 -3.00 -8.00 -7.50 -9.00 -9.50 -7.00 -5.50 -6.00 -7.50 -7.00 -8.50 -6.00 -8.50 -9.00 -9.50 -9.00 -6.50 ];
reversals = [0 1 0 -1 1 -1 0 1 0 -1 0 1 -1 1 -1 0 0 1 0 -1 ];
measures = [0 0 0 0 1 1 1 1 1 1 1 1 1 1 1 1 1 1 1 1 ];
presentations = [1 2 3 4 5 6 7 8 9 10 11 12 13 14 15 16 17 18 19 20 ];
answers = [5 1 2 5 2 4 3 0 1 3 4 2 4 0 5 3 3 2 0 4 ];
adjustments = [-10 6 1 -5 0.5 -1.5 -0.5 2.5 1.5 -0.5 -1.5 0.5 -1.5 2.5 -2.5 -0.5 -0.5 0.5 2.5 -1.5 ];
sentences = {'67850' '10681' '46393' '82009' '94067' '78835' '07970' '26626' '63558' '43285' '51417' '39994' '80338' '29744' '05413' '51779' '18502' '95162' '34226' '72141' };
offsets = [3828568 3888423 3646050 1699696 1780652 72673 4449271 1875423 915727 1229507 4210906 2828001 3960012 3032922 4297083 4006298 1400575 569995 3659867 3808462 ];

