target=0.50;discardreversals=2;startvalue=0.00;steps=[4  2  1];selfservice=0;
threshold = [-5.00 ];
values = [0.00 -10.00 0.00 -5.00 -4.50 -4.00 -6.50 -5.00 -5.50 -5.00 -2.50 -5.00 -4.50 -2.00 -3.50 -5.00 -2.50 -2.00 -3.50 -4.00 ];
reversals = [0 1 -1 1 0 -1 1 -1 1 0 -1 1 0 -1 0 1 0 -1 0 0 ];
measures = [0 0 0 1 1 1 1 1 1 1 1 1 1 1 1 1 1 1 1 1 ];
presentations = [1 2 3 4 5 6 7 8 9 10 11 12 13 14 15 16 17 18 19 20 ];
answers = [5 0 5 2 2 5 1 3 2 0 5 2 0 4 4 0 2 4 3 3 ];
adjustments = [-10 10 -5 0.5 0.5 -2.5 1.5 -0.5 0.5 2.5 -2.5 0.5 2.5 -1.5 -1.5 2.5 0.5 -1.5 -0.5 -0.5 ];
sentences = {'08168' '95569' '70287' '61793' '00456' '47048' '11755' '18314' '76802' '24621' '69009' '52277' '33980' '22336' '45923' '36514' '54841' '89135' '93692' '87470' };
offsets = [5888 10487 9197 12463 28585 33449 11098 8245 18660 10659 29116 432 7155 5889 4106 6478 9531 22140 13080 14298 ];

