target=0.50;discardreversals=2;startvalue=0.00;steps=[4  2  1];selfservice=0;
threshold = [-19.00 ];
values = [5.00 -5.00 -15.00 -25.00 -15.00 -14.00 -19.00 -17.50 -20.00 -21.50 -23.00 -21.50 -19.00 -19.50 -20.00 -18.50 -19.00 -18.50 -17.00 -17.50 ];
reversals = [0 0 0 1 0 -1 1 -1 0 0 1 0 -1 0 1 -1 1 0 -1 0 ];
measures = [0 0 0 0 0 0 1 1 1 1 1 1 1 1 1 1 1 1 1 1 ];
presentations = [1 2 3 4 5 6 7 8 9 10 11 12 13 14 15 16 17 18 19 20 ];
answers = [5 5 5 0 2 5 1 5 4 4 1 0 3 3 1 3 2 1 3 5 ];
adjustments = [-10 -10 -10 10 1 -5 1.5 -2.5 -1.5 -1.5 1.5 2.5 -0.5 -0.5 1.5 -0.5 0.5 1.5 -0.5 -2.5 ];
sentences = {'14040' '52988' '33528' '66127' '91451' '77705' '29394' '98162' '21080' '70565' '50976' '03676' '48832' '35209' '12339' '69444' '85813' '44697' '06251' '87713' };
offsets = [70519 62791 47575 35282 75475 54653 62906 25075 2561 77760 34853 57941 90063 49027 24634 84115 22400 87913 48133 26705 ];

