target=0.50;discardreversals=2;startvalue=0.00;steps=[4  2  1];selfservice=0;
threshold = [-39.50 ];
values = [5.00 -5.00 -15.00 -25.00 -35.00 -45.00 -35.00 -38.00 -39.50 -39.00 -36.50 -39.00 -38.50 -41.00 -42.50 -40.00 -40.50 -41.00 -38.50 -40.00 ];
reversals = [0 0 0 0 0 1 -1 0 1 0 -1 1 -1 0 1 -1 0 1 -1 1 ];
measures = [0 0 0 0 0 0 0 0 1 1 1 1 1 1 1 1 1 1 1 1 ];
presentations = [1 2 3 4 5 6 7 8 9 10 11 12 13 14 15 16 17 18 19 20 ];
answers = [5 5 5 5 5 0 4 4 2 0 5 2 5 4 0 3 3 0 4 1 ];
adjustments = [-10 -10 -10 -10 -10 10 -3 -1.5 0.5 2.5 -2.5 0.5 -2.5 -1.5 2.5 -0.5 -0.5 2.5 -1.5 1.5 ];
sentences = {'41634' '87263' '66127' '30757' '70565' '03676' '74972' '16140' '68819' '22586' '52988' '55025' '14040' '48832' '87713' '35209' '03491' '91451' '29394' '99308' };
offsets = [21620 8233 46285 2574 41968 40250 79114 4450 34322 41371 18798 20171 15157 9530 22368 43096 75250 90730 20976 78431 ];

