target=0.50;discardreversals=2;startvalue=0.00;steps=[4  2  1];selfservice=0;
threshold = [-5.00 ];
values = [0.00 2.00 -8.00 -5.00 -6.50 -4.00 -5.50 -8.00 -5.50 -3.00 -0.50 -3.00 -5.50 -4.00 -6.50 -5.00 -2.50 -3.00 -5.50 -5.00 ];
reversals = [0 -1 1 -1 1 -1 0 1 0 0 -1 0 1 -1 1 0 -1 0 1 -1 ];
measures = [0 0 0 1 1 1 1 1 1 1 1 1 1 1 1 1 1 1 1 1 ];
presentations = [1 2 3 4 5 6 7 8 9 10 11 12 13 14 15 16 17 18 19 20 ];
answers = [2 5 1 4 0 4 5 0 0 0 5 5 1 5 1 0 3 5 2 4 ];
adjustments = [2 -10 3 -1.5 2.5 -1.5 -2.5 2.5 2.5 2.5 -2.5 -2.5 1.5 -2.5 1.5 2.5 -0.5 -2.5 0.5 -1.5 ];
sentences = {'47173' '23081' '18314' '86800' '47048' '34994' '09216' '95569' '18348' '51437' '76802' '52277' '65555' '89135' '61793' '33980' '70762' '00456' '24621' '92629' };
offsets = [16712 17248 19448 5248 20443 13973 42811 12053 2530 10587 1427 740 5204 28561 10068 13035 752 231 14874 31961 ];

