target=0.50;discardreversals=2;startvalue=0.00;steps=[4  2  1];selfservice=0;
threshold = [-16.75 ];
values = [0.00 -10.00 -16.00 -14.00 -17.00 -18.50 -18.00 -17.50 -15.00 -15.50 -16.00 -18.50 -20.00 -20.50 -20.00 -18.50 -18.00 -17.50 -16.00 -14.50 ];
reversals = [0 0 1 -1 0 1 0 0 -1 0 0 0 0 1 0 0 0 0 0 -1 ];
measures = [0 0 0 0 0 1 1 1 1 1 1 1 1 1 1 1 1 1 1 1 ];
presentations = [1 2 3 4 5 6 7 8 9 10 11 12 13 14 15 16 17 18 19 20 ];
answers = [5 4 2 4 4 2 2 0 3 3 5 4 3 2 1 2 2 1 1 5 ];
adjustments = [-10 -6 2 -3 -1.5 0.5 0.5 2.5 -0.5 -0.5 -2.5 -1.5 -0.5 0.5 1.5 0.5 0.5 1.5 1.5 -2.5 ];
sentences = {'66127' '94067' '48832' '70565' '87713' '26626' '91451' '29394' '52988' '03676' '80338' '35209' '14040' '18502' '43285' '72141' '67850' '39994' '51779' '05413' };
offsets = [3320972 1459280 2926933 242042 143844 393683 3496636 588711 1923075 996734 2018053 3217370 860366 48138 4461099 4297512 4151186 3325111 2866903 33968 ];

