target=0.50;discardreversals=2;startvalue=0.00;steps=[4  2  1];selfservice=0;
threshold = [-15.00 ];
values = [0.00 -6.00 -12.00 -10.00 -9.00 -12.00 -13.50 -13.00 -14.50 -14.00 -14.50 -15.00 -16.50 -15.00 -15.50 -16.00 -17.50 -16.00 -18.50 -17.00 ];
reversals = [0 0 1 0 -1 0 1 -1 1 -1 0 0 1 -1 0 0 1 -1 1 0 ];
measures = [0 0 0 0 0 0 1 1 1 1 1 1 1 1 1 1 1 1 1 1 ];
presentations = [1 2 3 4 5 6 7 8 9 10 11 12 13 14 15 16 17 18 19 20 ];
answers = [4 4 2 2 4 4 2 4 2 3 3 4 1 3 3 4 1 5 1 0 ];
adjustments = [-6 -6 2 1 -3 -1.5 0.5 -1.5 0.5 -0.5 -0.5 -1.5 1.5 -0.5 -0.5 -1.5 1.5 -2.5 1.5 2.5 ];
sentences = {'68819' '16140' '48835' '59026' '82487' '24318' '66553' '55025' '03491' '74972' '87263' '77974' '41634' '30757' '22586' '15149' '90790' '03262' '99308' '31601' };
offsets = [4416566 3652202 1703071 1746926 3178381 2306411 2999896 788717 1960839 4454746 3251118 170838 273222 3578549 4504327 2550613 2486382 139293 2175898 1832307 ];

