target=0.50;discardreversals=2;startvalue=0.00;steps=[4  2  1];selfservice=0;
threshold = [-5.00 ];
values = [0.00 -2.00 -4.00 -10.00 0.00 -5.00 -7.50 -5.00 -7.50 -6.00 -4.50 -6.00 -3.50 -4.00 -2.50 -2.00 -2.50 -5.00 -5.50 -4.00 ];
reversals = [0 0 0 1 -1 0 1 -1 1 0 -1 1 -1 1 0 -1 0 0 1 0 ];
measures = [0 0 0 0 0 0 1 1 1 1 1 1 1 1 1 1 1 1 1 1 ];
presentations = [1 2 3 4 5 6 7 8 9 10 11 12 13 14 15 16 17 18 19 20 ];
answers = [3 3 4 0 5 5 0 5 1 1 4 0 3 1 2 3 5 3 1 2 ];
adjustments = [-2 -2 -6 10 -5 -2.5 2.5 -2.5 1.5 1.5 -1.5 2.5 -0.5 1.5 0.5 -0.5 -2.5 -0.5 1.5 0.5 ];
sentences = {'70565' '48832' '41634' '55025' '74972' '66127' '03676' '22586' '16140' '35209' '52988' '87263' '68819' '29394' '87713' '99308' '91451' '14040' '03491' '30757' };
offsets = [11394 35580 32441 10963 19873 42395 28728 8460 10070 8835 7795 8608 648 1337 8759 9534 22494 8473 797 2469 ];

