target=0.50;discardreversals=2;startvalue=0.00;steps=[4  2  1];selfservice=0;
threshold = [-5.25 ];
values = [0.00 -10.00 0.00 -5.00 -7.50 -6.00 -5.50 -7.00 -4.50 -6.00 -3.50 -6.00 -4.50 -6.00 -6.50 -5.00 -2.50 -5.00 -4.50 -4.00 ];
reversals = [0 1 -1 0 1 0 -1 1 -1 1 -1 1 -1 0 1 0 -1 1 0 -1 ];
measures = [0 0 0 0 1 1 1 1 1 1 1 1 1 1 1 1 1 1 1 1 ];
presentations = [1 2 3 4 5 6 7 8 9 10 11 12 13 14 15 16 17 18 19 20 ];
answers = [5 0 5 5 1 2 4 0 4 0 5 1 4 3 1 0 5 2 2 5 ];
adjustments = [-10 10 -5 -2.5 1.5 0.5 -1.5 2.5 -1.5 2.5 -2.5 1.5 -1.5 -0.5 1.5 2.5 -2.5 0.5 0.5 -2.5 ];
sentences = {'95162' '10681' '82487' '82009' '59026' '90790' '07970' '34226' '24318' '63558' '51417' '31601' '48835' '03262' '29744' '46393' '77974' '78835' '66553' '15149' };
offsets = [4062 9000 13332 10058 34392 2846 18875 31608 24326 18065 21871 3053 33846 16549 1529 27466 10660 2754 464 7507 ];

