target=0.50;discardreversals=2;startvalue=0.00;steps=[4  2  1];selfservice=0;
threshold = [-13.25 ];
values = [0.00 -10.00 0.00 -5.00 -6.50 -9.00 -11.50 -12.00 -14.50 -14.00 -11.50 -10.00 -10.50 -11.00 -13.50 -11.00 -13.50 -15.00 -15.50 -13.00 ];
reversals = [0 1 -1 0 0 0 0 0 1 0 0 -1 0 0 1 -1 0 0 1 -1 ];
measures = [0 0 0 0 0 0 0 0 1 1 1 1 1 1 1 1 1 1 1 1 ];
presentations = [1 2 3 4 5 6 7 8 9 10 11 12 13 14 15 16 17 18 19 20 ];
answers = [5 0 5 4 5 5 3 5 2 0 1 3 3 5 0 5 4 3 0 4 ];
adjustments = [-10 10 -5 -1.5 -2.5 -2.5 -0.5 -2.5 0.5 2.5 1.5 -0.5 -0.5 -2.5 2.5 -2.5 -1.5 -0.5 2.5 -1.5 ];
sentences = {'59026' '31601' '69444' '85813' '90790' '06251' '12339' '15149' '44697' '98162' '03262' '33528' '48835' '50976' '66553' '21080' '77974' '24318' '77705' '82487' };
offsets = [1041624 754905 78797 263776 2610919 2484623 522469 3021207 4376030 799615 3612590 351384 2647006 4511025 3263826 69082 1670747 625838 4151691 694839 ];

