target=0.50;discardreversals=2;startvalue=0.00;steps=[4  2  1];selfservice=0;
threshold = [-6.25 ];
values = [0.00 -10.00 0.00 -5.00 -5.50 -6.00 -5.50 -7.00 -8.50 -6.00 -6.50 -6.00 -5.50 -8.00 -6.50 -7.00 -5.50 -7.00 -6.50 -4.00 ];
reversals = [0 1 -1 0 0 1 -1 0 1 -1 1 0 -1 1 -1 1 -1 1 0 -1 ];
measures = [0 0 0 0 0 1 1 1 1 1 1 1 1 1 1 1 1 1 1 1 ];
presentations = [1 2 3 4 5 6 7 8 9 10 11 12 13 14 15 16 17 18 19 20 ];
answers = [5 0 5 3 3 2 4 4 0 3 2 2 5 1 3 1 4 2 0 5 ];
adjustments = [-10 10 -5 -0.5 -0.5 0.5 -1.5 -1.5 2.5 -0.5 0.5 0.5 -2.5 1.5 -0.5 1.5 -1.5 0.5 2.5 -2.5 ];
sentences = {'22336' '89135' '33980' '52277' '18314' '93692' '11755' '87470' '69009' '24621' '47048' '08168' '00456' '95569' '54841' '61793' '36514' '45923' '76802' '70287' };
offsets = [20166 6083 11841 3659 16746 25997 1194 17056 3187 16151 21413 17763 3990 17139 2230 13748 32492 15978 422 645 ];

