target=0.50;discardreversals=2;startvalue=0.00;steps=[4  2  1];selfservice=0;
threshold = [-38.25 ];
values = [5.00 -5.00 -15.00 -25.00 -35.00 -45.00 -35.00 -40.00 -37.50 -39.00 -39.50 -39.00 -36.50 -35.00 -37.50 -35.00 -36.50 -39.00 -41.50 -39.00 ];
reversals = [0 0 0 0 0 1 -1 1 -1 0 1 0 0 -1 1 -1 0 0 1 -1 ];
measures = [0 0 0 0 0 0 0 1 1 1 1 1 1 1 1 1 1 1 1 1 ];
presentations = [1 2 3 4 5 6 7 8 9 10 11 12 13 14 15 16 17 18 19 20 ];
answers = [5 5 5 5 5 0 5 0 4 3 2 0 1 5 0 4 5 5 0 4 ];
adjustments = [-10 -10 -10 -10 -10 10 -5 2.5 -1.5 -0.5 0.5 2.5 1.5 -2.5 2.5 -1.5 -2.5 -2.5 2.5 -1.5 ];
sentences = {'35209' '29394' '82487' '66127' '14040' '90790' '15149' '48835' '87713' '03676' '52988' '77974' '91451' '03262' '31601' '48832' '24318' '70565' '59026' '66553' };
offsets = [11648 12381 32583 4260 62833 3037 26556 63414 69795 56834 66304 55535 29125 40509 75059 67725 31907 15678 1818 33787 ];

