target=0.50;discardreversals=2;startvalue=0.00;steps=[4  2  1];selfservice=0;
threshold = [-4.00 ];
values = [0.00 -6.00 -8.00 2.00 -3.00 -1.50 -4.00 -6.50 -4.00 -6.50 -4.00 -1.50 -4.00 -4.50 -3.00 -5.50 -3.00 -4.50 -4.00 -5.50 ];
reversals = [0 0 1 -1 1 -1 0 1 -1 1 0 -1 0 1 -1 1 -1 1 -1 0 ];
measures = [0 0 0 0 1 1 1 1 1 1 1 1 1 1 1 1 1 1 1 1 ];
presentations = [1 2 3 4 5 6 7 8 9 10 11 12 13 14 15 16 17 18 19 20 ];
answers = [4 3 0 5 1 5 5 0 5 0 0 5 3 1 5 0 4 2 4 4 ];
adjustments = [-6 -2 10 -5 1.5 -2.5 -2.5 2.5 -2.5 2.5 2.5 -2.5 -0.5 1.5 -2.5 2.5 -1.5 0.5 -1.5 -1.5 ];
sentences = {'03491' '35209' '41634' '87713' '48832' '29394' '87263' '91451' '70565' '66127' '03676' '55025' '52988' '30757' '99308' '22586' '16140' '74972' '68819' '14040' };
offsets = [37605 10004 2180 11466 31823 3308 3119 6132 20706 14431 27165 13161 13762 3863 8315 2336 30144 6040 20195 7711 ];

