target=0.50;discardreversals=2;startvalue=0.00;steps=[4  2  1];selfservice=0;
threshold = [-5.00 ];
values = [0.00 -2.00 -12.00 -2.00 1.00 -4.00 -5.50 -5.00 -4.50 -4.00 -6.50 -5.00 -4.50 -7.00 -5.50 -4.00 -4.50 -6.00 -3.50 -6.00 ];
reversals = [0 0 1 0 -1 0 1 0 0 -1 1 0 -1 1 0 -1 0 1 -1 0 ];
measures = [0 0 0 0 0 0 1 1 1 1 1 1 1 1 1 1 1 1 1 1 ];
presentations = [1 2 3 4 5 6 7 8 9 10 11 12 13 14 15 16 17 18 19 20 ];
answers = [3 5 0 1 5 4 2 2 2 5 1 2 5 1 1 3 4 0 5 3 ];
adjustments = [-2 -10 10 3 -5 -1.5 0.5 0.5 0.5 -2.5 1.5 0.5 -2.5 1.5 1.5 -0.5 -1.5 2.5 -2.5 -0.5 ];
sentences = {'86800' '51437' '92629' '87263' '03491' '16140' '41634' '18348' '99308' '22586' '68819' '30757' '55025' '65555' '74972' '34994' '23081' '47173' '70762' '09216' };
offsets = [18375 11218 24987 21159 44726 19670 34828 5106 25476 33762 33380 4409 353 14927 19625 27685 21175 18328 181 16070 ];

