target=0.50;discardreversals=2;startvalue=0.00;steps=[4  2  1];selfservice=0;
threshold = [-16.50 ];
values = [0.00 -10.00 -20.00 -10.00 -15.00 -13.50 -14.00 -16.50 -14.00 -16.50 -19.00 -18.50 -17.00 -18.50 -20.00 -20.50 -19.00 -16.50 -19.00 -19.50 ];
reversals = [0 0 1 -1 1 -1 0 1 -1 0 1 0 -1 0 0 1 0 -1 0 1 ];
measures = [0 0 0 0 1 1 1 1 1 1 1 1 1 1 1 1 1 1 1 1 ];
presentations = [1 2 3 4 5 6 7 8 9 10 11 12 13 14 15 16 17 18 19 20 ];
answers = [5 5 0 5 1 3 5 0 5 5 2 1 4 4 3 1 0 5 3 1 ];
adjustments = [-10 -10 10 -5 1.5 -0.5 -2.5 2.5 -2.5 -2.5 0.5 1.5 -1.5 -1.5 -0.5 1.5 2.5 -2.5 -0.5 1.5 ];
sentences = {'00456' '89135' '03262' '24621' '31601' '76802' '66553' '33980' '52277' '24318' '77974' '61793' '90790' '48835' '15149' '82487' '18314' '59026' '47048' '95569' };
offsets = [920168 212009 3141374 3175547 4318667 1933183 3447112 368488 444718 2538740 4622829 1235145 4003662 1113411 2343157 2373975 1777115 3089295 2372442 1007616 ];

