target=0.50;discardreversals=2;startvalue=0.00;steps=[4  2  1];selfservice=0;
threshold = [4.00 ];
values = [5.00 15.00 5.00 4.00 5.00 3.50 2.00 0.50 1.00 2.50 2.00 1.50 4.00 5.50 4.00 4.50 3.00 2.50 4.00 2.50 ];
reversals = [0 -1 0 1 -1 0 0 1 0 -1 0 1 0 -1 1 -1 0 1 -1 0 ];
measures = [0 0 0 0 1 1 1 1 1 1 1 1 1 1 1 1 1 1 1 1 ];
presentations = [1 2 3 4 5 6 7 8 9 10 11 12 13 14 15 16 17 18 19 20 ];
answers = [0 5 3 2 4 4 4 2 1 3 3 0 1 4 2 4 3 1 4 5 ];
adjustments = [10 -10 -1 1 -1.5 -1.5 -1.5 0.5 1.5 -0.5 -0.5 2.5 1.5 -1.5 0.5 -1.5 -0.5 1.5 -1.5 -2.5 ];
sentences = {'89135' '00456' '47048' '29744' '95162' '07970' '95569' '52277' '61793' '10681' '63558' '33980' '78835' '51417' '34226' '46393' '18314' '76802' '82009' '24621' };
offsets = [19889 11422 39169 39774 41257 66496 3400 37721 6466 2579 5518 61925 21550 45396 32805 49497 75841 2396 17568 37643 ];

