target=0.50;discardreversals=2;startvalue=0.00;steps=[4  2  1];selfservice=0;
threshold = [3.00 ];
values = [5.00 15.00 5.00 2.00 1.00 4.00 1.50 3.00 1.50 1.00 2.50 4.00 3.50 2.00 0.50 3.00 0.50 -2.00 0.50 3.00 ];
reversals = [0 -1 0 0 1 -1 1 -1 0 1 0 -1 0 0 1 -1 0 1 0 -1 ];
measures = [0 0 0 0 0 1 1 1 1 1 1 1 1 1 1 1 1 1 1 1 ];
presentations = [1 2 3 4 5 6 7 8 9 10 11 12 13 14 15 16 17 18 19 20 ];
answers = [0 5 4 3 1 5 1 4 3 1 1 3 4 4 0 5 5 0 0 4 ];
adjustments = [10 -10 -3 -1 3 -2.5 1.5 -1.5 -0.5 1.5 1.5 -0.5 -1.5 -1.5 2.5 -2.5 -2.5 2.5 2.5 -1.5 ];
sentences = {'29744' '87263' '99308' '16140' '74972' '10681' '68819' '55025' '41634' '30757' '78835' '46393' '51417' '03491' '82009' '63558' '07970' '34226' '22586' '95162' };
offsets = [68671 39423 32913 43125 59032 34365 11839 51294 33870 37677 50371 98568 71243 6093 77664 85730 77119 36082 26996 64290 ];

