target=0.50;discardreversals=2;startvalue=0.00;steps=[4  2  1];selfservice=0;
threshold = [-1.00 ];
values = [0.00 10.00 0.00 1.00 -1.50 -4.00 -1.50 -2.00 0.50 -2.00 -0.50 -1.00 -0.50 -2.00 0.50 -1.00 1.50 -1.00 -2.50 -2.00 ];
reversals = [0 -1 1 -1 0 1 -1 1 -1 1 -1 1 -1 1 -1 1 -1 0 1 0 ];
measures = [0 0 0 1 1 1 1 1 1 1 1 1 1 1 1 1 1 1 1 1 ];
presentations = [1 2 3 4 5 6 7 8 9 10 11 12 13 14 15 16 17 18 19 20 ];
answers = [0 5 2 5 5 0 3 0 5 1 3 2 4 0 4 0 5 4 2 0 ];
adjustments = [10 -10 1 -2.5 -2.5 2.5 -0.5 2.5 -2.5 1.5 -0.5 0.5 -1.5 2.5 -1.5 2.5 -2.5 -1.5 0.5 2.5 ];
sentences = {'90790' '03262' '22336' '69009' '82487' '54841' '87470' '31601' '70287' '08168' '45923' '36514' '77974' '15149' '93692' '48835' '66553' '59026' '24318' '11755' };
offsets = [9857 6800 1696 30138 8326 11885 5096 5414 17123 26830 15289 14126 6479 7898 24497 22513 7144 18748 9502 42 ];

