target=0.50;discardreversals=2;startvalue=0.00;steps=[4  2  1];selfservice=0;
threshold = [1.25 ];
values = [0.00 10.00 4.00 3.00 8.00 5.50 4.00 2.50 0.00 2.50 1.00 -1.50 1.00 2.50 1.00 1.50 0.00 -0.50 0.00 1.50 ];
reversals = [0 -1 0 1 -1 0 0 0 1 -1 0 1 0 -1 1 -1 0 1 0 0 ];
measures = [0 0 0 0 1 1 1 1 1 1 1 1 1 1 1 1 1 1 1 1 ];
presentations = [1 2 3 4 5 6 7 8 9 10 11 12 13 14 15 16 17 18 19 20 ];
answers = [0 4 3 0 5 4 4 5 0 4 5 0 1 4 2 4 3 2 1 2 ];
adjustments = [10 -6 -1 5 -2.5 -1.5 -1.5 -2.5 2.5 -1.5 -2.5 2.5 1.5 -1.5 0.5 -1.5 -0.5 0.5 1.5 0.5 ];
sentences = {'07970' '72141' '29744' '95162' '46393' '94067' '80338' '05413' '43285' '34226' '26626' '51779' '78835' '18502' '82009' '51417' '39994' '63558' '10681' '67850' };
offsets = [762 11742 6332 11478 32367 29651 3702 18312 9623 4949 39082 15492 1599 9747 3241 9078 12430 17932 8621 2127 ];

