target=0.50;discardreversals=2;startvalue=0.00;steps=[4  2  1];selfservice=0;
threshold = [8.00 ];
values = [0.00 10.00 20.00 10.00 5.00 8.00 7.50 7.00 6.50 9.00 8.50 6.00 8.50 7.00 6.50 6.00 8.50 7.00 5.50 4.00 ];
reversals = [0 0 -1 0 1 -1 0 0 1 -1 0 1 -1 0 0 1 -1 0 0 0 ];
measures = [0 0 0 0 0 1 1 1 1 1 1 1 1 1 1 1 1 1 1 1 ];
presentations = [1 2 3 4 5 6 7 8 9 10 11 12 13 14 15 16 17 18 19 20 ];
answers = [0 0 5 5 1 3 3 3 0 3 5 0 4 3 3 0 4 4 4 3 ];
adjustments = [10 10 -10 -5 3 -0.5 -0.5 -0.5 2.5 -0.5 -2.5 2.5 -1.5 -0.5 -0.5 2.5 -1.5 -1.5 -1.5 -0.5 ];
sentences = {'41634' '68819' '18348' '86800' '51437' '30757' '23081' '87263' '70762' '03491' '55025' '34994' '09216' '92629' '47173' '16140' '74972' '65555' '22586' '99308' };
offsets = [3292972 3960229 144629 3317823 2910979 2219422 1578796 3560824 1792567 1268350 2834152 2011023 3415913 1423871 3288004 4426907 3218008 3776615 1989811 4139028 ];

