target=0.50;discardreversals=2;startvalue=0.00;steps=[4  2  1];selfservice=0;
threshold = [3.50 ];
values = [0.00 10.00 0.00 5.00 4.50 2.00 4.50 5.00 3.50 6.00 3.50 3.00 3.50 6.00 3.50 1.00 3.50 1.00 3.50 4.00 ];
reversals = [0 -1 1 -1 0 1 0 -1 1 -1 0 1 0 -1 0 1 -1 1 0 -1 ];
measures = [0 0 0 1 1 1 1 1 1 1 1 1 1 1 1 1 1 1 1 1 ];
presentations = [1 2 3 4 5 6 7 8 9 10 11 12 13 14 15 16 17 18 19 20 ];
answers = [0 5 0 3 5 0 2 4 0 5 3 2 0 5 5 0 5 0 2 3 ];
adjustments = [10 -10 5 -0.5 -2.5 2.5 0.5 -1.5 2.5 -2.5 -0.5 0.5 2.5 -2.5 -2.5 2.5 -2.5 2.5 0.5 -0.5 ];
sentences = {'51779' '26626' '48835' '90790' '66553' '24318' '80338' '77974' '43285' '15149' '05413' '94067' '31601' '72141' '82487' '18502' '03262' '39994' '59026' '67850' };
offsets = [14440 34048 31547 5219 13253 2203 9817 15893 18678 2114 18812 22048 2538 15890 13014 18994 18907 22114 1307 18013 ];

