target=0.50;discardreversals=2;startvalue=0.00;steps=[4  2  1];selfservice=0;
threshold = [4.50 ];
values = [0.00 10.00 4.00 1.00 6.00 3.50 6.00 4.50 5.00 5.50 3.00 5.50 3.00 0.50 3.00 0.50 3.00 5.50 4.00 1.50 ];
reversals = [0 -1 0 1 -1 1 -1 1 0 -1 1 -1 0 1 -1 1 0 -1 0 0 ];
measures = [0 0 0 0 1 1 1 1 1 1 1 1 1 1 1 1 1 1 1 1 ];
presentations = [1 2 3 4 5 6 7 8 9 10 11 12 13 14 15 16 17 18 19 20 ];
answers = [0 4 4 0 5 0 4 2 2 5 0 5 5 0 5 0 0 4 5 4 ];
adjustments = [10 -6 -3 5 -2.5 2.5 -1.5 0.5 0.5 -2.5 2.5 -2.5 -2.5 2.5 -2.5 2.5 2.5 -1.5 -2.5 -1.5 ];
sentences = {'94067' '39994' '24318' '18502' '05413' '31601' '59026' '80338' '43285' '66553' '48835' '72141' '67850' '03262' '26626' '82487' '51779' '90790' '15149' '77974' };
offsets = [13470 18992 12060 10872 15416 28426 16505 5705 6779 21143 22054 6735 17857 12830 19156 18228 8004 8419 6530 21520 ];

