target=0.50;discardreversals=2;startvalue=0.00;steps=[4  2  1];selfservice=0;
threshold = [-1.00 ];
values = [0.00 10.00 4.00 5.00 2.50 1.00 0.50 0.00 -0.50 0.00 0.50 -1.00 -3.50 -1.00 -2.50 -2.00 -3.50 -1.00 -0.50 2.00 ];
reversals = [0 -1 1 -1 0 0 0 0 1 0 -1 0 1 -1 1 -1 1 0 0 -1 ];
measures = [0 0 0 1 1 1 1 1 1 1 1 1 1 1 1 1 1 1 1 1 ];
presentations = [1 2 3 4 5 6 7 8 9 10 11 12 13 14 15 16 17 18 19 20 ];
answers = [0 4 2 5 4 3 3 3 2 2 4 5 0 4 2 4 0 2 0 3 ];
adjustments = [10 -6 1 -2.5 -1.5 -0.5 -0.5 -0.5 0.5 0.5 -1.5 -2.5 2.5 -1.5 0.5 -1.5 2.5 0.5 2.5 -0.5 ];
sentences = {'18502' '43285' '95162' '72141' '34226' '26626' '10681' '82009' '80338' '94067' '67850' '46393' '39994' '07970' '63558' '51417' '78835' '51779' '29744' '05413' };
offsets = [3202755 2135428 3640130 2516328 3141734 4743160 3257477 395036 1125797 3290793 2292592 2422867 661876 4218908 1754042 3615486 2028586 2131404 2858981 3704682 ];

