target=0.75;minreversals=14;discardreversals=4;minmeasures=25;startvalue=70.00;steps=[4  4  2  1];feedback=0;
threshold = [123.00 ];
values = [86.00 82.00 78.00 74.00 74.00 86.00 86.00 82.00 88.00 92.00 95.00 99.00 98.00 101.00 101.00 105.00 109.00 109.00 109.00 109.00 109.00 109.00 112.00 115.00 118.00 122.00 121.00 120.00 120.00 120.00 123.00 122.00 121.00 120.00 123.00 127.00 126.00 126.00 125.00 125.00 124.00 123.00 123.00 122.00 122.00 122.00 125.00 129.00 129.00 129.00 129.00 132.00 136.00 135.00 134.00 134.00 133.00 132.00 135.00 134.00 134.00 134.00 134.00 ];
reversals = [0 0 0 0 1 0 -1 1 0 0 0 -1 1 0 0 0 0 0 0 0 0 0 0 0 0 -1 0 0 0 1 -1 0 0 1 0 -1 0 0 0 0 0 0 0 0 0 1 0 0 0 0 0 0 -1 0 0 0 0 1 -1 0 0 0 1 ];
measures = [0 0 0 0 0 0 0 0 0 0 0 0 1 1 1 1 1 1 1 1 1 1 1 1 1 1 1 1 1 1 1 1 1 1 1 1 1 1 1 1 1 1 1 1 1 1 1 1 1 1 1 1 1 1 1 1 1 1 1 1 1 1 1 ];
presentations = [1 1 1 0 1 0 1 1 0 1 0 1 1 0 0 0 0 0 0 0 0 1 1 1 0 1 1 0 0 1 1 1 1 1 0 1 0 1 0 1 1 0 1 0 0 1 0 0 0 0 1 0 1 1 0 1 1 1 1 0 0 0 1 ];
answers = [1 1 1 0 0 0 1 0 1 0 1 1 0 0 1 1 0 0 0 0 0 0 0 0 1 1 1 0 0 0 1 1 1 0 1 1 0 1 0 1 1 0 1 0 0 0 1 0 0 0 0 1 1 1 0 1 1 0 1 0 0 0 0 ];
adjustments = [-4 -4 -4 0 12 0 -4 6 4 3 4 -1 3 0 4 4 0 0 0 0 0 3 3 3 4 -1 -1 0 0 3 -1 -1 -1 3 4 -1 0 -1 0 -1 -1 0 -1 0 0 3 4 0 0 0 3 4 -1 -1 0 -1 -1 3 -1 0 0 0 3 ];

