target=0.75;minreversals=14;discardreversals=4;minmeasures=25;startvalue=70.00;steps=[4  4  2  1];feedback=0;
threshold = [197.50 ];
values = [86.00 82.00 78.00 74.00 86.00 82.00 88.00 92.00 92.00 95.00 94.00 97.00 101.00 101.00 101.00 104.00 104.00 108.00 108.00 108.00 108.00 111.00 115.00 118.00 117.00 116.00 120.00 120.00 120.00 123.00 126.00 126.00 130.00 130.00 133.00 137.00 137.00 140.00 144.00 144.00 147.00 151.00 154.00 157.00 161.00 164.00 168.00 168.00 171.00 171.00 174.00 173.00 177.00 180.00 184.00 184.00 184.00 187.00 190.00 193.00 197.00 200.00 200.00 200.00 203.00 206.00 206.00 206.00 209.00 209.00 209.00 209.00 209.00 209.00 209.00 212.00 216.00 216.00 216.00 219.00 222.00 221.00 224.00 227.00 230.00 233.00 233.00 236.00 236.00 239.00 242.00 245.00 245.00 245.00 245.00 245.00 245.00 245.00 248.00 248.00 251.00 254.00 257.00 260.00 263.00 266.00 266.00 269.00 269.00 272.00 275.00 278.00 278.00 278.00 278.00 281.00 281.00 281.00 284.00 284.00 287.00 291.00 290.00 293.00 296.00 ];
reversals = [0 0 0 1 -1 1 0 0 0 -1 1 0 0 0 0 0 0 0 0 0 0 0 0 -1 0 1 0 0 0 0 0 0 0 0 0 0 0 0 0 0 0 0 0 0 0 0 0 0 0 0 -1 1 0 0 0 0 0 0 0 0 0 0 0 0 0 0 0 0 0 0 0 0 0 0 0 0 0 0 0 0 -1 1 0 0 0 0 0 0 0 0 0 0 0 0 0 0 0 0 0 0 0 0 0 0 0 0 0 0 0 0 0 0 0 0 0 0 0 0 0 0 0 -1 1 0 -1 ];
measures = [0 0 0 0 0 0 0 0 0 0 1 1 1 1 1 1 1 1 1 1 1 1 1 1 1 1 1 1 1 1 1 1 1 1 1 1 1 1 1 1 1 1 1 1 1 1 1 1 1 1 1 1 1 1 1 1 1 1 1 1 1 1 1 1 1 1 1 1 1 1 1 1 1 1 1 1 1 1 1 1 1 1 1 1 1 1 1 1 1 1 1 1 1 1 1 1 1 1 1 1 1 1 1 1 1 1 1 1 1 1 1 1 1 1 1 1 1 1 1 1 1 1 1 1 1 ];
presentations = [1 1 1 1 1 1 0 0 1 1 1 0 0 0 1 0 0 0 0 0 1 0 1 1 1 0 0 0 1 1 0 0 0 1 0 0 1 0 0 1 0 1 1 0 1 0 0 1 0 1 1 0 1 0 0 0 1 1 1 0 1 0 0 1 1 0 0 1 0 0 0 0 0 0 1 0 0 0 1 1 1 1 1 1 1 0 1 0 1 1 1 0 0 0 0 0 0 1 0 1 1 1 1 1 1 0 1 0 1 1 1 0 0 0 1 0 0 1 0 1 0 1 1 1 1 ];
answers = [1 1 1 0 1 0 1 0 0 1 0 1 0 0 0 0 1 0 0 0 0 1 0 1 1 1 0 0 0 0 0 1 0 0 1 0 0 1 0 0 1 0 0 1 0 1 0 0 0 0 1 1 0 1 0 0 0 0 0 1 0 0 0 0 0 0 0 0 0 0 0 0 0 0 0 1 0 0 0 0 1 0 0 0 0 0 0 0 0 0 0 0 0 0 0 0 0 0 0 0 0 0 0 0 0 0 0 0 0 0 0 0 0 0 0 0 0 0 0 0 1 1 0 0 1 ];
adjustments = [-4 -4 -4 12 -4 6 4 0 3 -1 3 4 0 0 3 0 4 0 0 0 3 4 3 -1 -1 4 0 0 3 3 0 4 0 3 4 0 3 4 0 3 4 3 3 4 3 4 0 3 0 3 -1 4 3 4 0 0 3 3 3 4 3 0 0 3 3 0 0 3 0 0 0 0 0 0 3 4 0 0 3 3 -1 3 3 3 3 0 3 0 3 3 3 0 0 0 0 0 0 3 0 3 3 3 3 3 3 0 3 0 3 3 3 0 0 0 3 0 0 3 0 3 4 -1 3 3 -1 ];

