target=0.50;discardreversals=2;startvalue=0.00;steps=[4  2  1];selfservice=0;
threshold = [0.50 ];
values = [0.00 10.00 0.00 5.00 3.50 3.00 2.50 0.00 2.50 0.00 0.50 -1.00 1.50 -1.00 1.50 1.00 0.50 0.00 -0.50 1.00 ];
reversals = [0 -1 1 -1 0 0 0 1 -1 1 -1 1 -1 1 -1 0 0 0 1 -1 ];
measures = [0 0 0 1 1 1 1 1 1 1 1 1 1 1 1 1 1 1 1 1 ];
presentations = [1 2 3 4 5 6 7 8 9 10 11 12 13 14 15 16 17 18 19 20 ];
answers = [0 5 0 4 3 3 5 0 5 2 4 0 5 0 3 3 3 3 1 5 ];
adjustments = [10 -10 5 -1.5 -0.5 -0.5 -2.5 2.5 -2.5 0.5 -1.5 2.5 -2.5 2.5 -0.5 -0.5 -0.5 -0.5 1.5 -2.5 ];
sentences = {'51417' '78835' '34226' '59026' '82009' '48835' '03262' '95162' '82487' '90790' '29744' '31601' '07970' '24318' '77974' '66553' '46393' '15149' '10681' '63558' };
offsets = [6678 20036 11338 29804 187 24321 7585 5867 29960 6159 6683 11944 21505 12277 3041 20770 11125 8995 11029 5964 ];

