target=0.75;minreversals=14;discardreversals=4;minmeasures=25;startvalue=70.00;steps=[4  4  2  1];feedback=0;
threshold = [151.50 ];
values = [94.00 90.00 86.00 82.00 94.00 94.00 106.00 118.00 114.00 112.00 112.00 110.00 108.00 106.00 104.00 104.00 104.00 110.00 113.00 117.00 116.00 116.00 119.00 119.00 122.00 126.00 125.00 125.00 125.00 125.00 125.00 125.00 125.00 129.00 132.00 131.00 135.00 134.00 134.00 134.00 134.00 134.00 134.00 134.00 134.00 137.00 137.00 137.00 140.00 143.00 146.00 149.00 149.00 152.00 151.00 155.00 154.00 154.00 157.00 156.00 160.00 160.00 160.00 160.00 160.00 160.00 163.00 167.00 170.00 170.00 173.00 172.00 175.00 174.00 173.00 172.00 ];
reversals = [0 0 0 1 0 0 0 -1 0 0 0 0 0 0 0 0 1 0 0 -1 0 1 0 0 0 -1 0 0 0 0 0 0 1 0 -1 1 -1 0 0 0 0 0 0 0 1 0 0 0 0 0 0 0 0 -1 1 -1 0 1 -1 1 0 0 0 0 0 0 0 0 0 0 -1 1 -1 0 0 0 ];
measures = [0 0 0 0 0 0 0 0 0 0 0 0 0 0 0 0 0 0 0 0 0 1 1 1 1 1 1 1 1 1 1 1 1 1 1 1 1 1 1 1 1 1 1 1 1 1 1 1 1 1 1 1 1 1 1 1 1 1 1 1 1 1 1 1 1 1 1 1 1 1 1 1 1 1 1 1 ];
presentations = [1 1 1 1 0 1 1 1 1 0 1 1 1 1 0 0 1 1 0 1 0 1 0 1 0 1 0 0 0 0 0 0 0 1 1 0 1 0 0 0 0 0 0 0 1 0 0 1 1 1 1 0 1 1 0 1 0 1 1 0 0 0 0 0 0 1 0 1 0 1 1 1 1 1 1 1 ];
answers = [1 1 1 0 0 0 0 1 1 0 1 1 1 1 0 0 0 0 1 1 0 0 0 0 1 1 0 0 0 0 0 0 1 0 1 1 1 0 0 0 0 0 0 0 0 0 0 0 0 0 0 0 0 1 1 1 0 0 1 1 0 0 0 0 0 0 1 0 0 0 1 0 1 1 1 1 ];
adjustments = [-4 -4 -4 12 0 12 12 -4 -2 0 -2 -2 -2 -2 0 0 6 3 4 -1 0 3 0 3 4 -1 0 0 0 0 0 0 4 3 -1 4 -1 0 0 0 0 0 0 0 3 0 0 3 3 3 3 0 3 -1 4 -1 0 3 -1 4 0 0 0 0 0 3 4 3 0 3 -1 3 -1 -1 -1 -1 ];

