target=0.75;minreversals=14;discardreversals=4;minmeasures=25;startvalue=60.00;steps=[8  8  4  2];feedback=0;
threshold = [167.00 ];
values = [92.00 116.00 108.00 100.00 100.00 100.00 100.00 100.00 100.00 124.00 136.00 136.00 148.00 160.00 160.00 160.00 156.00 156.00 156.00 162.00 170.00 176.00 176.00 176.00 176.00 176.00 174.00 174.00 172.00 172.00 170.00 168.00 168.00 168.00 166.00 166.00 166.00 164.00 162.00 162.00 162.00 162.00 160.00 160.00 160.00 158.00 158.00 158.00 156.00 156.00 154.00 154.00 154.00 152.00 158.00 158.00 158.00 156.00 154.00 154.00 154.00 152.00 150.00 158.00 166.00 172.00 172.00 172.00 178.00 178.00 178.00 176.00 176.00 174.00 172.00 172.00 172.00 172.00 170.00 170.00 168.00 166.00 164.00 170.00 168.00 166.00 166.00 166.00 166.00 164.00 170.00 176.00 176.00 176.00 176.00 176.00 176.00 176.00 176.00 182.00 182.00 188.00 196.00 196.00 194.00 ];
reversals = [0 -1 0 0 0 0 0 0 1 0 0 0 0 0 0 -1 0 0 1 0 0 0 0 0 0 -1 0 0 0 0 0 0 0 0 0 0 0 0 0 0 0 0 0 0 0 0 0 0 0 0 0 0 0 1 0 0 -1 0 0 0 0 0 1 0 0 0 0 0 0 0 -1 0 0 0 0 0 0 0 0 0 0 0 1 -1 0 0 0 0 0 1 0 0 0 0 0 0 0 0 0 0 0 0 0 -1 1 ];
measures = [0 0 0 0 0 0 0 0 0 0 0 0 0 0 0 0 0 0 0 0 0 0 0 0 0 1 1 1 1 1 1 1 1 1 1 1 1 1 1 1 1 1 1 1 1 1 1 1 1 1 1 1 1 1 1 1 1 1 1 1 1 1 1 1 1 1 1 1 1 1 1 1 1 1 1 1 1 1 1 1 1 1 1 1 1 1 1 1 1 1 1 1 1 1 1 1 1 1 1 1 1 1 1 1 1 ];
presentations = [1 1 1 0 0 0 0 0 1 1 0 1 1 0 0 1 0 0 1 0 1 0 0 0 0 1 0 1 0 1 1 0 0 1 0 0 1 1 0 0 0 1 0 0 1 0 0 1 0 1 0 0 1 1 0 0 1 1 0 0 1 1 0 0 1 0 0 1 0 0 1 0 1 1 0 0 0 1 0 1 1 1 1 1 1 0 0 0 1 1 1 0 0 0 0 0 0 0 1 0 1 0 0 1 1 ];
answers = [0 1 1 0 0 0 0 0 0 0 0 0 0 0 0 1 0 0 0 1 0 0 0 0 0 1 0 1 0 1 1 0 0 1 0 0 1 1 0 0 0 1 0 0 1 0 0 1 0 1 0 0 1 0 0 0 1 1 0 0 1 1 1 1 0 0 0 0 0 0 1 0 1 1 0 0 0 1 0 1 1 1 0 1 1 0 0 0 1 0 0 0 0 0 0 0 0 0 0 0 0 1 0 1 0 ];
adjustments = [24 -8 -8 0 0 0 0 0 24 12 0 12 12 0 0 -4 0 0 6 8 6 0 0 0 0 -2 0 -2 0 -2 -2 0 0 -2 0 0 -2 -2 0 0 0 -2 0 0 -2 0 0 -2 0 -2 0 0 -2 6 0 0 -2 -2 0 0 -2 -2 8 8 6 0 0 6 0 0 -2 0 -2 -2 0 0 0 -2 0 -2 -2 -2 6 -2 -2 0 0 0 -2 6 6 0 0 0 0 0 0 0 6 0 6 8 0 -2 6 ];

