target=0.50;discardreversals=2;startvalue=0.00;steps=[4  2  1];selfservice=0;
threshold = [6.50 ];
values = [0.00 10.00 4.00 9.00 6.50 8.00 6.50 4.00 6.50 4.00 6.50 7.00 8.50 6.00 7.50 5.00 5.50 3.00 5.50 8.00 ];
reversals = [0 -1 1 -1 1 -1 0 1 -1 1 0 0 -1 1 -1 1 -1 1 0 -1 ];
measures = [0 0 0 1 1 1 1 1 1 1 1 1 1 1 1 1 1 1 1 1 ];
presentations = [1 2 3 4 5 6 7 8 9 10 11 12 13 14 15 16 17 18 19 20 ];
answers = [0 4 0 5 1 4 5 0 5 0 2 1 5 1 5 2 5 0 0 5 ];
adjustments = [10 -6 5 -2.5 1.5 -1.5 -2.5 2.5 -2.5 2.5 0.5 1.5 -2.5 1.5 -2.5 0.5 -2.5 2.5 2.5 -2.5 ];
sentences = {'05413' '51779' '18502' '43285' '18314' '24621' '95569' '00456' '89135' '67850' '39994' '61793' '52277' '76802' '80338' '94067' '72141' '47048' '33980' '26626' };
offsets = [2287306 3823146 148720 3493612 3689518 2681567 820526 1872196 3375922 844274 1774672 2971514 1852156 4732947 4075870 2620025 2496549 3697834 1856701 470258 ];

