target=0.50;discardreversals=2;startvalue=0.00;steps=[4  2  1];selfservice=0;
threshold = [-1.50 ];
values = [0.00 -10.00 0.00 -1.00 -2.50 0.00 1.50 -1.00 -1.50 0.00 -2.50 0.00 -0.50 -2.00 -2.50 0.00 -1.50 -2.00 -1.50 -2.00 ];
reversals = [0 1 -1 0 1 0 -1 0 1 -1 1 -1 0 0 1 -1 0 1 -1 1 ];
measures = [0 0 0 0 1 1 1 1 1 1 1 1 1 1 1 1 1 1 1 1 ];
presentations = [1 2 3 4 5 6 7 8 9 10 11 12 13 14 15 16 17 18 19 20 ];
answers = [5 0 3 4 0 1 5 3 1 5 0 3 4 3 0 4 3 2 3 0 ];
adjustments = [-10 10 -1 -1.5 2.5 1.5 -2.5 -0.5 1.5 -2.5 2.5 -0.5 -1.5 -0.5 2.5 -1.5 -0.5 0.5 -0.5 2.5 ];
sentences = {'22586' '69009' '54841' '08168' '30757' '74972' '70287' '45923' '11755' '55025' '68819' '22336' '16140' '99308' '36514' '87470' '87263' '41634' '03491' '93692' };
offsets = [1820 5018 12736 16816 570 3436 1023 12733 9163 6070 36112 26919 24130 15149 30700 14242 5753 13026 32521 13555 ];

