target=0.50;discardreversals=2;startvalue=0.00;steps=[4  2  1];selfservice=0;
threshold = [0.75 ];
values = [0.00 10.00 0.00 -3.00 2.00 0.50 -1.00 -1.50 1.00 0.50 2.00 1.50 4.00 3.50 1.00 -1.50 -1.00 -0.50 -2.00 -1.50 ];
reversals = [0 -1 0 1 -1 0 0 1 -1 1 -1 1 -1 0 0 1 0 -1 1 0 ];
measures = [0 0 0 0 1 1 1 1 1 1 1 1 1 1 1 1 1 1 1 1 ];
presentations = [1 2 3 4 5 6 7 8 9 10 11 12 13 14 15 16 17 18 19 20 ];
answers = [0 5 4 0 4 4 3 0 3 1 3 0 3 5 5 2 2 4 2 0 ];
adjustments = [10 -10 -3 5 -1.5 -1.5 -0.5 2.5 -0.5 1.5 -0.5 2.5 -0.5 -2.5 -2.5 0.5 0.5 -1.5 0.5 2.5 ];
sentences = {'93692' '02737' '87470' '45923' '69009' '15952' '44529' '08168' '54841' '90013' '51195' '89364' '22336' '23448' '70287' '36514' '76600' '37886' '68271' '11755' };
offsets = [4669470 3399004 4386272 380726 3375986 1336652 4209455 2817655 3131704 3631593 3958509 274071 4565554 1615357 3089585 1405998 3924815 2181051 1945334 3510597 ];

