target=0.50;discardreversals=2;startvalue=0.00;steps=[4  2  1];selfservice=0;
%parameters=babble,65
threshold = [-3.50 ];
values = [0.00 2.00 -4.00 1.00 2.50 0.00 -0.50 -3.00 -5.50 -3.00 -0.50 1.00 -0.50 -2.00 -4.50 -3.00 -3.50 -4.00 -1.50 -4.00 ];
reversals = [0 -1 1 0 -1 0 0 0 1 0 0 -1 0 0 1 -1 0 1 -1 1 ];
measures = [0 0 0 0 1 1 1 1 1 1 1 1 1 1 1 1 1 1 1 1 ];
presentations = [1 2 3 4 5 6 7 8 9 10 11 12 13 14 15 16 17 18 19 20 ];
answers = [2 4 0 1 5 3 5 5 0 0 1 4 4 5 1 3 3 0 5 0 ];
adjustments = [2 -6 5 1.5 -2.5 -0.5 -2.5 -2.5 2.5 2.5 1.5 -1.5 -1.5 -2.5 1.5 -0.5 -0.5 2.5 -2.5 2.5 ];
sentences = {'68819' '87263' '61793' '33980' '99308' '18314' '76802' '89135' '03491' '30757' '00456' '55025' '16140' '41634' '74972' '22586' '95569' '47048' '52277' '24621' };
offsets = [298 12125 15241 24054 9758 2170 36537 16656 6814 7479 6330 10933 3739 35648 14854 26993 738 10714 17025 14944 ];

