target=0.75;minreversals=12;discardreversals=4;minmeasures=14;startvalue=70.00;steps=[8  8  4  2];feedback=0;
%parameters=0750
threshold = [9.00 ];
threshold_dB_HL = [6.60 ];
threshold_dB_SPL = [9.00 ];
values = [70.00 62.00 54.00 46.00 46.00 38.00 30.00 22.00 14.00 14.00 6.00 6.00 -2.00 -2.00 22.00 14.00 14.00 14.00 14.00 10.00 10.00 10.00 6.00 6.00 2.00 14.00 14.00 12.00 10.00 8.00 6.00 6.00 6.00 6.00 12.00 10.00 8.00 6.00 6.00 4.00 4.00 10.00 8.00 6.00 4.00 4.00 4.00 4.00 4.00 4.00 4.00 4.00 10.00 8.00 8.00 8.00 8.00 14.00 12.00 ];
reversals = [0 0 0 0 0 0 0 0 0 0 0 0 0 1 -1 0 0 0 0 0 0 0 0 0 1 0 -1 0 0 0 0 0 0 1 -1 0 0 0 0 0 1 -1 0 0 0 0 0 0 0 0 0 1 -1 0 0 0 1 -1 0 ];
measures = [0 0 0 0 0 0 0 0 0 0 0 0 0 0 0 0 0 0 0 0 0 0 0 0 0 0 0 0 0 0 0 0 0 1 1 1 1 1 1 1 1 1 1 1 1 1 1 1 1 1 1 1 1 1 1 1 1 1 1 ];
presentations = [1 1 1 0 1 1 1 1 0 1 0 1 0 1 1 0 0 0 1 0 0 1 0 1 1 0 1 1 1 1 0 0 0 1 1 1 1 0 1 0 1 1 1 1 0 0 0 0 0 0 0 1 1 0 0 0 1 1 1 ];
answers = [1 1 1 0 1 1 1 1 0 1 0 1 0 0 1 0 0 0 1 0 0 1 0 1 0 0 1 1 1 1 0 0 0 0 1 1 1 0 1 0 0 1 1 1 0 0 0 0 0 0 0 0 1 0 0 0 0 1 1 ];
adjustments = [-8 -8 -8 0 -8 -8 -8 -8 0 -8 0 -8 0 24 -8 0 0 0 -4 0 0 -4 0 -4 12 0 -2 -2 -2 -2 0 0 0 6 -2 -2 -2 0 -2 0 6 -2 -2 -2 0 0 0 0 0 0 0 6 -2 0 0 0 6 -2 -2 ];

