target=0.50;discardreversals=2;startvalue=0.00;steps=[4  2  1];selfservice=0;
%parameters=icra1,28
threshold = [-1.50 ];
values = [0.00 -6.00 4.00 -1.00 -1.50 -2.00 0.50 -2.00 -0.50 0.00 -2.50 0.00 -1.50 0.00 -2.50 0.00 0.50 -2.00 -1.50 -3.00 ];
reversals = [0 1 -1 0 0 1 -1 1 0 -1 1 -1 1 -1 1 0 -1 1 -1 1 ];
measures = [0 0 0 0 0 1 1 1 1 1 1 1 1 1 1 1 1 1 1 1 ];
presentations = [1 2 3 4 5 6 7 8 9 10 11 12 13 14 15 16 17 18 19 20 ];
answers = [4 0 5 3 3 0 5 1 2 5 0 4 1 5 0 2 5 2 4 2 ];
adjustments = [-6 10 -5 -0.5 -0.5 2.5 -2.5 1.5 0.5 -2.5 2.5 -1.5 1.5 -2.5 2.5 0.5 -2.5 0.5 -1.5 0.5 ];
sentences = {'21080' '95162' '34226' '33528' '29744' '82009' '63558' '46393' '78835' '85813' '98162' '51417' '12339' '77705' '07970' '50976' '44697' '06251' '69444' '10681' };
offsets = [13226 4982 41378 10558 4833 19242 14936 21632 35420 4631 11282 22496 10123 9272 11459 19590 66 15052 15319 2728 ];

