target=0.50;discardreversals=2;startvalue=0.00;steps=[4  2  1];selfservice=0;
%parameters=icra5.250,65
threshold = [-8.75 ];
values = [0.00 -10.00 -16.00 -6.00 -7.00 -5.50 -7.00 -7.50 -8.00 -9.50 -10.00 -10.50 -12.00 -10.50 -10.00 -7.50 -9.00 -10.50 -10.00 -10.50 ];
reversals = [0 0 1 -1 1 -1 0 0 0 0 0 0 1 0 0 -1 0 1 -1 0 ];
measures = [0 0 0 0 1 1 1 1 1 1 1 1 1 1 1 1 1 1 1 1 ];
presentations = [1 2 3 4 5 6 7 8 9 10 11 12 13 14 15 16 17 18 19 20 ];
answers = [5 4 0 3 1 4 3 3 4 3 3 4 1 2 0 4 4 2 3 4 ];
adjustments = [-10 -6 10 -1 1.5 -1.5 -0.5 -0.5 -1.5 -0.5 -0.5 -1.5 1.5 0.5 2.5 -1.5 -1.5 0.5 -0.5 -1.5 ];
sentences = {'87713' '87263' '48832' '14040' '91451' '16140' '55025' '70565' '03491' '66127' '52988' '41634' '68819' '03676' '29394' '30757' '35209' '99308' '74972' '22586' };
offsets = [2751319 1002888 1396292 1946864 4172468 1695143 2663455 416916 1795832 691040 1158057 2450486 1730630 3892960 2858470 695536 1159334 4535374 2999780 3624561 ];

