target=0.50;discardreversals=2;startvalue=0.00;steps=[4  2  1];selfservice=0;
%parameters=quiet,65
threshold = [-44.00 ];
values = [0.00 -10.00 -20.00 -30.00 -40.00 -50.00 -40.00 -41.00 -43.50 -43.00 -45.50 -44.00 -46.50 -44.00 -46.50 -44.00 -45.50 -44.00 -43.50 -41.00 ];
reversals = [0 0 0 0 0 1 -1 0 1 -1 1 -1 1 -1 1 -1 1 0 0 -1 ];
measures = [0 0 0 0 0 0 0 0 1 1 1 1 1 1 1 1 1 1 1 1 ];
presentations = [1 2 3 4 5 6 7 8 9 10 11 12 13 14 15 16 17 18 19 20 ];
answers = [5 5 5 5 5 0 3 5 2 5 1 5 0 5 0 4 1 2 0 5 ];
adjustments = [-10 -10 -10 -10 -10 10 -1 -2.5 0.5 -2.5 1.5 -2.5 2.5 -2.5 2.5 -1.5 1.5 0.5 2.5 -2.5 ];
sentences = {'24621' '77974' '90790' '15149' '24318' '95569' '48835' '52277' '33980' '82487' '61793' '00456' '76802' '66553' '59026' '18314' '03262' '47048' '31601' '89135' };
offsets = [33165 19893 52441 58243 7873 729 75085 25344 14201 22849 18082 86387 69875 92063 75905 10191 64633 7080 42683 64340 ];

