target=0.50;discardreversals=2;startvalue=0.00;steps=[4  2  1];selfservice=0;
%parameters=icra1,65,re
threshold = [-5.00 ];
values = [0.00 -10.00 0.00 -3.00 -5.50 -6.00 -4.50 -6.00 -6.50 -4.00 -5.50 -5.00 -5.50 -4.00 -3.50 -4.00 -3.50 -5.00 -5.50 -6.00 ];
reversals = [0 1 -1 0 0 1 -1 0 1 -1 1 -1 1 0 -1 1 -1 0 0 1 ];
measures = [0 0 0 0 0 1 1 1 1 1 1 1 1 1 1 1 1 1 1 1 ];
presentations = [1 2 3 4 5 6 7 8 9 10 11 12 13 14 15 16 17 18 19 20 ];
answers = [5 0 4 5 3 1 4 3 0 4 2 3 1 2 3 2 4 3 3 0 ];
adjustments = [-10 10 -3 -2.5 -0.5 1.5 -1.5 -0.5 2.5 -1.5 0.5 -0.5 1.5 0.5 -0.5 0.5 -1.5 -0.5 -0.5 2.5 ];
sentences = {'33528' '18502' '51779' '77705' '39994' '21080' '05413' '80338' '85813' '94067' '26626' '50976' '12339' '67850' '43285' '72141' '44697' '69444' '06251' '98162' };
offsets = [12537 20881 4791 3951 458 13213 23877 18088 6757 22599 41524 4923 12634 1597 501 8600 26607 19672 40738 8320 ];

