target=0.50;discardreversals=2;startvalue=0.00;steps=[4  2  1];selfservice=0;
%parameters=icra1,65
threshold = [-5.00 ];
values = [0.00 -10.00 0.00 -5.00 -7.50 -5.00 -5.50 -3.00 -2.50 -4.00 -5.50 -6.00 -3.50 -2.00 -3.50 -5.00 -3.50 -3.00 -5.50 -5.00 ];
reversals = [0 1 -1 0 1 -1 1 0 -1 0 0 1 0 -1 0 1 0 -1 1 -1 ];
measures = [0 0 0 0 1 1 1 1 1 1 1 1 1 1 1 1 1 1 1 1 ];
presentations = [1 2 3 4 5 6 7 8 9 10 11 12 13 14 15 16 17 18 19 20 ];
answers = [5 0 5 5 0 3 0 2 4 4 3 0 1 4 4 1 2 5 2 3 ];
adjustments = [-10 10 -5 -2.5 2.5 -0.5 2.5 0.5 -1.5 -1.5 -0.5 2.5 1.5 -1.5 -1.5 1.5 0.5 -2.5 0.5 -0.5 ];
sentences = {'23448' '35209' '70565' '51195' '89364' '76600' '87713' '48832' '66127' '91451' '15952' '90013' '68271' '14040' '03676' '02737' '29394' '44529' '52988' '37886' };
offsets = [10559 8463 16402 10992 10374 38680 9905 13556 25796 7445 5906 21256 23486 8958 9644 18566 21250 17682 1440 13849 ];

