target=0.50;discardreversals=2;startvalue=0.00;steps=[4  2  1];selfservice=0;
%parameters=icra1,65,train
threshold = [-2.25 ];
values = [0.00 10.00 0.00 -5.00 0.00 -2.50 -1.00 -3.50 -6.00 -3.50 -2.00 -3.50 -6.00 -4.50 -2.00 -1.50 0.00 -2.50 -4.00 -6.50 ];
reversals = [0 -1 0 1 -1 1 -1 0 1 0 -1 0 1 0 0 0 -1 0 0 1 ];
measures = [0 0 0 0 1 1 1 1 1 1 1 1 1 1 1 1 1 1 1 1 ];
presentations = [1 2 3 4 5 6 7 8 9 10 11 12 13 14 15 16 17 18 19 20 ];
answers = [0 5 5 0 5 1 5 5 0 1 4 5 1 0 2 1 5 4 5 0 ];
adjustments = [10 -10 -5 5 -2.5 1.5 -2.5 -2.5 2.5 1.5 -1.5 -2.5 1.5 2.5 0.5 1.5 -2.5 -1.5 -2.5 2.5 ];
sentences = {'47048' '33980' '90013' '61793' '37886' '89364' '02737' '51195' '44529' '15952' '76600' '52277' '95569' '68271' '00456' '18314' '23448' '24621' '76802' '89135' };
offsets = [4662 12294 205 8764 27234 179 3338 4461 43232 4247 4121 11281 12035 2756 18668 20410 22468 441 19448 9681 ];

