target=0.50;discardreversals=2;startvalue=0.00;steps=[4  2  1];selfservice=0;
%parameters=icra5.250,65,re
threshold = [-13.00 ];
values = [0.00 -6.00 -12.00 -14.00 -4.00 -7.00 -8.50 -10.00 -12.50 -13.00 -12.50 -13.00 -12.50 -13.00 -12.50 -13.00 -14.50 -14.00 -13.50 -14.00 ];
reversals = [0 0 0 1 -1 0 0 0 0 1 -1 1 -1 1 -1 0 1 0 -1 0 ];
measures = [0 0 0 0 0 0 0 0 0 1 1 1 1 1 1 1 1 1 1 1 ];
presentations = [1 2 3 4 5 6 7 8 9 10 11 12 13 14 15 16 17 18 19 20 ];
answers = [4 4 3 0 4 4 4 5 3 2 3 2 3 2 3 4 2 2 3 5 ];
adjustments = [-6 -6 -2 10 -3 -1.5 -1.5 -2.5 -0.5 0.5 -0.5 0.5 -0.5 0.5 -0.5 -1.5 0.5 0.5 -0.5 -2.5 ];
sentences = {'80338' '39994' '35209' '51779' '72141' '18502' '26626' '43285' '94067' '66127' '03676' '91451' '87713' '29394' '48832' '52988' '67850' '14040' '70565' '05413' };
offsets = [2629131 4492437 2187861 3934409 2670816 2927466 1190746 3285169 3231597 1490199 1479731 3284106 752881 2521964 1461769 4746300 347716 1794340 3517122 2364043 ];

