target=0.50;discardreversals=2;startvalue=0.00;steps=[4  2  1];selfservice=0;
%parameters=icra5.250,65,train
threshold = [-10.75 ];
values = [0.00 -10.00 -16.00 -6.00 -7.00 -7.50 -8.00 -8.50 -9.00 -10.50 -12.00 -9.50 -10.00 -9.50 -10.00 -10.50 -12.00 -11.50 -13.00 -13.50 ];
reversals = [0 0 1 -1 0 0 0 0 0 0 1 -1 1 -1 0 0 1 -1 0 0 ];
measures = [0 0 0 0 0 0 0 0 0 0 1 1 1 1 1 1 1 1 1 1 ];
presentations = [1 2 3 4 5 6 7 8 9 10 11 12 13 14 15 16 17 18 19 20 ];
answers = [5 4 0 3 3 3 3 3 4 4 0 3 2 3 3 4 2 4 3 4 ];
adjustments = [-10 -6 10 -1 -0.5 -0.5 -0.5 -0.5 -1.5 -1.5 2.5 -0.5 0.5 -0.5 -0.5 -1.5 0.5 -1.5 -0.5 -1.5 ];
sentences = {'15952' '18502' '26626' '39994' '80338' '72141' '05413' '51779' '90013' '23448' '89364' '94067' '76600' '67850' '02737' '68271' '43285' '44529' '37886' '51195' };
offsets = [3760632 2058994 1201432 3635 2660126 1236829 1996775 4758648 2543962 514154 4094356 2385539 2741131 3046937 4123178 2328403 2238390 2565745 1543512 1938547 ];

