target=0.50;discardreversals=2;startvalue=0.00;steps=[4  2  1];selfservice=0;
%parameters=icra1,38
threshold = [-1.00 ];
values = [0.00 -10.00 0.00 -3.00 -3.50 -1.00 -3.50 -1.00 -2.50 -1.00 -2.50 0.00 -2.50 -2.00 -0.50 -1.00 0.50 -1.00 -3.50 -2.00 ];
reversals = [0 1 -1 0 1 -1 1 -1 1 -1 1 -1 1 0 -1 1 -1 0 1 0 ];
measures = [0 0 0 0 1 1 1 1 1 1 1 1 1 1 1 1 1 1 1 1 ];
presentations = [1 2 3 4 5 6 7 8 9 10 11 12 13 14 15 16 17 18 19 20 ];
answers = [5 0 4 3 0 5 0 4 1 4 0 5 2 1 3 1 4 5 1 1 ];
adjustments = [-10 10 -3 -0.5 2.5 -2.5 2.5 -1.5 1.5 -1.5 2.5 -2.5 0.5 1.5 -0.5 1.5 -1.5 -2.5 1.5 1.5 ];
sentences = {'69009' '45923' '26626' '54841' '43285' '94067' '87470' '72141' '51779' '93692' '08168' '36514' '80338' '18502' '39994' '11755' '05413' '70287' '22336' '67850' };
offsets = [13857 15337 1340 9913 25584 8470 4304 10024 12654 8624 9974 10512 7277 12359 26694 1725 15872 24991 24739 9351 ];

