target=0.50;discardreversals=2;startvalue=0.00;steps=[4  2  1];selfservice=0;
%parameters=icra1,45
threshold = [-1.50 ];
values = [0.00 10.00 0.00 1.00 2.50 4.00 1.50 0.00 -2.50 -1.00 0.50 3.00 2.50 0.00 -1.50 1.00 1.50 -1.00 -3.50 -2.00 ];
reversals = [0 -1 1 0 0 -1 0 0 1 0 0 -1 0 0 1 0 -1 0 1 -1 ];
measures = [0 0 0 0 0 1 1 1 1 1 1 1 1 1 1 1 1 1 1 1 ];
presentations = [1 2 3 4 5 6 7 8 9 10 11 12 13 14 15 16 17 18 19 20 ];
answers = [0 5 2 1 1 5 4 5 1 1 0 3 5 4 0 2 5 5 1 3 ];
adjustments = [10 -10 1 1.5 1.5 -2.5 -1.5 -2.5 1.5 1.5 2.5 -0.5 -2.5 -1.5 2.5 0.5 -2.5 -2.5 1.5 -0.5 ];
sentences = {'18314' '09216' '47048' '61793' '51437' '65555' '92629' '00456' '24621' '52277' '34994' '23081' '47173' '86800' '89135' '76802' '70762' '33980' '18348' '95569' };
offsets = [12140 43172 3855 6234 13282 2130 8719 27164 17279 12733 24984 20739 24879 36710 24568 18146 193 30629 3714 14654 ];

