target=0.50;discardreversals=2;startvalue=0.00;steps=[4  2  1];selfservice=0;
%parameters=icra5.250,65,train
threshold = [-5.25 ];
values = [0.00 10.00 4.00 -1.00 0.00 -1.50 -2.00 -4.50 -5.00 -4.50 -6.00 -7.50 -9.00 -9.50 -7.00 -8.50 -8.00 -6.50 -5.00 -5.50 ];
reversals = [0 -1 0 1 -1 0 0 0 1 -1 0 0 0 1 -1 1 0 0 -1 1 ];
measures = [0 0 0 0 1 1 1 1 1 1 1 1 1 1 1 1 1 1 1 1 ];
presentations = [1 2 3 4 5 6 7 8 9 10 11 12 13 14 15 16 17 18 19 20 ];
answers = [0 4 5 2 4 3 5 3 2 4 4 4 3 0 4 2 1 1 3 0 ];
adjustments = [10 -6 -5 1 -1.5 -0.5 -2.5 -0.5 0.5 -1.5 -1.5 -1.5 -0.5 2.5 -1.5 0.5 1.5 1.5 -0.5 2.5 ];
sentences = {'39994' '05413' '72141' '43285' '33980' '18502' '26626' '95569' '52277' '24621' '67850' '94067' '00456' '80338' '51779' '47048' '18314' '61793' '76802' '89135' };
offsets = [1016996 345262 1590059 3381933 4537564 1987990 2699039 3652111 2254569 2961048 1445490 2879382 4785051 223011 4607672 2576863 3585474 3545649 564194 4216240 ];

