target=0.50;discardreversals=2;startvalue=0.00;steps=[4  2  1];selfservice=0;
%parameters=icra1,65
threshold = [-2.75 ];
values = [0.00 -10.00 0.00 -3.00 -3.50 -4.00 -1.50 -4.00 -2.50 -2.00 -3.50 -2.00 -4.50 -2.00 -4.50 -2.00 -3.50 -2.00 -3.50 -2.00 ];
reversals = [0 1 -1 0 0 1 -1 1 0 -1 1 -1 1 -1 1 -1 1 -1 1 -1 ];
measures = [0 0 0 0 0 1 1 1 1 1 1 1 1 1 1 1 1 1 1 1 ];
presentations = [1 2 3 4 5 6 7 8 9 10 11 12 13 14 15 16 17 18 19 20 ];
answers = [5 0 4 3 3 0 5 1 2 4 1 5 0 5 0 4 1 4 1 3 ];
adjustments = [-10 10 -3 -0.5 -0.5 2.5 -2.5 1.5 0.5 -1.5 1.5 -2.5 2.5 -2.5 2.5 -1.5 1.5 -1.5 1.5 -0.5 ];
sentences = {'68271' '51195' '55025' '87263' '41634' '68819' '23448' '99308' '02737' '22586' '15952' '76600' '03491' '90013' '30757' '44529' '89364' '37886' '16140' '74972' };
offsets = [30961 10904 10786 3623 24012 21403 12866 23993 16266 27560 2340 24710 14498 11867 6159 39225 24972 14314 1736 558 ];

