target=0.50;discardreversals=2;startvalue=0.00;steps=[4  2  1];selfservice=0;
%parameters=icra5.250,65,re
threshold = [-11.50 ];
values = [0.00 -10.00 -8.00 -7.00 -12.00 -13.50 -14.00 -11.50 -10.00 -8.50 -11.00 -12.50 -10.00 -12.50 -13.00 -15.50 -13.00 -12.50 -12.00 -10.50 ];
reversals = [0 1 0 -1 0 0 1 0 0 -1 0 1 -1 0 0 1 0 0 0 -1 ];
measures = [0 0 0 0 0 0 1 1 1 1 1 1 1 1 1 1 1 1 1 1 ];
presentations = [1 2 3 4 5 6 7 8 9 10 11 12 13 14 15 16 17 18 19 20 ];
answers = [5 2 2 5 4 3 0 1 1 5 4 0 5 3 5 0 2 2 1 5 ];
adjustments = [-10 2 1 -5 -1.5 -0.5 2.5 1.5 1.5 -2.5 -1.5 2.5 -2.5 -0.5 -2.5 2.5 0.5 0.5 1.5 -2.5 ];
sentences = {'07970' '03676' '48832' '78835' '14040' '46393' '10681' '91451' '29394' '52988' '70565' '35209' '95162' '34226' '63558' '87713' '29744' '82009' '51417' '66127' };
offsets = [915479 1435970 2255111 2393473 90443 679735 2142471 3344025 647096 725223 2359422 2836715 3031430 2364841 3407572 1213599 456258 262961 169321 475817 ];

