target=0.50;discardreversals=2;startvalue=0.00;steps=[4  2  1];selfservice=0;
%parameters=icra1,65,train
threshold = [-1.50 ];
values = [0.00 -10.00 0.00 -5.00 -3.50 -4.00 -1.50 1.00 -1.50 1.00 -0.50 -2.00 -2.50 -3.00 -5.50 -3.00 -0.50 -1.00 -0.50 -2.00 ];
reversals = [0 1 -1 1 -1 1 0 -1 1 -1 0 0 0 0 1 0 -1 1 -1 1 ];
measures = [0 0 0 1 1 1 1 1 1 1 1 1 1 1 1 1 1 1 1 1 ];
presentations = [1 2 3 4 5 6 7 8 9 10 11 12 13 14 15 16 17 18 19 20 ];
answers = [5 0 5 1 3 0 0 5 0 4 4 3 3 5 0 0 3 2 4 1 ];
adjustments = [-10 10 -5 1.5 -0.5 2.5 2.5 -2.5 2.5 -1.5 -1.5 -0.5 -0.5 -2.5 2.5 2.5 -0.5 0.5 -1.5 1.5 ];
sentences = {'45923' '70762' '08168' '51437' '69009' '11755' '87470' '54841' '93692' '34994' '18348' '92629' '70287' '36514' '23081' '09216' '86800' '47173' '65555' '22336' };
offsets = [21758 143 22811 17434 8235 9913 9435 1892 2258 25580 10577 18756 10040 21938 25512 17902 12789 13118 12757 16966 ];

