target=0.50;discardreversals=2;startvalue=0.00;steps=[4  2  1];selfservice=0;
%parameters=quiet,65
threshold = [-37.25 ];
values = [0.00 -10.00 -20.00 -30.00 -40.00 -30.00 -35.00 -37.50 -37.00 -38.50 -36.00 -38.50 -41.00 -38.50 -37.00 -36.50 -39.00 -37.50 -36.00 -38.50 ];
reversals = [0 0 0 0 1 -1 0 1 -1 1 -1 0 1 0 0 -1 1 0 -1 0 ];
measures = [0 0 0 0 0 0 0 1 1 1 1 1 1 1 1 1 1 1 1 1 ];
presentations = [1 2 3 4 5 6 7 8 9 10 11 12 13 14 15 16 17 18 19 20 ];
answers = [5 5 5 5 0 5 5 2 4 0 5 5 0 1 2 5 1 1 5 5 ];
adjustments = [-10 -10 -10 -10 10 -5 -2.5 0.5 -1.5 2.5 -2.5 -2.5 2.5 1.5 0.5 -2.5 1.5 1.5 -2.5 -2.5 ];
sentences = {'90013' '23448' '98162' '44529' '89364' '44697' '76600' '77705' '02737' '12339' '69444' '50976' '68271' '21080' '15952' '33528' '51195' '06251' '85813' '37886' };
offsets = [42314 44654 33283 5411 4281 52454 59001 13283 64660 53263 67252 52805 18735 57814 16095 95973 54159 21333 17117 21493 ];

