target=0.50;discardreversals=2;startvalue=0.00;steps=[4  2  1];selfservice=0;
%parameters=babble,65
threshold = [-0.50 ];
values = [0.00 -10.00 0.00 -1.00 -0.50 -2.00 -0.50 -2.00 0.50 0.00 2.50 0.00 -2.50 0.00 0.50 -2.00 -0.50 -1.00 -0.50 -2.00 ];
reversals = [0 1 -1 1 -1 1 -1 1 -1 1 -1 0 1 0 -1 1 -1 1 -1 1 ];
measures = [0 0 0 1 1 1 1 1 1 1 1 1 1 1 1 1 1 1 1 1 ];
presentations = [1 2 3 4 5 6 7 8 9 10 11 12 13 14 15 16 17 18 19 20 ];
answers = [5 0 3 2 4 1 4 0 3 0 5 5 0 2 5 1 3 2 4 0 ];
adjustments = [-10 10 -1 0.5 -1.5 1.5 -1.5 2.5 -0.5 2.5 -2.5 -2.5 2.5 0.5 -2.5 1.5 -0.5 0.5 -1.5 2.5 ];
sentences = {'66127' '03676' '35209' '69009' '36514' '87470' '29394' '87713' '48832' '52988' '45923' '70287' '11755' '91451' '93692' '14040' '70565' '08168' '54841' '22336' };
offsets = [19155 5866 530 23687 3956 1599 29822 14241 34699 11237 21333 19934 10824 5246 9962 2172 28913 24929 22 6623 ];

