target=0.50;discardreversals=2;startvalue=0.00;steps=[4  2  1];selfservice=0;
%parameters=icra1,35
threshold = [0.75 ];
values = [0.00 10.00 0.00 5.00 4.50 2.00 -0.50 0.00 1.50 0.00 2.50 0.00 -0.50 2.00 2.50 1.00 -0.50 2.00 -0.50 -3.00 ];
reversals = [0 -1 1 -1 0 0 1 0 -1 1 -1 0 1 0 -1 0 1 -1 0 1 ];
measures = [0 0 0 1 1 1 1 1 1 1 1 1 1 1 1 1 1 1 1 1 ];
presentations = [1 2 3 4 5 6 7 8 9 10 11 12 13 14 15 16 17 18 19 20 ];
answers = [0 5 0 3 5 5 2 1 4 0 5 3 0 2 4 4 0 5 5 1 ];
adjustments = [10 -10 5 -0.5 -2.5 -2.5 0.5 1.5 -1.5 2.5 -2.5 -0.5 2.5 0.5 -1.5 -1.5 2.5 -2.5 -2.5 1.5 ];
sentences = {'59026' '65555' '31601' '82487' '70762' '92629' '23081' '03262' '77974' '47173' '66553' '15149' '90790' '86800' '34994' '48835' '24318' '18348' '09216' '51437' };
offsets = [9432 7982 25463 310 479 10989 20215 11584 5811 12051 14888 3722 8750 27730 29007 33738 2973 1111 26854 5880 ];

