target=0.50;discardreversals=2;startvalue=0.00;steps=[4  2  1];selfservice=0;
%parameters=icra1,65,re
threshold = [-3.00 ];
values = [0.00 10.00 0.00 -5.00 0.00 -1.50 -3.00 -2.50 -4.00 -1.50 -3.00 -4.50 -2.00 -4.50 -2.00 -4.50 -7.00 -4.50 -3.00 -3.50 ];
reversals = [0 -1 0 1 -1 0 1 -1 1 -1 0 1 -1 1 -1 0 1 0 -1 1 ];
measures = [0 0 0 0 1 1 1 1 1 1 1 1 1 1 1 1 1 1 1 1 ];
presentations = [1 2 3 4 5 6 7 8 9 10 11 12 13 14 15 16 17 18 19 20 ];
answers = [0 5 5 0 4 4 2 4 0 4 4 0 5 0 5 5 0 1 3 2 ];
adjustments = [10 -10 -5 5 -1.5 -1.5 0.5 -1.5 2.5 -1.5 -1.5 2.5 -2.5 2.5 -2.5 -2.5 2.5 1.5 -0.5 0.5 ];
sentences = {'77974' '90790' '95162' '82009' '78835' '29744' '24318' '59026' '34226' '03262' '46393' '31601' '15149' '10681' '63558' '66553' '82487' '51417' '07970' '48835' };
offsets = [2126 8162 6970 5775 1723 6449 6401 9212 30953 27786 25539 5415 5156 7906 9629 30204 14463 13567 23483 22040 ];

