target=0.50;discardreversals=2;startvalue=0.00;steps=[4  2  1];selfservice=0;
%parameters=icra5.250,65
threshold = [-7.25 ];
values = [0.00 -6.00 4.00 -1.00 -3.50 -5.00 -7.50 -7.00 -6.50 -5.00 -7.50 -8.00 -7.50 -7.00 -4.50 -7.00 -8.50 -11.00 -9.50 -7.00 ];
reversals = [0 1 -1 0 0 0 1 0 0 -1 0 1 0 0 -1 0 0 1 0 -1 ];
measures = [0 0 0 0 0 0 1 1 1 1 1 1 1 1 1 1 1 1 1 1 ];
presentations = [1 2 3 4 5 6 7 8 9 10 11 12 13 14 15 16 17 18 19 20 ];
answers = [4 0 5 5 4 5 2 2 1 5 3 2 2 0 5 4 5 1 0 5 ];
adjustments = [-6 10 -5 -2.5 -1.5 -2.5 0.5 0.5 1.5 -2.5 -0.5 0.5 0.5 2.5 -2.5 -1.5 -2.5 1.5 2.5 -2.5 ];
sentences = {'69009' '11755' '68819' '08168' '54841' '16140' '22586' '22336' '30757' '45923' '74972' '41634' '55025' '99308' '03491' '36514' '70287' '87263' '87470' '93692' };
offsets = [2388313 3372234 4542272 3451270 920988 59808 4675789 4380034 2777468 3228757 4541690 4103370 1801503 3329226 2163286 679083 4285559 224865 1894967 239655 ];

