target=0.50;discardreversals=2;startvalue=0.00;steps=[4  2  1];selfservice=0;
%parameters=icra1,65,re
threshold = [-1.50 ];
values = [0.00 2.00 -8.00 -3.00 -0.50 -2.00 0.50 -2.00 -1.50 -3.00 -1.50 1.00 -1.50 1.00 -1.50 0.00 -1.50 1.00 -1.50 -1.00 ];
reversals = [0 -1 1 0 -1 1 -1 1 -1 1 0 -1 1 -1 1 -1 1 -1 1 0 ];
measures = [0 0 0 0 1 1 1 1 1 1 1 1 1 1 1 1 1 1 1 1 ];
presentations = [1 2 3 4 5 6 7 8 9 10 11 12 13 14 15 16 17 18 19 20 ];
answers = [2 5 0 0 4 0 5 2 4 1 0 5 0 5 1 4 0 5 2 0 ];
adjustments = [2 -10 5 2.5 -1.5 2.5 -2.5 0.5 -1.5 1.5 2.5 -2.5 2.5 -2.5 1.5 -1.5 2.5 -2.5 0.5 2.5 ];
sentences = {'90790' '24318' '68271' '59026' '90013' '37886' '66553' '02737' '23448' '77974' '89364' '44529' '03262' '48835' '51195' '82487' '76600' '15149' '15952' '31601' };
offsets = [7747 8810 28393 1421 15132 32187 31810 20184 8454 20968 13016 42100 9954 36163 2515 17922 26480 1459 7515 6130 ];

