target=0.50;discardreversals=2;startvalue=0.00;steps=[4  2  1];selfservice=0;
%parameters=icra1,65,train
threshold = [-0.75 ];
values = [0.00 -6.00 4.00 -1.00 0.50 -2.00 -1.50 0.00 0.50 -2.00 -0.50 -1.00 -3.50 -1.00 -0.50 -2.00 0.50 -2.00 0.50 0.00 ];
reversals = [0 1 -1 1 -1 1 0 0 -1 1 -1 0 1 0 -1 1 -1 1 -1 0 ];
measures = [0 0 0 1 1 1 1 1 1 1 1 1 1 1 1 1 1 1 1 1 ];
presentations = [1 2 3 4 5 6 7 8 9 10 11 12 13 14 15 16 17 18 19 20 ];
answers = [4 0 5 1 5 2 1 2 5 1 3 5 0 2 4 0 5 0 3 4 ];
adjustments = [-6 10 -5 1.5 -2.5 0.5 1.5 0.5 -2.5 1.5 -0.5 -2.5 2.5 0.5 -1.5 2.5 -2.5 2.5 -0.5 -1.5 ];
sentences = {'43285' '77974' '24318' '80338' '94067' '59026' '05413' '18502' '26626' '90790' '67850' '66553' '48835' '39994' '15149' '31601' '72141' '82487' '03262' '51779' };
offsets = [9771 30127 4089 11456 27709 24729 691 2538 32994 10204 16978 36679 32584 3020 8274 23222 4016 16185 21556 11123 ];

