target=0.50;discardreversals=2;startvalue=0.00;steps=[4  2  1];selfservice=0;
%parameters=quiet,65
threshold = [-15.00 ];
values = [0.00 -6.00 -16.00 -10.00 -15.00 -13.50 -13.00 -11.50 -11.00 -9.50 -9.00 -11.50 -12.00 -14.50 -17.00 -14.50 -15.00 -12.50 -15.00 -14.50 ];
reversals = [0 0 1 -1 1 0 0 0 0 0 -1 0 0 0 1 -1 1 -1 1 0 ];
measures = [0 0 0 0 1 1 1 1 1 1 1 1 1 1 1 1 1 1 1 1 ];
presentations = [1 2 3 4 5 6 7 8 9 10 11 12 13 14 15 16 17 18 19 20 ];
answers = [4 5 1 5 1 2 1 2 1 2 5 3 5 5 0 3 0 5 2 1 ];
adjustments = [-6 -10 6 -5 1.5 0.5 1.5 0.5 1.5 0.5 -2.5 -0.5 -2.5 -2.5 2.5 -0.5 2.5 -2.5 0.5 1.5 ];
sentences = {'80338' '44529' '23448' '90013' '51195' '18502' '51779' '76600' '72141' '43285' '02737' '67850' '68271' '05413' '94067' '15952' '89364' '26626' '39994' '37886' };
offsets = [55399 27736 2839 83139 39327 43970 16371 47790 27672 54983 53962 74280 71697 66153 12273 53384 79206 7429 47799 20570 ];

