target=0.50;discardreversals=2;startvalue=0.00;steps=[4  2  1];selfservice=0;
%parameters=icra5.250,65
threshold = [-3.50 ];
values = [0.00 -10.00 0.00 1.00 0.00 -2.50 -5.00 -4.50 -2.00 -0.50 -3.00 -2.50 -5.00 -2.50 -5.00 -7.50 -5.00 -3.50 -6.00 -8.50 ];
reversals = [0 1 0 -1 0 0 1 0 0 -1 1 -1 1 -1 0 1 0 -1 0 1 ];
measures = [0 0 0 0 0 0 1 1 1 1 1 1 1 1 1 1 1 1 1 1 ];
presentations = [1 2 3 4 5 6 7 8 9 10 11 12 13 14 15 16 17 18 19 20 ];
answers = [5 0 2 3 5 5 2 0 1 5 2 5 0 5 5 0 1 5 5 0 ];
adjustments = [-10 10 1 -1 -2.5 -2.5 0.5 2.5 1.5 -2.5 0.5 -2.5 2.5 -2.5 -2.5 2.5 1.5 -2.5 -2.5 2.5 ];
sentences = {'77705' '98162' '06251' '80338' '67850' '85813' '33528' '18502' '43285' '69444' '12339' '26626' '44697' '39994' '05413' '21080' '72141' '51779' '50976' '94067' };
offsets = [4438240 2975286 4527638 1750011 2775086 3832000 1213228 758137 4159876 2491937 2732430 3167630 3250214 1097227 297003 4769742 503219 4652162 1437086 4505040 ];

