target=0.50;discardreversals=2;startvalue=0.00;steps=[4  2  1];selfservice=0;
%parameters=icra1,62
threshold = [0.00 ];
values = [0.00 -6.00 4.00 -1.00 0.50 -1.00 1.50 -1.00 -3.50 -1.00 -0.50 1.00 0.50 -2.00 -0.50 0.00 -0.50 1.00 0.50 1.00 ];
reversals = [0 1 -1 1 -1 1 -1 0 1 0 0 -1 0 1 0 -1 1 -1 1 0 ];
measures = [0 0 0 1 1 1 1 1 1 1 1 1 1 1 1 1 1 1 1 1 ];
presentations = [1 2 3 4 5 6 7 8 9 10 11 12 13 14 15 16 17 18 19 20 ];
answers = [4 0 5 1 4 0 5 5 0 2 1 3 5 1 2 3 1 3 2 1 ];
adjustments = [-6 10 -5 1.5 -1.5 2.5 -2.5 -2.5 2.5 0.5 1.5 -0.5 -2.5 1.5 0.5 -0.5 1.5 -0.5 0.5 1.5 ];
sentences = {'23081' '47173' '09216' '65555' '92629' '51417' '07970' '10681' '46393' '78835' '34994' '18348' '29744' '34226' '86800' '63558' '70762' '95162' '82009' '51437' };
offsets = [5935 20992 9088 1323 24972 20317 17695 5524 11638 6577 10772 19570 1257 29959 14713 2978 501 281 17820 7100 ];

