target=0.50;discardreversals=2;startvalue=0.00;steps=[4  2  1];selfservice=0;
%parameters=babble,65
threshold = [0.75 ];
values = [0.00 10.00 0.00 -3.00 0.00 2.50 1.00 2.50 1.00 -1.50 -1.00 1.50 -1.00 1.50 -1.00 0.50 -2.00 0.50 3.00 0.50 ];
reversals = [0 -1 0 1 0 -1 1 -1 0 1 0 -1 1 -1 1 -1 1 0 -1 1 ];
measures = [0 0 0 0 0 1 1 1 1 1 1 1 1 1 1 1 1 1 1 1 ];
presentations = [1 2 3 4 5 6 7 8 9 10 11 12 13 14 15 16 17 18 19 20 ];
answers = [0 5 4 1 0 4 1 4 5 2 0 5 0 5 1 5 0 0 5 2 ];
adjustments = [10 -10 -3 3 2.5 -1.5 1.5 -1.5 -2.5 0.5 2.5 -2.5 2.5 -2.5 1.5 -2.5 2.5 2.5 -2.5 0.5 ];
sentences = {'89364' '07970' '78835' '23448' '76600' '90013' '51195' '63558' '29744' '15952' '68271' '02737' '82009' '37886' '34226' '44529' '51417' '46393' '10681' '95162' };
offsets = [17887 33545 7072 31085 43922 19944 16451 29837 7242 7268 4923 80 32850 2262 38939 8988 8459 4435 21140 17507 ];

