target=0.50;discardreversals=2;startvalue=0.00;steps=[4  2  1];selfservice=0;
%parameters=icra1,72
threshold = [-2.50 ];
values = [0.00 -6.00 4.00 -1.00 -0.50 1.00 -1.50 -3.00 -0.50 -3.00 -2.50 -4.00 -2.50 -5.00 -2.50 0.00 -2.50 -2.00 -4.50 -3.00 ];
reversals = [0 1 -1 1 0 -1 0 1 -1 1 -1 1 -1 1 0 -1 1 -1 1 0 ];
measures = [0 0 0 1 1 1 1 1 1 1 1 1 1 1 1 1 1 1 1 1 ];
presentations = [1 2 3 4 5 6 7 8 9 10 11 12 13 14 15 16 17 18 19 20 ];
answers = [4 0 5 2 1 5 4 0 5 2 4 1 5 0 0 5 2 5 1 2 ];
adjustments = [-6 10 -5 0.5 1.5 -2.5 -1.5 2.5 -2.5 0.5 -1.5 1.5 -2.5 2.5 2.5 -2.5 0.5 -2.5 1.5 0.5 ];
sentences = {'41634' '30757' '90013' '51195' '89364' '02737' '55025' '44529' '74972' '87263' '16140' '37886' '68819' '68271' '76600' '15952' '22586' '03491' '99308' '23448' };
offsets = [27332 3836 10444 11042 10415 5507 1566 4474 19751 19596 739 26386 6769 17882 26562 1683 24084 21093 20119 17125 ];

