target=0.50;discardreversals=2;startvalue=0.00;steps=[4  2  1];selfservice=0;
%parameters=icra5.250,65,train
threshold = [-2.00 ];
values = [0.00 -6.00 -4.00 -5.00 -2.50 -1.00 -3.50 -1.00 -3.50 -4.00 -5.50 -3.00 -2.50 -3.00 -2.50 -2.00 -1.50 1.00 -1.50 -1.00 ];
reversals = [0 1 -1 1 0 -1 1 -1 0 0 1 0 -1 1 0 0 0 -1 1 -1 ];
measures = [0 0 0 1 1 1 1 1 1 1 1 1 1 1 1 1 1 1 1 1 ];
presentations = [1 2 3 4 5 6 7 8 9 10 11 12 13 14 15 16 17 18 19 20 ];
answers = [4 2 3 0 1 5 0 5 3 4 0 2 3 2 2 2 0 5 2 5 ];
adjustments = [-6 2 -1 2.5 1.5 -2.5 2.5 -2.5 -0.5 -1.5 2.5 0.5 -0.5 0.5 0.5 0.5 2.5 -2.5 0.5 -2.5 ];
sentences = {'68819' '55025' '70565' '48832' '16140' '66127' '91451' '14040' '41634' '52988' '22586' '99308' '03676' '03491' '87263' '35209' '29394' '74972' '30757' '87713' };
offsets = [3727044 4084847 1318272 1261201 1969708 2692835 4523335 2508367 2404804 2763000 3842777 3898492 1638707 3611971 3638447 3676388 239618 2063205 2952164 891554 ];

