target=0.50;discardreversals=2;startvalue=0.00;steps=[4  2  1];selfservice=0;
%parameters=icra1,65
threshold = [-2.00 ];
values = [0.00 -10.00 0.00 -5.00 -4.50 -2.00 -3.50 -2.00 -3.50 -1.00 -3.50 -1.00 -3.50 -3.00 -0.50 0.00 -0.50 -3.00 -0.50 -2.00 ];
reversals = [0 1 -1 1 0 -1 1 -1 1 -1 1 -1 1 0 0 -1 0 1 -1 1 ];
measures = [0 0 0 1 1 1 1 1 1 1 1 1 1 1 1 1 1 1 1 1 ];
presentations = [1 2 3 4 5 6 7 8 9 10 11 12 13 14 15 16 17 18 19 20 ];
answers = [5 0 5 2 0 4 1 4 0 5 0 5 2 0 2 3 5 0 4 0 ];
adjustments = [-10 10 -5 0.5 2.5 -1.5 1.5 -1.5 2.5 -2.5 2.5 -2.5 0.5 2.5 0.5 -0.5 -2.5 2.5 -1.5 2.5 ];
sentences = {'12339' '06251' '77974' '21080' '82487' '59026' '69444' '85813' '66553' '15149' '98162' '03262' '44697' '50976' '33528' '24318' '48835' '31601' '77705' '90790' };
offsets = [1632 21559 8524 28278 7836 1692 7455 2463 20870 9551 3875 24399 5354 25276 16061 13494 32354 32544 988 2995 ];

