target=0.50;discardreversals=2;startvalue=0.00;steps=[4  2  1];selfservice=0;
%parameters=icra5.250,65,re
threshold = [-2.00 ];
values = [0.00 -10.00 0.00 -1.00 -2.50 -1.00 0.50 -2.00 -4.50 -2.00 -1.50 -4.00 -1.50 0.00 2.50 0.00 -2.50 0.00 -2.50 0.00 ];
reversals = [0 1 -1 0 1 0 -1 0 1 0 -1 1 0 0 -1 0 1 -1 1 -1 ];
measures = [0 0 0 0 1 1 1 1 1 1 1 1 1 1 1 1 1 1 1 1 ];
presentations = [1 2 3 4 5 6 7 8 9 10 11 12 13 14 15 16 17 18 19 20 ];
answers = [5 0 3 4 1 1 5 5 0 2 5 0 1 0 5 5 0 5 0 5 ];
adjustments = [-10 10 -1 -1.5 1.5 1.5 -2.5 -2.5 2.5 0.5 -2.5 2.5 1.5 2.5 -2.5 -2.5 2.5 -2.5 2.5 -2.5 ];
sentences = {'77974' '47173' '24318' '59026' '23081' '82487' '92629' '65555' '86800' '03262' '48835' '31601' '90790' '51437' '70762' '15149' '09216' '18348' '34994' '66553' };
offsets = [1436774 1382582 393376 720456 2984601 656003 3581589 2657928 3955758 246198 2902713 3332359 1423097 1589907 1404461 2640994 1901157 3889209 1420309 2703839 ];

