target=0.50;discardreversals=2;startvalue=0.00;steps=[4  2  1];selfservice=0;
threshold = [-3.00 ];
values = [0.00 -10.00 0.00 -5.00 -2.50 -4.00 -2.50 -3.00 -2.50 -3.00 -1.50 -4.00 -1.50 -1.00 -3.50 -6.00 -5.50 -3.00 -4.50 -5.00 ];
reversals = [0 1 -1 1 -1 1 -1 1 -1 1 -1 1 0 -1 0 1 0 -1 0 0 ];
measures = [0 0 0 1 1 1 1 1 1 1 1 1 1 1 1 1 1 1 1 1 ];
presentations = [1 2 3 4 5 6 7 8 9 10 11 12 13 14 15 16 17 18 19 20 ];
answers = [5 0 5 0 4 1 3 2 3 1 5 0 2 5 5 2 0 4 3 5 ];
adjustments = [-10 10 -5 2.5 -1.5 1.5 -0.5 0.5 -0.5 1.5 -2.5 2.5 0.5 -2.5 -2.5 0.5 2.5 -1.5 -0.5 -2.5 ];
sentences = {'16140' '41634' '48835' '68819' '66553' '59026' '31601' '03262' '77974' '74972' '99308' '82487' '30757' '24318' '15149' '03491' '22586' '90790' '87263' '55025' };
offsets = [28670 18144 28549 36064 35929 10682 27047 15565 15057 4238 18821 17990 3641 26643 7788 9574 13259 1877 21478 9675 ];

