target=0.50;discardreversals=2;startvalue=0.00;steps=[4  2  1];selfservice=0;
threshold = [-4.00 ];
values = [0.00 -10.00 0.00 -5.00 -4.50 -2.00 -4.50 -2.00 -4.50 -2.00 -4.50 -2.00 -1.50 -4.00 -2.50 -5.00 -4.50 -3.00 -5.50 -3.00 ];
reversals = [0 1 -1 1 0 -1 1 -1 1 -1 1 0 -1 1 -1 1 0 -1 1 0 ];
measures = [0 0 0 1 1 1 1 1 1 1 1 1 1 1 1 1 1 1 1 1 ];
presentations = [1 2 3 4 5 6 7 8 9 10 11 12 13 14 15 16 17 18 19 20 ];
answers = [5 0 5 2 0 5 0 5 0 5 0 2 5 1 5 2 1 5 0 0 ];
adjustments = [-10 10 -5 0.5 2.5 -2.5 2.5 -2.5 2.5 -2.5 2.5 0.5 -2.5 1.5 -2.5 0.5 1.5 -2.5 2.5 2.5 ];
sentences = {'10681' '34226' '95162' '51779' '46393' '07970' '78835' '94067' '63558' '72141' '82009' '18502' '26626' '51417' '43285' '39994' '29744' '67850' '05413' '80338' };
offsets = [14864 38854 11586 14298 20227 32184 21175 14596 935 16285 12683 5910 25852 13048 15994 16439 933 6122 12015 16168 ];

