target=0.50;discardreversals=2;startvalue=0.00;steps=[4  2  1];selfservice=0;
threshold = [-9.75 ];
values = [0.00 -10.00 -8.00 -11.00 -10.50 -8.00 -7.50 -8.00 -10.50 -11.00 -12.50 -10.00 -9.50 -7.00 -9.50 -10.00 -9.50 -10.00 -10.50 -8.00 ];
reversals = [0 1 -1 1 0 0 -1 0 0 0 1 0 0 -1 0 1 -1 0 1 -1 ];
measures = [0 0 0 1 1 1 1 1 1 1 1 1 1 1 1 1 1 1 1 1 ];
presentations = [1 2 3 4 5 6 7 8 9 10 11 12 13 14 15 16 17 18 19 20 ];
answers = [5 2 4 2 0 2 3 5 3 4 0 2 0 5 3 2 3 3 0 3 ];
adjustments = [-10 2 -3 0.5 2.5 0.5 -0.5 -2.5 -0.5 -1.5 2.5 0.5 2.5 -2.5 -0.5 0.5 -0.5 -0.5 2.5 -0.5 ];
sentences = {'85813' '23081' '34994' '77705' '86800' '44697' '12339' '33528' '21080' '09216' '06251' '18348' '69444' '92629' '47173' '51437' '98162' '70762' '50976' '65555' };
offsets = [446457 4405635 2608757 1756620 3580362 2171109 43209 2839954 1092858 2612123 492692 3438056 671935 910991 3079818 2424048 2142698 1504770 3788371 1380341 ];

