target=0.50;discardreversals=2;startvalue=0.00;steps=[4  2  1];selfservice=0;
threshold = [-2.50 ];
values = [0.00 -2.00 0.00 -3.00 -2.50 -5.00 -4.50 -2.00 -1.50 -4.00 -1.50 -2.00 -1.50 -3.00 -2.50 -3.00 -5.50 -3.00 -1.50 -1.00 ];
reversals = [0 1 -1 1 -1 1 0 0 -1 1 -1 1 -1 1 -1 0 1 0 0 0 ];
measures = [0 0 0 1 1 1 1 1 1 1 1 1 1 1 1 1 1 1 1 1 ];
presentations = [1 2 3 4 5 6 7 8 9 10 11 12 13 14 15 16 17 18 19 20 ];
answers = [3 2 4 2 5 2 0 2 5 0 3 2 4 2 3 5 0 1 2 2 ];
adjustments = [-2 2 -3 0.5 -2.5 0.5 2.5 0.5 -2.5 2.5 -0.5 0.5 -1.5 0.5 -0.5 -2.5 2.5 1.5 0.5 0.5 ];
sentences = {'14040' '35209' '54841' '45923' '69009' '70287' '29394' '87713' '70565' '11755' '03676' '36514' '08168' '52988' '87470' '66127' '93692' '48832' '91451' '22336' };
offsets = [3172 1087 12691 22883 14060 24130 902 3262 367 7530 1125 15497 28723 4272 14625 33736 29922 29522 11704 29489 ];

