target=0.50;discardreversals=2;startvalue=0.00;steps=[4  2  1];selfservice=0;
threshold = [-5.00 ];
values = [0.00 -10.00 0.00 -5.00 -5.50 -3.00 -3.50 -5.00 -2.50 -3.00 -5.50 -3.00 -5.50 -3.00 -3.50 -6.00 -4.50 -7.00 -4.50 -4.00 ];
reversals = [0 1 -1 0 1 -1 0 1 -1 0 1 -1 1 -1 0 1 -1 1 0 0 ];
measures = [0 0 0 0 1 1 1 1 1 1 1 1 1 1 1 1 1 1 1 1 ];
presentations = [1 2 3 4 5 6 7 8 9 10 11 12 13 14 15 16 17 18 19 20 ];
answers = [5 0 5 3 0 3 4 0 3 5 0 5 0 3 5 1 5 0 2 0 ];
adjustments = [-10 10 -5 -0.5 2.5 -0.5 -1.5 2.5 -0.5 -2.5 2.5 -2.5 2.5 -0.5 -2.5 1.5 -2.5 2.5 0.5 2.5 ];
sentences = {'90790' '87713' '66553' '52988' '70565' '03262' '82487' '14040' '31601' '24318' '03676' '15149' '48832' '91451' '66127' '29394' '35209' '59026' '48835' '77974' };
offsets = [9211 318 24769 2383 5526 26777 11496 9930 27023 23685 33340 5684 13439 2206 42777 24056 14868 10610 11705 24775 ];

