target=0.50;discardreversals=2;startvalue=0.00;steps=[4  2  1];selfservice=0;
threshold = [-14.50 ];
values = [0.00 -10.00 -12.00 -18.00 -12.00 -15.00 -14.50 -15.00 -14.50 -13.00 -12.50 -15.00 -14.50 -15.00 -15.50 -13.00 -13.50 -12.00 -10.50 -10.00 ];
reversals = [0 0 0 1 -1 1 -1 1 0 0 -1 1 -1 0 1 -1 1 0 0 -1 ];
measures = [0 0 0 0 0 1 1 1 1 1 1 1 1 1 1 1 1 1 1 1 ];
presentations = [1 2 3 4 5 6 7 8 9 10 11 12 13 14 15 16 17 18 19 20 ];
answers = [5 3 4 1 4 2 3 2 1 2 5 2 3 3 0 3 1 1 2 4 ];
adjustments = [-10 -2 -6 6 -3 0.5 -0.5 0.5 1.5 0.5 -2.5 0.5 -0.5 -0.5 2.5 -0.5 1.5 1.5 0.5 -1.5 ];
sentences = {'90790' '74972' '99308' '77974' '87263' '31601' '55025' '82487' '66553' '41634' '22586' '68819' '48835' '24318' '03491' '15149' '59026' '30757' '16140' '03262' };
offsets = [4563933 4311453 1312393 2020091 2494103 4438397 3963782 463072 1806526 4056856 2195876 1727470 2506318 1817645 4749646 3483068 658492 494348 3669353 3904246 ];

