target=0.50;discardreversals=2;startvalue=0.00;steps=[4  2  1];selfservice=0;
threshold = [-33.25 ];
values = [5.00 -5.00 -15.00 -25.00 -35.00 -25.00 -30.00 -32.50 -35.00 -37.50 -35.00 -32.50 -32.00 -34.50 -33.00 -33.50 -32.00 -31.50 -29.00 -29.50 ];
reversals = [0 0 0 0 1 -1 0 0 0 1 0 0 -1 1 -1 1 0 0 -1 0 ];
measures = [0 0 0 0 0 0 0 0 0 1 1 1 1 1 1 1 1 1 1 1 ];
presentations = [1 2 3 4 5 6 7 8 9 10 11 12 13 14 15 16 17 18 19 20 ];
answers = [5 5 5 5 0 5 5 5 5 0 0 2 5 1 3 1 2 0 3 5 ];
adjustments = [-10 -10 -10 -10 10 -5 -2.5 -2.5 -2.5 2.5 2.5 0.5 -2.5 1.5 -0.5 1.5 0.5 2.5 -0.5 -2.5 ];
sentences = {'92629' '11755' '54841' '09216' '18348' '93692' '70287' '69009' '45923' '65555' '34994' '86800' '70762' '23081' '47173' '08168' '22336' '36514' '51437' '87470' };
offsets = [62727 49358 60637 89478 70098 21531 42182 76170 34018 39030 70060 36705 19438 34171 78437 34379 80451 6204 73487 23132 ];

