target=0.50;discardreversals=2;startvalue=0.00;steps=[4  2  1];selfservice=0;
threshold = [-10.25 ];
values = [0.00 -10.00 -20.00 -10.00 -7.00 -10.00 -10.50 -8.00 -10.50 -9.00 -10.50 -10.00 -10.50 -8.00 -10.50 -13.00 -13.50 -11.00 -9.50 -10.00 ];
reversals = [0 0 1 0 -1 0 1 -1 1 -1 1 -1 1 -1 0 0 1 0 -1 0 ];
measures = [0 0 0 0 0 0 1 1 1 1 1 1 1 1 1 1 1 1 1 1 ];
presentations = [1 2 3 4 5 6 7 8 9 10 11 12 13 14 15 16 17 18 19 20 ];
answers = [5 5 0 1 4 3 0 5 1 4 2 3 0 5 5 3 0 1 3 3 ];
adjustments = [-10 -10 10 3 -3 -0.5 2.5 -2.5 1.5 -1.5 0.5 -0.5 2.5 -2.5 -2.5 -0.5 2.5 1.5 -0.5 -0.5 ];
sentences = {'48832' '70565' '47048' '91451' '03676' '14040' '18314' '52277' '00456' '89135' '52988' '29394' '87713' '95569' '35209' '24621' '76802' '66127' '61793' '33980' };
offsets = [2661820 460792 2517536 2520569 597178 811955 2763832 3063441 2554214 3522597 2915072 194245 3219526 4651875 3344370 2385415 714695 406368 1233766 4275773 ];

