target=0.50;discardreversals=2;startvalue=0.00;steps=[4  2  1];selfservice=0;
threshold = [-4.50 ];
values = [0.00 -10.00 0.00 -5.00 -4.50 -5.00 -2.50 -1.00 -3.50 -3.00 -4.50 -4.00 -6.50 -4.00 -4.50 -4.00 -2.50 -1.00 -2.50 -5.00 ];
reversals = [0 1 -1 1 -1 1 0 -1 1 -1 1 -1 1 -1 1 0 0 -1 0 1 ];
measures = [0 0 0 1 1 1 1 1 1 1 1 1 1 1 1 1 1 1 1 1 ];
presentations = [1 2 3 4 5 6 7 8 9 10 11 12 13 14 15 16 17 18 19 20 ];
answers = [5 0 5 2 3 0 1 5 2 4 2 5 0 3 2 1 1 4 5 0 ];
adjustments = [-10 10 -5 0.5 -0.5 2.5 1.5 -2.5 0.5 -1.5 0.5 -2.5 2.5 -0.5 0.5 1.5 1.5 -1.5 -2.5 2.5 ];
sentences = {'33980' '47048' '52277' '24621' '51195' '00456' '18314' '02737' '76802' '23448' '15952' '90013' '95569' '68271' '44529' '61793' '76600' '89135' '37886' '89364' };
offsets = [14493 28553 11181 10579 5680 4619 10318 14943 26624 4913 1420 24547 5111 18270 2427 5495 29116 16288 26540 8797 ];

