target=0.50;discardreversals=2;startvalue=0.00;steps=[4  2  1];selfservice=0;
threshold = [-9.75 ];
values = [0.00 -10.00 -12.00 -14.00 -4.00 -9.00 -8.50 -7.00 -9.50 -9.00 -9.50 -12.00 -10.50 -10.00 -12.50 -10.00 -10.50 -10.00 -9.50 -11.00 ];
reversals = [0 0 0 1 -1 1 0 -1 1 -1 0 1 0 -1 1 -1 1 0 -1 0 ];
measures = [0 0 0 0 0 1 1 1 1 1 1 1 1 1 1 1 1 1 1 1 ];
presentations = [1 2 3 4 5 6 7 8 9 10 11 12 13 14 15 16 17 18 19 20 ];
answers = [5 3 3 0 5 2 1 5 2 3 5 1 2 5 0 3 2 2 4 5 ];
adjustments = [-10 -2 -2 10 -5 0.5 1.5 -2.5 0.5 -0.5 -2.5 1.5 0.5 -2.5 2.5 -0.5 0.5 0.5 -1.5 -2.5 ];
sentences = {'95569' '76802' '00456' '70762' '89135' '61793' '18314' '65555' '47173' '24621' '52277' '47048' '33980' '92629' '51437' '86800' '34994' '18348' '09216' '23081' };
offsets = [3827949 2371684 2345164 3627937 1132923 1473696 1333319 1019514 3741836 3652490 1466420 4140952 828945 4254561 596609 185013 1316268 2853549 3329948 3918076 ];

