target=0.50;discardreversals=2;startvalue=0.00;steps=[4  2  1];selfservice=0;
threshold = [-35.00 ];
values = [5.00 -5.00 -15.00 -25.00 -27.00 -33.00 -27.00 -28.00 -30.50 -33.00 -35.50 -33.00 -32.50 -35.00 -33.50 -36.00 -33.50 -34.00 -36.50 -34.00 ];
reversals = [0 0 0 0 0 1 -1 0 0 0 1 0 -1 1 -1 1 -1 0 1 0 ];
measures = [0 0 0 0 0 0 0 0 0 0 1 1 1 1 1 1 1 1 1 1 ];
presentations = [1 2 3 4 5 6 7 8 9 10 11 12 13 14 15 16 17 18 19 20 ];
answers = [5 5 5 3 4 1 3 5 5 5 0 2 5 1 5 0 3 5 0 1 ];
adjustments = [-10 -10 -10 -2 -6 6 -1 -2.5 -2.5 -2.5 2.5 0.5 -2.5 1.5 -2.5 2.5 -0.5 -2.5 2.5 1.5 ];
sentences = {'52277' '93692' '36514' '89135' '76802' '18314' '22336' '70287' '00456' '95569' '24621' '47048' '33980' '54841' '45923' '61793' '87470' '08168' '11755' '69009' };
offsets = [57990 43220 68702 20655 10567 58032 42484 45444 12490 26714 21001 94204 62335 41093 42719 56775 47488 25992 55359 53968 ];

