target=0.50;discardreversals=2;startvalue=0.00;steps=[4  2  1];selfservice=0;
threshold = [-2.50 ];
values = [0.00 -10.00 0.00 -3.00 -5.50 -4.00 -1.50 -2.00 -2.50 -2.00 -1.50 -1.00 -3.50 -5.00 -2.50 -5.00 -3.50 -1.00 -3.50 -6.00 ];
reversals = [0 1 -1 0 1 0 -1 0 1 0 0 -1 0 1 -1 1 0 -1 0 1 ];
measures = [0 0 0 0 1 1 1 1 1 1 1 1 1 1 1 1 1 1 1 1 ];
presentations = [1 2 3 4 5 6 7 8 9 10 11 12 13 14 15 16 17 18 19 20 ];
answers = [5 0 4 5 1 0 3 3 2 2 2 5 4 0 5 1 0 5 5 0 ];
adjustments = [-10 10 -3 -2.5 1.5 2.5 -0.5 -0.5 0.5 0.5 0.5 -2.5 -1.5 2.5 -2.5 1.5 2.5 -2.5 -2.5 2.5 ];
sentences = {'90013' '34994' '23448' '92629' '51437' '86800' '89364' '15952' '09216' '23081' '02737' '65555' '18348' '76600' '47173' '68271' '51195' '44529' '37886' '70762' };
offsets = [19039 22977 24246 27862 13601 19416 18103 5898 30003 23322 3856 5141 7900 1616 10976 33114 18925 12447 33645 240 ];

