target=0.50;discardreversals=2;startvalue=0.00;steps=[4  2  1];selfservice=0;
threshold = [-2.50 ];
values = [0.00 2.00 -4.00 1.00 -0.50 0.00 -2.50 -3.00 -0.50 0.00 -2.50 -3.00 -5.50 -5.00 -2.50 -4.00 -1.50 -4.00 -3.50 -3.00 ];
reversals = [0 -1 1 -1 1 -1 0 1 0 -1 0 0 1 0 -1 1 -1 1 0 -1 ];
measures = [0 0 0 1 1 1 1 1 1 1 1 1 1 1 1 1 1 1 1 1 ];
presentations = [1 2 3 4 5 6 7 8 9 10 11 12 13 14 15 16 17 18 19 20 ];
answers = [2 4 0 4 2 5 3 0 2 5 3 5 2 0 4 0 5 2 2 4 ];
adjustments = [2 -6 5 -1.5 0.5 -2.5 -0.5 2.5 0.5 -2.5 -0.5 -2.5 0.5 2.5 -1.5 2.5 -2.5 0.5 0.5 -1.5 ];
sentences = {'47048' '91451' '29394' '76802' '87713' '03676' '61793' '48832' '18314' '70565' '33980' '52988' '95569' '35209' '00456' '89135' '52277' '66127' '14040' '24621' };
offsets = [1868 30852 11716 13950 11697 18228 19978 9977 12087 15046 18969 11415 7624 6534 24679 9406 11185 27679 281 17978 ];

