target=0.75;minreversals=14;discardreversals=4;minmeasures=25;startvalue=60.00;steps=[8  8  4  2];feedback=0;
threshold = [247.00 ];
values = [60.00 84.00 108.00 100.00 92.00 116.00 116.00 128.00 128.00 140.00 136.00 142.00 148.00 148.00 154.00 154.00 154.00 154.00 160.00 160.00 160.00 160.00 166.00 166.00 172.00 178.00 178.00 178.00 178.00 178.00 184.00 190.00 190.00 190.00 196.00 202.00 202.00 202.00 208.00 214.00 220.00 226.00 232.00 238.00 244.00 250.00 256.00 256.00 256.00 262.00 262.00 262.00 268.00 274.00 274.00 274.00 274.00 280.00 286.00 292.00 298.00 304.00 310.00 316.00 322.00 322.00 322.00 322.00 322.00 320.00 318.00 316.00 314.00 314.00 312.00 312.00 312.00 312.00 310.00 310.00 310.00 308.00 308.00 308.00 306.00 304.00 302.00 302.00 302.00 300.00 298.00 296.00 296.00 294.00 292.00 290.00 290.00 288.00 286.00 284.00 282.00 280.00 278.00 278.00 276.00 276.00 274.00 274.00 274.00 274.00 274.00 272.00 272.00 272.00 272.00 270.00 270.00 270.00 270.00 268.00 268.00 266.00 264.00 264.00 264.00 262.00 262.00 260.00 258.00 258.00 264.00 264.00 262.00 262.00 260.00 260.00 258.00 256.00 256.00 254.00 252.00 250.00 250.00 250.00 250.00 248.00 246.00 244.00 244.00 242.00 242.00 242.00 248.00 246.00 246.00 246.00 246.00 244.00 244.00 250.00 250.00 250.00 250.00 250.00 250.00 250.00 248.00 246.00 246.00 244.00 244.00 244.00 244.00 242.00 240.00 240.00 246.00 244.00 242.00 ];
reversals = [0 0 -1 0 1 0 0 0 0 -1 1 0 0 0 0 0 0 0 0 0 0 0 0 0 0 0 0 0 0 0 0 0 0 0 0 0 0 0 0 0 0 0 0 0 0 0 0 0 0 0 0 0 0 0 0 0 0 0 0 0 0 0 0 0 0 0 0 0 -1 0 0 0 0 0 0 0 0 0 0 0 0 0 0 0 0 0 0 0 0 0 0 0 0 0 0 0 0 0 0 0 0 0 0 0 0 0 0 0 0 0 0 0 0 0 0 0 0 0 0 0 0 0 0 0 0 0 0 0 0 1 0 -1 0 0 0 0 0 0 0 0 0 0 0 0 0 0 0 0 0 0 0 1 -1 0 0 0 0 0 1 0 0 0 0 0 0 -1 0 0 0 0 0 0 0 0 0 1 -1 0 1 ];
measures = [0 0 0 0 0 0 0 0 0 0 0 0 0 0 0 0 0 0 0 0 0 0 0 0 0 0 0 0 0 0 0 0 0 0 0 0 0 0 0 0 0 0 0 0 0 0 0 0 0 0 0 0 0 0 0 0 0 0 0 0 0 0 0 0 0 0 0 0 1 1 1 1 1 1 1 1 1 1 1 1 1 1 1 1 1 1 1 1 1 1 1 1 1 1 1 1 1 1 1 1 1 1 1 1 1 1 1 1 1 1 1 1 1 1 1 1 1 1 1 1 1 1 1 1 1 1 1 1 1 1 1 1 1 1 1 1 1 1 1 1 1 1 1 1 1 1 1 1 1 1 1 1 1 1 1 1 1 1 1 1 1 1 1 1 1 1 1 1 1 1 1 1 1 1 1 1 1 1 1 ];
presentations = [1 1 1 1 1 0 1 0 1 1 1 1 0 1 0 0 0 1 0 0 0 1 0 1 1 0 0 0 0 1 1 0 0 1 1 0 0 1 1 1 1 1 1 1 1 1 0 0 1 0 0 1 1 0 0 0 1 1 1 1 1 1 1 1 0 0 0 0 1 1 1 1 0 1 0 0 0 1 0 0 1 0 0 1 1 1 0 0 1 1 1 0 1 1 1 0 1 1 1 1 1 1 0 1 0 1 0 0 0 0 1 0 0 0 1 0 0 0 1 0 1 1 0 0 1 0 1 1 0 1 0 1 0 1 0 1 1 0 1 1 1 0 0 0 1 1 1 0 1 0 0 1 1 0 0 0 1 0 1 0 0 0 0 0 0 1 1 0 1 0 0 0 1 1 0 1 1 1 1 ];
answers = [0 0 1 1 0 0 0 0 0 1 0 0 0 0 0 0 0 0 0 0 0 0 0 0 0 0 0 0 0 0 0 0 0 0 0 0 0 0 0 0 0 0 0 0 0 0 0 0 0 0 0 0 0 0 0 0 0 0 0 0 0 0 0 0 0 0 0 0 1 1 1 1 0 1 0 0 0 1 0 0 1 0 0 1 1 1 0 0 1 1 1 0 1 1 1 0 1 1 1 1 1 1 0 1 0 1 0 0 0 0 1 0 0 0 1 0 0 0 1 0 1 1 0 0 1 0 1 1 0 0 0 1 0 1 0 1 1 0 1 1 1 0 0 0 1 1 1 0 1 0 0 0 1 0 0 0 1 0 0 0 0 0 0 0 0 1 1 0 1 0 0 0 1 1 0 0 1 1 0 ];
adjustments = [24 24 -8 -8 24 0 12 0 12 -4 6 6 0 6 0 0 0 6 0 0 0 6 0 6 6 0 0 0 0 6 6 0 0 6 6 0 0 6 6 6 6 6 6 6 6 6 0 0 6 0 0 6 6 0 0 0 6 6 6 6 6 6 6 6 0 0 0 0 -2 -2 -2 -2 0 -2 0 0 0 -2 0 0 -2 0 0 -2 -2 -2 0 0 -2 -2 -2 0 -2 -2 -2 0 -2 -2 -2 -2 -2 -2 0 -2 0 -2 0 0 0 0 -2 0 0 0 -2 0 0 0 -2 0 -2 -2 0 0 -2 0 -2 -2 0 6 0 -2 0 -2 0 -2 -2 0 -2 -2 -2 0 0 0 -2 -2 -2 0 -2 0 0 6 -2 0 0 0 -2 0 6 0 0 0 0 0 0 -2 -2 0 -2 0 0 0 -2 -2 0 6 -2 -2 6 ];

