target=0.50;discardreversals=2;startvalue=0.00;steps=[4  2  1];selfservice=0;
threshold = [-3.00 ];
values = [0.00 -10.00 0.00 -3.00 -2.50 -1.00 -3.50 -3.00 -3.50 -5.00 -2.50 -5.00 -5.50 -4.00 -2.50 -4.00 -3.50 -2.00 -1.50 -4.00 ];
reversals = [0 1 -1 1 0 -1 1 -1 0 1 -1 0 1 0 -1 1 0 0 -1 1 ];
measures = [0 0 0 1 1 1 1 1 1 1 1 1 1 1 1 1 1 1 1 1 ];
presentations = [1 2 3 4 5 6 7 8 9 10 11 12 13 14 15 16 17 18 19 20 ];
answers = [5 0 4 2 1 5 2 3 4 0 5 3 1 1 4 2 1 2 5 1 ];
adjustments = [-10 10 -3 0.5 1.5 -2.5 0.5 -0.5 -1.5 2.5 -2.5 -0.5 1.5 1.5 -1.5 0.5 1.5 0.5 -2.5 1.5 ];
sentences = {'70565' '03676' '14040' '82487' '77974' '48835' '15149' '90790' '87713' '03262' '66553' '35209' '48832' '31601' '52988' '59026' '29394' '91451' '24318' '66127' };
offsets = [18358 1361 12542 11902 16740 21250 4784 5215 12229 25159 4157 3199 21707 33763 12621 3575 3816 33882 26979 41186 ];

