target=0.50;discardreversals=2;startvalue=0.00;steps=[4  2  1];selfservice=0;
threshold = [-23.00 ];
values = [5.00 -5.00 -15.00 -25.00 -15.00 -18.00 -17.50 -19.00 -21.50 -24.00 -21.50 -24.00 -24.50 -25.00 -22.50 -23.00 -23.50 -26.00 -23.50 -24.00 ];
reversals = [0 0 0 1 -1 1 -1 0 0 1 -1 0 0 1 -1 0 0 1 -1 0 ];
measures = [0 0 0 0 0 1 1 1 1 1 1 1 1 1 1 1 1 1 1 1 ];
presentations = [1 2 3 4 5 6 7 8 9 10 11 12 13 14 15 16 17 18 19 20 ];
answers = [5 5 5 0 4 2 4 5 5 0 5 3 3 0 3 3 5 0 3 3 ];
adjustments = [-10 -10 -10 10 -3 0.5 -1.5 -2.5 -2.5 2.5 -2.5 -0.5 -0.5 2.5 -0.5 -0.5 -2.5 2.5 -0.5 -0.5 ];
sentences = {'00456' '47048' '29394' '76802' '48832' '91451' '89135' '18314' '66127' '14040' '95569' '35209' '61793' '03676' '33980' '70565' '52988' '87713' '52277' '24621' };
offsets = [82063 59422 41498 4399 27800 22681 76335 34929 42822 39485 79452 40168 30457 91046 74501 70137 69262 20663 53561 15238 ];

