target=0.50;discardreversals=2;startvalue=0.00;steps=[4  2  1];selfservice=0;
threshold = [-5.75 ];
values = [0.00 -6.00 -4.00 -3.00 -6.00 -6.50 -4.00 -4.50 -5.00 -2.50 -5.00 -6.50 -5.00 -7.50 -5.00 -7.50 -8.00 -9.50 -8.00 -9.50 ];
reversals = [0 1 0 -1 0 1 -1 0 1 -1 0 1 -1 1 -1 0 0 1 -1 0 ];
measures = [0 0 0 0 0 1 1 1 1 1 1 1 1 1 1 1 1 1 1 1 ];
presentations = [1 2 3 4 5 6 7 8 9 10 11 12 13 14 15 16 17 18 19 20 ];
answers = [4 2 2 4 3 0 3 3 0 5 4 1 5 0 5 3 4 1 4 3 ];
adjustments = [-6 2 1 -3 -0.5 2.5 -0.5 -0.5 2.5 -2.5 -1.5 1.5 -2.5 2.5 -2.5 -0.5 -1.5 1.5 -1.5 -0.5 ];
sentences = {'69009' '70287' '93692' '91451' '87470' '03676' '54841' '48832' '66127' '35209' '11755' '70565' '52988' '08168' '29394' '45923' '36514' '22336' '14040' '87713' };
offsets = [4730833 3200430 4253063 933336 3783581 3198469 1911129 2108648 3255838 4143058 164695 1754949 1287094 1834941 205025 1708701 1289465 4661890 257047 3140942 ];

