target=0.50;discardreversals=2;startvalue=0.00;steps=[4  2  1];selfservice=0;
threshold = [-1.75 ];
values = [0.00 -10.00 0.00 -5.00 -3.50 -1.00 -1.50 -3.00 -1.50 -2.00 -3.50 -1.00 -0.50 0.00 -0.50 -2.00 0.50 -2.00 -1.50 -2.00 ];
reversals = [0 1 -1 1 0 -1 0 1 -1 0 1 0 0 -1 0 1 -1 1 -1 0 ];
measures = [0 0 0 1 1 1 1 1 1 1 1 1 1 1 1 1 1 1 1 1 ];
presentations = [1 2 3 4 5 6 7 8 9 10 11 12 13 14 15 16 17 18 19 20 ];
answers = [5 0 5 1 0 3 4 1 3 4 0 2 2 3 4 0 5 2 3 3 ];
adjustments = [-10 10 -5 1.5 2.5 -0.5 -1.5 1.5 -0.5 -1.5 2.5 0.5 0.5 -0.5 -1.5 2.5 -2.5 0.5 -0.5 -0.5 ];
sentences = {'36514' '87470' '54841' '23081' '47173' '51437' '92629' '22336' '45923' '69009' '34994' '70287' '65555' '09216' '08168' '93692' '70762' '86800' '18348' '11755' };
offsets = [25501 15543 7345 29647 10224 18216 12263 32974 2305 15612 17762 2146 7877 34208 31791 7519 38 25194 11235 4871 ];

