target=0.50;discardreversals=2;startvalue=0.00;steps=[4  2  1];selfservice=0;
threshold = [-24.00 ];
values = [5.00 -5.00 -15.00 -25.00 -19.00 -24.00 -24.50 -25.00 -25.50 -24.00 -25.50 -25.00 -23.50 -26.00 -26.50 -25.00 -22.50 -25.00 -22.50 -23.00 ];
reversals = [0 0 0 1 -1 0 0 0 1 -1 1 0 -1 0 1 0 -1 1 -1 1 ];
measures = [0 0 0 0 0 0 0 0 1 1 1 1 1 1 1 1 1 1 1 1 ];
presentations = [1 2 3 4 5 6 7 8 9 10 11 12 13 14 15 16 17 18 19 20 ];
answers = [5 5 5 1 5 3 3 3 1 4 2 1 5 3 1 0 5 0 3 0 ];
adjustments = [-10 -10 -10 6 -5 -0.5 -0.5 -0.5 1.5 -1.5 0.5 1.5 -2.5 -0.5 1.5 2.5 -2.5 2.5 -0.5 2.5 ];
sentences = {'89364' '76600' '16140' '37886' '68271' '02737' '74972' '22586' '68819' '55025' '51195' '41634' '90013' '30757' '87263' '44529' '99308' '15952' '23448' '03491' };
offsets = [34051 20189 37552 53031 439 16395 24498 75864 20795 38057 65835 41896 32529 64950 3599 51110 88156 41290 14650 72430 ];

