target=0.50;discardreversals=2;startvalue=0.00;steps=[4  2  1];selfservice=0;
threshold = [-8.25 ];
values = [0.00 -10.00 -4.00 -9.00 -8.50 -10.00 -9.50 -10.00 -10.50 -8.00 -9.50 -9.00 -8.50 -7.00 -7.50 -6.00 -7.50 -8.00 -6.50 -7.00 ];
reversals = [0 1 -1 1 -1 1 -1 0 1 -1 1 0 0 -1 1 -1 0 1 -1 0 ];
measures = [0 0 0 1 1 1 1 1 1 1 1 1 1 1 1 1 1 1 1 1 ];
presentations = [1 2 3 4 5 6 7 8 9 10 11 12 13 14 15 16 17 18 19 20 ];
answers = [5 1 5 2 4 2 3 3 0 4 2 2 1 3 1 4 3 1 3 3 ];
adjustments = [-10 6 -5 0.5 -1.5 0.5 -0.5 -0.5 2.5 -1.5 0.5 0.5 1.5 -0.5 1.5 -1.5 -0.5 1.5 -0.5 -0.5 ];
sentences = {'34226' '82009' '16140' '87263' '68819' '99308' '30757' '63558' '03491' '10681' '41634' '46393' '74972' '95162' '07970' '51417' '29744' '22586' '55025' '78835' };
offsets = [2825825 1013674 114388 2320087 3184378 3981498 4268972 2552104 3165458 4575732 2697757 3685189 1416522 911348 2328619 2746975 2562247 4043194 4412698 4006459 ];

