target=0.50;discardreversals=2;startvalue=0.00;steps=[4  2  1];selfservice=0;
threshold = [-8.00 ];
values = [0.00 -6.00 -12.00 -6.00 -9.00 -7.50 -8.00 -5.50 -7.00 -7.50 -8.00 -6.50 -7.00 -6.50 -9.00 -10.50 -11.00 -10.50 -8.00 -8.50 ];
reversals = [0 0 1 -1 1 -1 1 -1 0 0 1 -1 1 -1 0 0 1 0 -1 1 ];
measures = [0 0 0 0 1 1 1 1 1 1 1 1 1 1 1 1 1 1 1 1 ];
presentations = [1 2 3 4 5 6 7 8 9 10 11 12 13 14 15 16 17 18 19 20 ];
answers = [4 4 1 4 1 3 0 4 3 3 1 3 2 5 4 3 2 0 3 2 ];
adjustments = [-6 -6 6 -3 1.5 -0.5 2.5 -1.5 -0.5 -0.5 1.5 -0.5 0.5 -2.5 -1.5 -0.5 0.5 2.5 -0.5 0.5 ];
sentences = {'47048' '76802' '34226' '63558' '18314' '61793' '46393' '82009' '00456' '95162' '24621' '29744' '78835' '07970' '95569' '10681' '33980' '51417' '89135' '52277' };
offsets = [1212021 1493412 1558961 4693059 1340241 1917155 4036111 1343020 3765984 1332683 3172334 410095 1731259 1500324 1225067 4295757 4060238 136847 1520580 4523690 ];

