target=0.50;discardreversals=2;startvalue=0.00;steps=[4  2  1];selfservice=0;
threshold = [-3.50 ];
values = [0.00 -2.00 -4.00 -6.00 0.00 -3.00 -5.50 -5.00 -2.50 -5.00 -4.50 -5.00 -2.50 -5.00 -4.50 -4.00 -1.50 -2.00 -1.50 -3.00 ];
reversals = [0 0 0 1 -1 0 1 0 -1 1 -1 1 -1 1 0 0 -1 1 -1 0 ];
measures = [0 0 0 0 0 0 1 1 1 1 1 1 1 1 1 1 1 1 1 1 ];
presentations = [1 2 3 4 5 6 7 8 9 10 11 12 13 14 15 16 17 18 19 20 ];
answers = [3 3 3 1 4 5 2 0 5 2 3 0 5 2 2 0 3 2 4 3 ];
adjustments = [-2 -2 -2 6 -3 -2.5 0.5 2.5 -2.5 0.5 -0.5 2.5 -2.5 0.5 0.5 2.5 -0.5 0.5 -1.5 -0.5 ];
sentences = {'22586' '26626' '16140' '74972' '80338' '68819' '18502' '39994' '03491' '55025' '94067' '67850' '05413' '99308' '87263' '72141' '41634' '30757' '51779' '43285' };
offsets = [3105 31378 9258 25427 6751 7303 8640 8458 5688 13890 2139 2253 5797 21335 17234 15446 14333 5210 12079 14761 ];

