target=0.50;discardreversals=2;startvalue=0.00;steps=[4  2  1];selfservice=0;
threshold = [-2.00 ];
values = [0.00 10.00 8.00 3.00 -2.00 1.00 -0.50 -1.00 -2.50 -5.00 -2.50 0.00 -1.50 -3.00 -2.50 -1.00 -3.50 -1.00 -3.50 -3.00 ];
reversals = [0 -1 0 0 1 -1 0 0 0 1 0 -1 0 1 0 -1 1 -1 1 0 ];
measures = [0 0 0 0 0 1 1 1 1 1 1 1 1 1 1 1 1 1 1 1 ];
presentations = [1 2 3 4 5 6 7 8 9 10 11 12 13 14 15 16 17 18 19 20 ];
answers = [0 3 5 5 1 4 3 4 5 0 0 4 4 2 1 5 0 5 2 1 ];
adjustments = [10 -2 -5 -5 3 -1.5 -0.5 -1.5 -2.5 2.5 2.5 -1.5 -1.5 0.5 1.5 -2.5 2.5 -2.5 0.5 1.5 ];
sentences = {'89364' '44529' '37886' '76802' '47048' '95569' '15952' '52277' '68271' '02737' '89135' '33980' '61793' '24621' '18314' '76600' '00456' '90013' '51195' '23448' };
offsets = [8056 35897 9069 7361 28409 734 4319 4173 12824 6456 3993 13250 649 16213 18012 17954 16502 4115 6502 24206 ];

