target=0.50;discardreversals=2;startvalue=0.00;steps=[4  2  1];selfservice=0;
threshold = [-2.75 ];
values = [0.00 -6.00 0.00 -5.00 -3.50 -3.00 -2.50 -3.00 -2.50 -4.00 -2.50 -4.00 -1.50 -4.00 -4.50 -4.00 -2.50 -3.00 -2.50 -5.00 ];
reversals = [0 1 -1 1 0 0 -1 1 -1 1 -1 1 -1 0 1 0 -1 1 -1 0 ];
measures = [0 0 0 1 1 1 1 1 1 1 1 1 1 1 1 1 1 1 1 1 ];
presentations = [1 2 3 4 5 6 7 8 9 10 11 12 13 14 15 16 17 18 19 20 ];
answers = [4 1 5 1 2 2 3 2 4 1 4 0 5 3 2 1 3 2 5 3 ];
adjustments = [-6 6 -5 1.5 0.5 0.5 -0.5 0.5 -1.5 1.5 -1.5 2.5 -2.5 -0.5 0.5 1.5 -0.5 0.5 -2.5 -0.5 ];
sentences = {'66127' '69009' '35209' '29394' '22336' '03676' '70287' '87713' '93692' '91451' '54841' '08168' '36514' '11755' '70565' '48832' '45923' '14040' '52988' '87470' };
offsets = [4016 13093 17143 20740 17037 27361 1039 12324 16929 12508 1989 26373 28765 1920 6174 15700 308 9331 2322 9174 ];

