target=0.50;discardreversals=2;startvalue=0.00;steps=[4  2  1];selfservice=0;
threshold = [-9.50 ];
values = [0.00 -10.00 0.00 -5.00 -7.50 -7.00 -9.50 -7.00 -9.50 -12.00 -9.50 -11.00 -10.50 -8.00 -9.50 -8.00 -7.50 -10.00 -9.50 -11.00 ];
reversals = [0 1 -1 0 1 -1 1 -1 0 1 -1 1 0 -1 1 0 -1 1 -1 0 ];
measures = [0 0 0 0 1 1 1 1 1 1 1 1 1 1 1 1 1 1 1 1 ];
presentations = [1 2 3 4 5 6 7 8 9 10 11 12 13 14 15 16 17 18 19 20 ];
answers = [5 0 5 5 2 5 0 5 5 0 4 2 0 4 1 2 5 2 4 3 ];
adjustments = [-10 10 -5 -2.5 0.5 -2.5 2.5 -2.5 -2.5 2.5 -1.5 0.5 2.5 -1.5 1.5 0.5 -2.5 0.5 -1.5 -0.5 ];
sentences = {'55025' '87263' '99308' '22586' '03491' '82487' '90790' '41634' '68819' '66553' '59026' '77974' '15149' '74972' '31601' '03262' '30757' '48835' '24318' '16140' };
offsets = [2592449 2881825 4146168 3156109 2131731 2572102 4365002 2530630 144488 4211172 4047958 3694506 1836960 2597991 547298 1554903 856100 4440555 3308232 1258377 ];

