target=0.50;discardreversals=2;startvalue=0.00;steps=[4  2  1];selfservice=0;
threshold = [-4.00 ];
values = [0.00 -6.00 -4.00 -1.00 -4.00 -3.50 -5.00 -5.50 -4.00 -3.50 -3.00 -3.50 -6.00 -4.50 -4.00 -3.50 -2.00 -0.50 -2.00 -4.50 ];
reversals = [0 1 0 -1 1 -1 0 1 0 0 -1 0 1 0 0 0 0 -1 0 1 ];
measures = [0 0 0 0 1 1 1 1 1 1 1 1 1 1 1 1 1 1 1 1 ];
presentations = [1 2 3 4 5 6 7 8 9 10 11 12 13 14 15 16 17 18 19 20 ];
answers = [4 2 1 4 2 4 3 1 2 2 3 5 1 2 2 1 1 4 5 2 ];
adjustments = [-6 2 3 -3 0.5 -1.5 -0.5 1.5 0.5 0.5 -0.5 -2.5 1.5 0.5 0.5 1.5 1.5 -1.5 -2.5 0.5 ];
sentences = {'72141' '67850' '33528' '94067' '98162' '12339' '43285' '05413' '21080' '44697' '50976' '69444' '51779' '06251' '26626' '18502' '77705' '39994' '80338' '85813' };
offsets = [5715 5669 10924 30879 3757 10528 5703 10378 13779 1139 5458 26656 11725 25325 44441 19198 12563 18 9627 16824 ];

