target=0.50;discardreversals=2;startvalue=0.00;steps=[4  2  1];selfservice=0;
threshold = [-12.00 ];
values = [0.00 -10.00 -20.00 -10.00 -11.00 -10.50 -11.00 -13.50 -12.00 -13.50 -13.00 -12.50 -12.00 -9.50 -12.00 -11.50 -11.00 -13.50 -13.00 -10.50 ];
reversals = [0 0 1 -1 1 -1 0 1 -1 1 0 0 0 -1 1 0 -1 1 0 0 ];
measures = [0 0 0 0 1 1 1 1 1 1 1 1 1 1 1 1 1 1 1 1 ];
presentations = [1 2 3 4 5 6 7 8 9 10 11 12 13 14 15 16 17 18 19 20 ];
answers = [5 5 0 3 2 3 5 1 4 2 2 2 0 5 2 2 5 2 0 2 ];
adjustments = [-10 -10 10 -1 0.5 -0.5 -2.5 1.5 -1.5 0.5 0.5 0.5 2.5 -2.5 0.5 0.5 -2.5 0.5 2.5 0.5 ];
sentences = {'90790' '18502' '03262' '43285' '67850' '77974' '94067' '26626' '39994' '66553' '48835' '24318' '31601' '51779' '59026' '72141' '15149' '82487' '80338' '05413' };
offsets = [125291 3537262 4828888 1858092 221857 1489173 759060 3226318 47509 3500265 746604 1106619 3847648 134169 2873464 2559974 897056 1980184 4070775 2948584 ];

