target=0.50;discardreversals=2;startvalue=0.00;steps=[4  2  1];selfservice=0;
threshold = [-24.50 ];
values = [5.00 -5.00 -15.00 -25.00 -23.00 -24.00 -25.50 -24.00 -22.50 -22.00 -20.50 -18.00 -18.50 -19.00 -20.50 -23.00 -24.50 -22.00 -23.50 -26.00 ];
reversals = [0 0 0 1 -1 0 1 0 0 0 0 -1 0 0 0 0 1 -1 0 1 ];
measures = [0 0 0 0 0 0 1 1 1 1 1 1 1 1 1 1 1 1 1 1 ];
presentations = [1 2 3 4 5 6 7 8 9 10 11 12 13 14 15 16 17 18 19 20 ];
answers = [5 5 5 2 3 4 1 1 2 1 0 3 3 4 5 4 0 4 5 0 ];
adjustments = [-10 -10 -10 2 -1 -1.5 1.5 1.5 0.5 1.5 2.5 -0.5 -0.5 -1.5 -2.5 -1.5 2.5 -1.5 -2.5 2.5 ];
sentences = {'87470' '22336' '93692' '52277' '89135' '69009' '33980' '54841' '45923' '76802' '18314' '11755' '47048' '95569' '00456' '24621' '61793' '08168' '70287' '36514' };
offsets = [35015 68123 24519 76502 41248 45848 19104 32342 71686 96755 61045 66182 79983 69440 88604 48252 26835 57022 14044 26201 ];

