target=0.50;discardreversals=2;startvalue=0.00;steps=[4  2  1];selfservice=0;
threshold = [-7.50 ];
values = [0.00 -6.00 -4.00 -3.00 -6.00 -6.50 -6.00 -8.50 -8.00 -8.50 -6.00 -7.50 -6.00 -6.50 -7.00 -7.50 -9.00 -7.50 -9.00 -6.50 ];
reversals = [0 1 0 -1 0 1 -1 1 -1 1 -1 1 -1 0 0 0 1 -1 1 -1 ];
measures = [0 0 0 0 0 1 1 1 1 1 1 1 1 1 1 1 1 1 1 1 ];
presentations = [1 2 3 4 5 6 7 8 9 10 11 12 13 14 15 16 17 18 19 20 ];
answers = [4 2 2 4 3 2 5 2 3 0 4 1 3 3 3 4 1 4 0 3 ];
adjustments = [-6 2 1 -3 -0.5 0.5 -2.5 0.5 -0.5 2.5 -1.5 1.5 -0.5 -0.5 -0.5 -1.5 1.5 -1.5 2.5 -0.5 ];
sentences = {'44529' '44697' '76600' '90013' '02737' '21080' '15952' '12339' '85813' '77705' '33528' '68271' '23448' '37886' '51195' '98162' '50976' '69444' '06251' '89364' };
offsets = [4727455 355829 3739065 3364468 1054463 1909654 4023153 2870463 1150387 4139482 3969676 4597675 2278667 2997396 3543090 1504391 2651338 12905 1078457 2556337 ];

