target=0.50;discardreversals=2;startvalue=0.00;steps=[4  2  1];selfservice=0;
threshold = [-3.75 ];
values = [0.00 -10.00 0.00 -3.00 -4.50 -5.00 -3.50 -4.00 -2.50 -5.00 -6.50 -5.00 -2.50 -4.00 -6.50 -4.00 -3.50 -2.00 -2.50 -5.00 ];
reversals = [0 1 -1 0 0 1 -1 1 -1 0 1 0 -1 0 1 0 0 -1 0 0 ];
measures = [0 0 0 0 0 1 1 1 1 1 1 1 1 1 1 1 1 1 1 1 ];
presentations = [1 2 3 4 5 6 7 8 9 10 11 12 13 14 15 16 17 18 19 20 ];
answers = [5 0 4 4 3 1 3 1 5 4 1 0 4 5 0 2 1 3 5 3 ];
adjustments = [-10 10 -3 -1.5 -0.5 1.5 -0.5 1.5 -2.5 -1.5 1.5 2.5 -1.5 -2.5 2.5 0.5 1.5 -0.5 -2.5 -0.5 ];
sentences = {'54841' '47173' '65555' '69009' '23081' '11755' '86800' '09216' '70287' '92629' '70762' '51437' '34994' '22336' '36514' '93692' '08168' '18348' '45923' '87470' };
offsets = [1762 1650 2260 13302 16690 14820 8386 16141 157 24144 116 27985 20272 26526 32916 21488 4265 8541 6685 15556 ];

