target=0.50;discardreversals=2;startvalue=0.00;steps=[4  2  1];selfservice=0;
threshold = [-4.00 ];
values = [0.00 -6.00 4.00 -1.00 -2.50 -3.00 -4.50 -5.00 -4.50 -4.00 -2.50 -4.00 -2.50 -3.00 -5.50 -3.00 -5.50 -3.00 -4.50 -4.00 ];
reversals = [0 1 -1 0 0 0 0 1 0 0 -1 1 -1 0 1 -1 1 -1 1 -1 ];
measures = [0 0 0 0 0 0 0 1 1 1 1 1 1 1 1 1 1 1 1 1 ];
presentations = [1 2 3 4 5 6 7 8 9 10 11 12 13 14 15 16 17 18 19 20 ];
answers = [4 0 5 4 3 4 3 2 2 1 4 1 3 5 0 5 0 4 2 3 ];
adjustments = [-6 10 -5 -1.5 -0.5 -1.5 -0.5 0.5 0.5 1.5 -1.5 1.5 -0.5 -2.5 2.5 -2.5 2.5 -1.5 0.5 -0.5 ];
sentences = {'15149' '82487' '77974' '24318' '03262' '31601' '74972' '66553' '55025' '90790' '41634' '22586' '99308' '16140' '87263' '68819' '59026' '48835' '30757' '03491' };
offsets = [9077 960 4466 11146 5508 15873 574 6926 10731 6080 4377 18113 18650 1918 19788 13576 28072 325 3310 27896 ];

