target=0.50;discardreversals=2;startvalue=0.00;steps=[4  2  1];selfservice=0;
threshold = [-16.25 ];
values = [5.00 -5.00 -15.00 -21.00 -11.00 -14.00 -13.50 -16.00 -15.50 -17.00 -18.50 -18.00 -18.50 -16.00 -18.50 -16.00 -18.50 -19.00 -16.50 -18.00 ];
reversals = [0 0 0 1 -1 1 -1 1 -1 0 1 -1 1 -1 1 -1 0 1 -1 0 ];
measures = [0 0 0 0 0 1 1 1 1 1 1 1 1 1 1 1 1 1 1 1 ];
presentations = [1 2 3 4 5 6 7 8 9 10 11 12 13 14 15 16 17 18 19 20 ];
answers = [5 5 4 0 4 2 5 2 4 4 2 3 0 5 0 5 3 0 4 4 ];
adjustments = [-10 -10 -6 10 -3 0.5 -2.5 0.5 -1.5 -1.5 0.5 -0.5 2.5 -2.5 2.5 -2.5 -0.5 2.5 -1.5 -1.5 ];
sentences = {'50976' '33528' '44697' '46393' '77705' '69444' '85813' '06251' '29744' '21080' '78835' '12339' '63558' '95162' '10681' '07970' '51417' '34226' '98162' '82009' };
offsets = [72759 92957 56090 100820 14631 53239 75616 71768 50748 51614 39660 44537 64384 64530 74689 51691 46843 19417 715 25739 ];

