target=0.50;discardreversals=2;startvalue=0.00;steps=[4  2  1];selfservice=0;
threshold = [-11.00 ];
values = [0.00 -10.00 -4.00 -5.00 -5.50 -7.00 -8.50 -10.00 -10.50 -12.00 -13.50 -11.00 -10.50 -11.00 -9.50 -10.00 -10.50 -12.00 -11.50 -11.00 ];
reversals = [0 1 -1 0 0 0 0 0 0 0 1 0 -1 1 -1 0 0 1 0 -1 ];
measures = [0 0 0 0 0 0 0 0 0 0 1 1 1 1 1 1 1 1 1 1 ];
presentations = [1 2 3 4 5 6 7 8 9 10 11 12 13 14 15 16 17 18 19 20 ];
answers = [5 1 3 3 4 4 4 3 4 4 0 2 3 1 3 3 4 2 2 4 ];
adjustments = [-10 6 -1 -0.5 -1.5 -1.5 -1.5 -0.5 -1.5 -1.5 2.5 0.5 -0.5 1.5 -0.5 -0.5 -1.5 0.5 0.5 -1.5 ];
sentences = {'90790' '48835' '31601' '03262' '66553' '00456' '82487' '47048' '52277' '24621' '61793' '76802' '77974' '95569' '89135' '59026' '15149' '33980' '24318' '18314' };
offsets = [4656626 561213 2993990 4498545 2298988 1680508 4314636 4491271 4451799 1456833 1290629 3635385 1810940 735724 3922730 2288770 282231 321077 2817355 1301913 ];

