target=0.50;discardreversals=2;startvalue=0.00;steps=[4  2  1];selfservice=0;
threshold = [-12.50 ];
values = [0.00 -10.00 -8.00 -11.00 -12.50 -12.00 -10.50 -9.00 -11.50 -12.00 -12.50 -11.00 -13.50 -15.00 -14.50 -14.00 -13.50 -14.00 -12.50 -13.00 ];
reversals = [0 1 -1 0 1 0 0 -1 0 0 1 -1 0 1 0 0 -1 1 -1 1 ];
measures = [0 0 0 0 1 1 1 1 1 1 1 1 1 1 1 1 1 1 1 1 ];
presentations = [1 2 3 4 5 6 7 8 9 10 11 12 13 14 15 16 17 18 19 20 ];
answers = [5 2 4 4 2 1 1 5 3 3 1 5 4 2 2 2 3 1 3 2 ];
adjustments = [-10 2 -3 -1.5 0.5 1.5 1.5 -2.5 -0.5 -0.5 1.5 -2.5 -1.5 0.5 0.5 0.5 -0.5 1.5 -0.5 0.5 ];
sentences = {'77974' '39994' '31601' '66553' '18502' '80338' '43285' '26626' '72141' '15149' '24318' '90790' '67850' '05413' '82487' '59026' '51779' '48835' '03262' '94067' };
offsets = [2490668 1852334 1477923 1532202 1108616 1522607 2323056 1023801 4587663 3479369 3760826 1194412 12519 1636443 223375 3816920 2652876 3201540 2778901 574959 ];

