target=0.50;discardreversals=2;startvalue=0.00;steps=[4  2  1];selfservice=0;
threshold = [-2.75 ];
values = [0.00 -2.00 -4.00 -2.00 -5.00 -4.50 -5.00 -2.50 -3.00 -1.50 -2.00 -2.50 -4.00 -1.50 -1.00 -1.50 0.00 -1.50 -3.00 -1.50 ];
reversals = [0 0 1 -1 1 -1 1 -1 1 -1 0 0 1 0 -1 1 -1 0 1 -1 ];
measures = [0 0 0 0 1 1 1 1 1 1 1 1 1 1 1 1 1 1 1 1 ];
presentations = [1 2 3 4 5 6 7 8 9 10 11 12 13 14 15 16 17 18 19 20 ];
answers = [3 3 2 4 2 3 0 3 1 3 3 4 0 2 3 1 4 4 1 4 ];
adjustments = [-2 -2 2 -3 0.5 -0.5 2.5 -0.5 1.5 -0.5 -0.5 -1.5 2.5 0.5 -0.5 1.5 -1.5 -1.5 1.5 -1.5 ];
sentences = {'77705' '29744' '78835' '44697' '51417' '69444' '82009' '95162' '98162' '63558' '12339' '21080' '85813' '06251' '07970' '46393' '34226' '50976' '33528' '10681' };
offsets = [11952 4245 30703 20549 8654 24257 2574 2475 12856 27252 6903 23455 5671 33597 511 45951 2792 3464 2215 14658 ];

