target=0.50;discardreversals=2;startvalue=0.00;steps=[4  2  1];selfservice=0;
threshold = [-7.25 ];
values = [0.00 -10.00 -4.00 -3.00 -8.00 -6.50 -6.00 -6.50 -8.00 -8.50 -7.00 -8.50 -9.00 -6.50 -5.00 -7.50 -5.00 -4.50 -6.00 -6.50 ];
reversals = [0 1 0 -1 1 0 -1 0 0 1 -1 0 1 0 -1 1 0 -1 0 0 ];
measures = [0 0 0 0 1 1 1 1 1 1 1 1 1 1 1 1 1 1 1 1 ];
presentations = [1 2 3 4 5 6 7 8 9 10 11 12 13 14 15 16 17 18 19 20 ];
answers = [5 1 2 5 1 2 3 4 3 1 4 3 0 1 5 0 2 4 3 3 ];
adjustments = [-10 6 1 -5 1.5 0.5 -0.5 -1.5 -0.5 1.5 -1.5 -0.5 2.5 1.5 -2.5 2.5 0.5 -1.5 -0.5 -0.5 ];
sentences = {'66127' '34994' '86800' '35209' '70762' '03676' '70565' '52988' '09216' '51437' '47173' '18348' '48832' '14040' '92629' '23081' '91451' '65555' '87713' '29394' };
offsets = [28422 3822569 3312182 4543368 2523885 4405387 672405 3462475 2261392 4076591 1640177 2242831 3732683 652238 4204513 2023449 617025 771898 3981616 1446833 ];

