target=0.50;discardreversals=2;startvalue=0.00;steps=[4  2  1];selfservice=0;
threshold = [-5.50 ];
values = [0.00 -10.00 0.00 -5.00 -6.50 -5.00 -3.50 -3.00 -3.50 -6.00 -5.50 -6.00 -5.50 -4.00 -3.50 -3.00 -5.50 -3.00 -3.50 -5.00 ];
reversals = [0 1 -1 0 1 0 0 -1 0 1 -1 1 0 0 0 -1 1 -1 0 0 ];
measures = [0 0 0 0 1 1 1 1 1 1 1 1 1 1 1 1 1 1 1 1 ];
presentations = [1 2 3 4 5 6 7 8 9 10 11 12 13 14 15 16 17 18 19 20 ];
answers = [5 0 5 4 1 1 2 3 5 2 3 2 1 2 2 5 0 3 4 3 ];
adjustments = [-10 10 -5 -1.5 1.5 1.5 0.5 -0.5 -2.5 0.5 -0.5 0.5 1.5 0.5 0.5 -2.5 2.5 -0.5 -1.5 -0.5 ];
sentences = {'80338' '44697' '05413' '26626' '43285' '18502' '12339' '50976' '85813' '51779' '06251' '67850' '98162' '72141' '77705' '33528' '94067' '39994' '69444' '21080' };
offsets = [6018 32861 1823 6120 22602 18189 6743 25623 6476 14977 8038 18157 6311 774 2694 11046 26978 11215 9894 19874 ];

