target=0.50;discardreversals=2;startvalue=0.00;steps=[4  2  1];selfservice=0;
threshold = [-15.75 ];
values = [5.00 -5.00 -15.00 -13.00 -14.00 -15.50 -14.00 -16.50 -18.00 -16.50 -15.00 -14.50 -14.00 -16.50 -18.00 -18.50 -19.00 -17.50 -16.00 -16.50 ];
reversals = [0 0 1 -1 0 1 -1 0 1 0 0 0 -1 0 0 0 1 0 -1 0 ];
measures = [0 0 0 0 0 1 1 1 1 1 1 1 1 1 1 1 1 1 1 1 ];
presentations = [1 2 3 4 5 6 7 8 9 10 11 12 13 14 15 16 17 18 19 20 ];
answers = [5 5 2 3 4 1 5 4 1 1 2 2 5 4 3 3 1 1 3 4 ];
adjustments = [-10 -10 2 -1 -1.5 1.5 -2.5 -1.5 1.5 1.5 0.5 0.5 -2.5 -1.5 -0.5 -0.5 1.5 1.5 -0.5 -1.5 ];
sentences = {'44697' '93692' '36514' '98162' '87470' '11755' '08168' '85813' '69444' '69009' '50976' '06251' '54841' '21080' '70287' '22336' '33528' '77705' '12339' '45923' };
offsets = [23664 4339 84928 78344 37967 10750 62070 14770 78520 22848 2726 7675 54237 23123 48839 31135 2860 15364 33809 79140 ];

