target=0.50;discardreversals=2;startvalue=0.00;steps=[4  2  1];selfservice=0;
threshold = [-5.00 ];
values = [0.00 -10.00 0.00 -5.00 -3.50 -5.00 -5.50 -6.00 -6.50 -4.00 -3.50 -6.00 -3.50 -5.00 -4.50 -3.00 -3.50 -4.00 -5.50 -4.00 ];
reversals = [0 1 -1 1 -1 0 0 0 1 0 -1 1 -1 1 0 -1 0 0 1 0 ];
measures = [0 0 0 1 1 1 1 1 1 1 1 1 1 1 1 1 1 1 1 1 ];
presentations = [1 2 3 4 5 6 7 8 9 10 11 12 13 14 15 16 17 18 19 20 ];
answers = [5 0 5 1 4 3 3 3 0 2 5 0 4 2 1 3 3 4 1 2 ];
adjustments = [-10 10 -5 1.5 -1.5 -0.5 -0.5 -0.5 2.5 0.5 -2.5 2.5 -1.5 0.5 1.5 -0.5 -0.5 -1.5 1.5 0.5 ];
sentences = {'82009' '15149' '10681' '59026' '95162' '78835' '07970' '90790' '31601' '24318' '82487' '03262' '51417' '48835' '63558' '34226' '46393' '29744' '66553' '77974' };
offsets = [17771 4204 6759 16896 7028 13987 4371 3008 32160 8971 9824 26778 17524 12576 21309 38709 15212 8354 10200 27315 ];

