target=0.50;discardreversals=2;startvalue=0.00;steps=[4  2  1];selfservice=0;
threshold = [-3.50 ];
values = [0.00 -10.00 0.00 -5.00 -5.50 -4.00 -5.50 -3.00 -3.50 -3.00 -3.50 -1.00 -3.50 -4.00 -2.50 -3.00 -4.50 -4.00 -3.50 -3.00 ];
reversals = [0 1 -1 0 1 -1 1 -1 1 -1 1 -1 0 1 -1 0 1 0 0 -1 ];
measures = [0 0 0 0 1 1 1 1 1 1 1 1 1 1 1 1 1 1 1 1 ];
presentations = [1 2 3 4 5 6 7 8 9 10 11 12 13 14 15 16 17 18 19 20 ];
answers = [5 0 5 3 1 4 0 3 2 3 0 5 3 1 3 4 2 2 2 5 ];
adjustments = [-10 10 -5 -0.5 1.5 -1.5 2.5 -0.5 0.5 -0.5 2.5 -2.5 -0.5 1.5 -0.5 -1.5 0.5 0.5 0.5 -2.5 ];
sentences = {'37886' '39994' '05413' '02737' '26626' '15952' '68271' '72141' '43285' '51195' '76600' '80338' '67850' '51779' '89364' '44529' '18502' '94067' '23448' '90013' };
offsets = [26925 25860 26954 15937 31731 6286 36361 11446 3346 14561 12544 10481 6654 16261 21323 39183 21655 9252 8130 14172 ];

