target=0.50;discardreversals=2;startvalue=0.00;steps=[4  2  1];selfservice=0;
threshold = [-4.00 ];
values = [0.00 -2.00 0.00 -3.00 -5.50 -3.00 -2.50 -3.00 -3.50 -3.00 -3.50 -4.00 -3.50 -5.00 -4.50 -6.00 -5.50 -3.00 -5.50 -4.00 ];
reversals = [0 1 -1 0 1 0 -1 0 1 -1 0 1 -1 1 -1 1 0 -1 1 0 ];
measures = [0 0 0 0 1 1 1 1 1 1 1 1 1 1 1 1 1 1 1 1 ];
presentations = [1 2 3 4 5 6 7 8 9 10 11 12 13 14 15 16 17 18 19 20 ];
answers = [3 2 4 5 0 2 3 3 2 3 3 2 4 2 4 2 0 5 1 0 ];
adjustments = [-2 2 -3 -2.5 2.5 0.5 -0.5 -0.5 0.5 -0.5 -0.5 0.5 -1.5 0.5 -1.5 0.5 2.5 -2.5 1.5 2.5 ];
sentences = {'51437' '09216' '86800' '70287' '65555' '22336' '47173' '87470' '34994' '93692' '08168' '69009' '23081' '70762' '92629' '36514' '11755' '54841' '45923' '18348' };
offsets = [27724 36574 35910 1178 14341 17598 9504 16715 24680 4975 6370 19693 25242 183 1479 17551 1472 14253 10875 20753 ];

