target=0.50;discardreversals=2;startvalue=0.00;steps=[4  2  1];selfservice=0;
threshold = [-4.50 ];
values = [0.00 -10.00 0.00 -5.00 -4.50 -5.00 -4.50 -2.00 -3.50 -4.00 -4.50 -2.00 -4.50 -3.00 -4.50 -6.00 -4.50 -4.00 -3.50 -4.00 ];
reversals = [0 1 -1 1 -1 1 0 -1 0 0 1 -1 1 -1 0 1 0 0 -1 0 ];
measures = [0 0 0 1 1 1 1 1 1 1 1 1 1 1 1 1 1 1 1 1 ];
presentations = [1 2 3 4 5 6 7 8 9 10 11 12 13 14 15 16 17 18 19 20 ];
answers = [5 0 5 2 3 2 0 4 3 3 0 5 1 4 4 1 2 2 3 3 ];
adjustments = [-10 10 -5 0.5 -0.5 0.5 2.5 -1.5 -0.5 -0.5 2.5 -2.5 1.5 -1.5 -1.5 1.5 0.5 0.5 -0.5 -0.5 ];
sentences = {'94067' '82487' '05413' '48835' '67850' '24318' '59026' '43285' '77974' '15149' '51779' '90790' '39994' '03262' '31601' '66553' '26626' '72141' '18502' '80338' };
offsets = [6193 14717 24336 3602 3665 6335 30007 307 21530 244 5967 5507 14096 16692 5148 37295 36181 15381 8176 10395 ];

