target=0.50;discardreversals=2;startvalue=0.00;steps=[4  2  1];selfservice=0;
threshold = [-4.75 ];
values = [0.00 -2.00 0.00 -3.00 -4.50 -4.00 -2.50 -3.00 -2.50 -4.00 -4.50 -6.00 -7.50 -5.00 -7.50 -8.00 -8.50 -6.00 -5.50 -5.00 ];
reversals = [0 1 -1 0 1 0 -1 1 -1 0 0 0 1 -1 0 0 1 0 0 -1 ];
measures = [0 0 0 0 1 1 1 1 1 1 1 1 1 1 1 1 1 1 1 1 ];
presentations = [1 2 3 4 5 6 7 8 9 10 11 12 13 14 15 16 17 18 19 20 ];
answers = [3 2 4 4 2 1 3 2 4 3 4 4 0 5 3 3 0 2 2 3 ];
adjustments = [-2 2 -3 -1.5 0.5 1.5 -0.5 0.5 -1.5 -0.5 -1.5 -1.5 2.5 -2.5 -0.5 -0.5 2.5 0.5 0.5 -0.5 ];
sentences = {'34994' '86800' '51437' '18348' '09216' '26626' '51779' '72141' '67850' '80338' '05413' '23081' '18502' '92629' '70762' '47173' '39994' '65555' '43285' '94067' };
offsets = [4117180 3775950 392098 4316664 3665761 3006284 4352144 3004251 831037 720786 2670932 2759535 4154933 3504021 4411090 2755730 4087194 1942234 3819256 1750048 ];

