target=0.50;discardreversals=2;startvalue=0.00;steps=[4  2  1];selfservice=0;
%parameters=icra1,69
threshold = [0.50 ];
values = [0.00 10.00 0.00 5.00 4.50 3.00 0.50 3.00 2.50 1.00 -0.50 2.00 1.50 0.00 0.50 0.00 0.50 1.00 1.50 -1.00 ];
reversals = [0 -1 1 -1 0 0 1 -1 0 0 1 -1 0 1 -1 1 0 0 -1 0 ];
measures = [0 0 0 1 1 1 1 1 1 1 1 1 1 1 1 1 1 1 1 1 ];
presentations = [1 2 3 4 5 6 7 8 9 10 11 12 13 14 15 16 17 18 19 20 ];
answers = [0 5 0 3 4 5 0 3 4 4 0 3 4 2 3 2 2 2 5 3 ];
adjustments = [10 -10 5 -0.5 -1.5 -2.5 2.5 -0.5 -1.5 -1.5 2.5 -0.5 -1.5 0.5 -0.5 0.5 0.5 0.5 -2.5 -0.5 ];
sentences = {'30757' '39994' '03491' '94067' '18502' '05413' '16140' '51779' '72141' '68819' '80338' '55025' '74972' '99308' '87263' '43285' '22586' '67850' '26626' '41634' };
offsets = [6617 9044 1927 29719 22452 12615 31734 9433 6406 6608 12949 19911 10035 19099 4441 1448 27081 17020 10196 24688 ];

