target=0.50;discardreversals=2;startvalue=0.00;steps=[4  2  1];selfservice=0;
%parameters=icra1,79
threshold = [-1.00 ];
values = [0.00 2.00 0.00 -3.00 2.00 1.50 -1.00 1.50 0.00 -0.50 -1.00 -2.50 -3.00 -1.50 -1.00 -1.50 -1.00 -2.50 -2.00 -1.50 ];
reversals = [0 -1 0 1 -1 0 1 -1 0 0 0 0 1 0 -1 1 -1 1 0 0 ];
measures = [0 0 0 0 1 1 1 1 1 1 1 1 1 1 1 1 1 1 1 1 ];
presentations = [1 2 3 4 5 6 7 8 9 10 11 12 13 14 15 16 17 18 19 20 ];
answers = [2 3 4 0 3 5 0 4 3 3 4 3 1 2 3 2 4 2 2 1 ];
adjustments = [2 -2 -3 5 -0.5 -2.5 2.5 -1.5 -0.5 -0.5 -1.5 -0.5 1.5 0.5 -0.5 0.5 -1.5 0.5 0.5 1.5 ];
sentences = {'76600' '15952' '33528' '23448' '02737' '68271' '12339' '44697' '06251' '50976' '69444' '44529' '37886' '89364' '77705' '21080' '85813' '98162' '90013' '51195' };
offsets = [7259 1506 10942 15758 17641 36306 9935 25796 161 18579 23536 7719 1963 11954 12233 9553 5485 12646 9919 7292 ];

