target=0.50;discardreversals=2;startvalue=0.00;steps=[4  2  1];selfservice=0;
%parameters=icra1,65
threshold = [0.50 ];
values = [0.00 2.00 -4.00 1.00 -1.50 -2.00 0.50 0.00 2.50 4.00 3.50 5.00 3.50 3.00 0.50 2.00 0.50 -2.00 -2.50 0.00 ];
reversals = [0 -1 1 -1 0 1 -1 1 0 -1 1 -1 0 0 1 -1 0 0 1 -1 ];
measures = [0 0 0 1 1 1 1 1 1 1 1 1 1 1 1 1 1 1 1 1 ];
presentations = [1 2 3 4 5 6 7 8 9 10 11 12 13 14 15 16 17 18 19 20 ];
answers = [2 4 0 5 3 0 3 0 1 3 1 4 3 5 1 4 5 3 0 5 ];
adjustments = [2 -6 5 -2.5 -0.5 2.5 -0.5 2.5 1.5 -0.5 1.5 -1.5 -0.5 -2.5 1.5 -1.5 -2.5 -0.5 2.5 -2.5 ];
sentences = {'48832' '15149' '87713' '66553' '03262' '31601' '70565' '03676' '24318' '90790' '14040' '52988' '59026' '66127' '91451' '48835' '82487' '29394' '35209' '77974' };
offsets = [16947 9906 471 9637 9103 33827 120 24640 24335 7725 9975 10213 27418 15104 19639 36237 16469 14278 3657 15897 ];

