target=0.50;discardreversals=2;startvalue=0.00;steps=[4  2  1];selfservice=0;
%parameters=icra5.250,65,re
threshold = [-1.50 ];
values = [0.00 -2.00 8.00 3.00 2.50 1.00 -0.50 -2.00 -1.50 -2.00 -2.50 0.00 -0.50 0.00 -2.50 -1.00 -3.50 -1.00 -2.50 -1.00 ];
reversals = [0 1 -1 0 0 0 0 1 -1 0 1 -1 1 -1 1 -1 1 -1 1 0 ];
measures = [0 0 0 0 0 0 0 1 1 1 1 1 1 1 1 1 1 1 1 1 ];
presentations = [1 2 3 4 5 6 7 8 9 10 11 12 13 14 15 16 17 18 19 20 ];
answers = [3 0 5 3 4 4 4 2 3 3 0 3 2 5 1 5 0 4 1 1 ];
adjustments = [-2 10 -5 -0.5 -1.5 -1.5 -1.5 0.5 -0.5 -0.5 2.5 -0.5 0.5 -2.5 1.5 -2.5 2.5 -1.5 1.5 1.5 ];
sentences = {'55025' '41634' '87263' '51437' '23081' '16140' '18348' '74972' '99308' '70762' '47173' '68819' '34994' '86800' '22586' '92629' '03491' '65555' '30757' '09216' };
offsets = [4026089 3872243 2735902 2988244 2698670 1022276 837096 2027995 3829307 1446662 1818262 3798248 2814256 1440009 915064 2199477 1282065 2645057 160127 555671 ];

