target=0.50;discardreversals=2;startvalue=0.00;steps=[4  2  1];selfservice=0;
%parameters=quiet,65
threshold = [-5.50 ];
values = [0.00 -2.00 0.00 1.00 -2.00 -3.50 -3.00 -5.50 -8.00 -7.50 -5.00 -4.50 -6.00 -7.50 -7.00 -6.50 -4.00 -5.50 -8.00 -6.50 ];
reversals = [0 1 0 -1 0 1 -1 0 1 0 0 -1 0 1 0 0 -1 0 1 -1 ];
measures = [0 0 0 0 0 1 1 1 1 1 1 1 1 1 1 1 1 1 1 1 ];
presentations = [1 2 3 4 5 6 7 8 9 10 11 12 13 14 15 16 17 18 19 20 ];
answers = [3 2 2 4 4 2 5 5 2 0 2 4 4 2 2 0 4 5 1 3 ];
adjustments = [-2 2 1 -3 -1.5 0.5 -2.5 -2.5 0.5 2.5 0.5 -1.5 -1.5 0.5 0.5 2.5 -1.5 -2.5 1.5 -0.5 ];
sentences = {'51779' '54841' '94067' '72141' '70287' '43285' '87470' '26626' '36514' '39994' '93692' '45923' '05413' '69009' '67850' '11755' '08168' '18502' '80338' '22336' };
offsets = [46514 67386 7933 57126 62415 67571 27918 73775 43178 69553 64837 41211 51901 58886 60807 14932 17904 59986 80363 9347 ];

