target=0.50;discardreversals=2;startvalue=0.00;steps=[4  2  1];selfservice=0;
%parameters=babble,65
threshold = [4.00 ];
values = [0.00 10.00 4.00 1.00 6.00 6.50 4.00 4.50 3.00 5.50 5.00 3.50 4.00 1.50 1.00 3.50 4.00 2.50 3.00 0.50 ];
reversals = [0 -1 0 1 0 -1 1 -1 1 -1 0 1 -1 0 1 0 -1 1 -1 0 ];
measures = [0 0 0 0 0 1 1 1 1 1 1 1 1 1 1 1 1 1 1 1 ];
presentations = [1 2 3 4 5 6 7 8 9 10 11 12 13 14 15 16 17 18 19 20 ];
answers = [0 4 4 0 2 5 2 4 0 3 4 2 5 3 0 2 4 2 5 3 ];
adjustments = [10 -6 -3 5 0.5 -2.5 0.5 -1.5 2.5 -0.5 -1.5 0.5 -2.5 -0.5 2.5 0.5 -1.5 0.5 -2.5 -0.5 ];
sentences = {'99308' '87263' '68819' '16140' '03262' '59026' '41634' '48835' '31601' '82487' '22586' '03491' '66553' '74972' '90790' '24318' '15149' '30757' '77974' '55025' };
offsets = [33231 30304 19504 25553 7619 3437 25511 30358 13607 35799 11077 10575 12656 27392 12377 31733 16257 11436 7751 24538 ];

