target=0.50;discardreversals=2;startvalue=0.00;steps=[4  2  1];selfservice=0;
%parameters=icra1,65,train
threshold = [1.50 ];
values = [0.00 -6.00 4.00 1.00 3.50 2.00 0.50 2.00 1.50 0.00 -0.50 2.00 -0.50 2.00 1.50 0.00 2.50 3.00 0.50 3.00 ];
reversals = [0 1 -1 1 -1 0 1 -1 0 0 1 -1 1 -1 0 1 0 -1 1 -1 ];
measures = [0 0 0 1 1 1 1 1 1 1 1 1 1 1 1 1 1 1 1 1 ];
presentations = [1 2 3 4 5 6 7 8 9 10 11 12 13 14 15 16 17 18 19 20 ];
answers = [4 0 4 0 4 4 1 3 4 3 0 5 0 3 4 0 2 5 0 3 ];
adjustments = [-6 10 -3 2.5 -1.5 -1.5 1.5 -0.5 -1.5 -0.5 2.5 -2.5 2.5 -0.5 -1.5 2.5 0.5 -2.5 2.5 -0.5 ];
sentences = {'21080' '50976' '69444' '33528' '98162' '85813' '51417' '82009' '29744' '78835' '63558' '07970' '06251' '77705' '46393' '34226' '44697' '95162' '12339' '10681' };
offsets = [27450 7622 1906 25395 10770 17035 20392 1174 7119 35228 13228 23710 27153 5619 43317 7429 9906 3883 5924 820 ];

