target=0.50;discardreversals=2;startvalue=0.00;steps=[4  2  1];selfservice=0;
%parameters=icra5.250,65
threshold = [1.25 ];
values = [0.00 6.00 16.00 14.00 9.00 10.00 7.50 6.00 3.50 3.00 1.50 1.00 1.50 0.00 2.50 3.00 2.50 2.00 0.50 0.00 ];
reversals = [0 0 -1 0 1 -1 0 0 0 0 0 1 -1 1 0 -1 0 0 0 1 ];
measures = [0 0 0 0 0 1 1 1 1 1 1 1 1 1 1 1 1 1 1 1 ];
presentations = [1 2 3 4 5 6 7 8 9 10 11 12 13 14 15 16 17 18 19 20 ];
answers = [1 0 3 5 2 5 4 5 3 4 3 2 4 0 2 3 3 4 3 2 ];
adjustments = [6 10 -2 -5 1 -2.5 -1.5 -2.5 -0.5 -1.5 -0.5 0.5 -1.5 2.5 0.5 -0.5 -0.5 -1.5 -0.5 0.5 ];
sentences = {'68271' '99308' '02737' '89364' '30757' '68819' '16140' '55025' '74972' '44529' '90013' '41634' '22586' '03491' '23448' '76600' '51195' '15952' '87263' '37886' };
offsets = [4360053 2103678 2293897 1264931 2745098 4618325 730838 2607157 710163 3569208 4233154 4086995 1753759 2232506 2379827 3754191 4709008 3062943 3933096 4121625 ];

