target=0.50;discardreversals=2;startvalue=0.00;steps=[4  2  1];selfservice=0;
%parameters=icra1,65,re
threshold = [2.00 ];
values = [0.00 10.00 0.00 5.00 2.50 1.00 2.50 2.00 2.50 3.00 2.50 4.00 5.50 4.00 1.50 0.00 1.50 1.00 0.50 1.00 ];
reversals = [0 -1 1 -1 0 1 -1 1 0 -1 1 0 -1 0 0 1 -1 0 1 -1 ];
measures = [0 0 0 1 1 1 1 1 1 1 1 1 1 1 1 1 1 1 1 1 ];
presentations = [1 2 3 4 5 6 7 8 9 10 11 12 13 14 15 16 17 18 19 20 ];
answers = [0 5 0 5 4 1 3 2 2 3 1 1 4 5 4 1 3 3 2 3 ];
adjustments = [10 -10 5 -2.5 -1.5 1.5 -0.5 0.5 0.5 -0.5 1.5 1.5 -1.5 -2.5 -1.5 1.5 -0.5 -0.5 0.5 -0.5 ];
sentences = {'77974' '08168' '54841' '87470' '69009' '45923' '15149' '93692' '48835' '70287' '24318' '31601' '90790' '36514' '82487' '22336' '03262' '59026' '11755' '66553' };
offsets = [29514 10984 5069 7998 2526 2331 7684 19846 24562 8787 7315 39661 3950 33750 27214 18224 5563 16756 3324 661 ];

