target=0.75;minreversals=12;discardreversals=4;minmeasures=14;startvalue=80.00;steps=[8  4  4  2  1];feedback=0;
%parameters=0500, 50
threshold = [78.00 ];
values = [88.00 80.00 72.00 96.00 92.00 88.00 84.00 80.00 80.00 76.00 72.00 72.00 72.00 72.00 84.00 84.00 84.00 84.00 90.00 90.00 88.00 87.00 87.00 87.00 87.00 87.00 87.00 86.00 86.00 86.00 85.00 85.00 85.00 84.00 84.00 83.00 83.00 83.00 83.00 82.00 81.00 81.00 81.00 81.00 80.00 79.00 78.00 78.00 77.00 76.00 75.00 75.00 75.00 78.00 78.00 77.00 77.00 76.00 76.00 76.00 79.00 79.00 79.00 79.00 79.00 79.00 82.00 82.00 82.00 82.00 81.00 80.00 79.00 78.00 78.00 77.00 77.00 80.00 80.00 80.00 80.00 80.00 79.00 78.00 78.00 78.00 78.00 81.00 81.00 ];
reversals = [0 0 1 -1 0 0 0 0 0 0 0 0 0 1 0 0 0 0 0 -1 0 0 0 0 0 0 0 0 0 0 0 0 0 0 0 0 0 0 0 0 0 0 0 0 0 0 0 0 0 0 0 0 1 0 -1 0 0 0 0 1 0 0 0 0 0 0 0 0 0 -1 0 0 0 0 0 0 1 0 0 0 0 -1 0 0 0 0 1 0 -1 ];
measures = [0 0 0 0 0 0 0 0 0 0 0 0 0 0 0 0 0 0 0 0 0 0 0 0 0 0 0 0 0 0 0 0 0 0 0 0 0 0 0 0 0 0 0 0 0 0 0 0 0 0 0 0 1 1 1 1 1 1 1 1 1 1 1 1 1 1 1 1 1 1 1 1 1 1 1 1 1 1 1 1 1 1 1 1 1 1 1 1 1 ];
presentations = [1 1 1 1 1 1 1 0 1 1 0 0 0 1 0 0 0 1 0 1 1 0 0 0 0 0 1 0 0 1 0 0 1 0 1 0 0 0 1 1 0 0 0 1 1 1 0 1 1 1 0 0 1 0 1 0 1 0 0 1 0 0 0 0 0 1 0 0 0 1 1 1 1 0 1 0 1 0 0 0 0 1 1 0 0 0 1 0 1 ];
answers = [1 1 0 1 1 1 1 0 1 1 0 0 0 0 0 0 0 0 0 1 1 0 0 0 0 0 1 0 0 1 0 0 1 0 1 0 0 0 1 1 0 0 0 1 1 1 0 1 1 1 0 0 0 0 1 0 1 0 0 0 0 0 0 0 0 0 0 0 0 1 1 1 1 0 1 0 0 0 0 0 0 1 1 0 0 0 0 0 1 ];
adjustments = [-8 -8 24 -4 -4 -4 -4 0 -4 -4 0 0 0 12 0 0 0 6 0 -2 -1 0 0 0 0 0 -1 0 0 -1 0 0 -1 0 -1 0 0 0 -1 -1 0 0 0 -1 -1 -1 0 -1 -1 -1 0 0 3 0 -1 0 -1 0 0 3 0 0 0 0 0 3 0 0 0 -1 -1 -1 -1 0 -1 0 3 0 0 0 0 -1 -1 0 0 0 3 0 -1 ];

