target=0.50;discardreversals=2;startvalue=0.00;steps=[4  2  1];selfservice=0;
%parameters=icra5.250,65,train
threshold = [3.00 ];
values = [0.00 10.00 0.00 5.00 3.50 6.00 6.50 9.00 6.50 5.00 2.50 2.00 -0.50 2.00 3.50 2.00 2.50 1.00 2.50 3.00 ];
reversals = [0 -1 1 -1 1 0 0 -1 0 0 0 0 1 0 -1 1 -1 1 0 -1 ];
measures = [0 0 0 1 1 1 1 1 1 1 1 1 1 1 1 1 1 1 1 1 ];
presentations = [1 2 3 4 5 6 7 8 9 10 11 12 13 14 15 16 17 18 19 20 ];
answers = [0 5 0 4 0 2 0 5 4 5 3 5 0 1 4 2 4 1 2 3 ];
adjustments = [10 -10 5 -1.5 2.5 0.5 2.5 -2.5 -1.5 -2.5 -0.5 -2.5 2.5 1.5 -1.5 0.5 -1.5 1.5 0.5 -0.5 ];
sentences = {'95162' '66553' '29744' '78835' '15149' '34226' '03262' '07970' '46393' '77974' '63558' '59026' '82487' '51417' '82009' '31601' '48835' '24318' '10681' '90790' };
offsets = [4442399 169690 1276180 1483563 1892597 2230958 2742401 3393999 1265736 4797533 573078 1300303 1832309 2841295 3965679 1094762 3457992 932618 3891528 2807284 ];

