target=0.50;discardreversals=2;startvalue=0.00;steps=[4  2  1];selfservice=0;
threshold = [-11.00 ];
values = [0.00 -10.00 -12.00 -6.00 -11.00 -8.50 -8.00 -8.50 -6.00 -8.50 -9.00 -10.50 -11.00 -11.50 -14.00 -11.50 -11.00 -13.50 -11.00 -13.50 ];
reversals = [0 0 1 -1 1 0 -1 1 -1 0 0 0 0 0 1 0 -1 1 -1 1 ];
measures = [0 0 0 0 1 1 1 1 1 1 1 1 1 1 1 1 1 1 1 1 ];
presentations = [1 2 3 4 5 6 7 8 9 10 11 12 13 14 15 16 17 18 19 20 ];
answers = [5 3 1 5 0 2 3 0 5 3 4 3 3 5 0 2 5 0 5 1 ];
adjustments = [-10 -2 6 -5 2.5 0.5 -0.5 2.5 -2.5 -0.5 -1.5 -0.5 -0.5 -2.5 2.5 0.5 -2.5 2.5 -2.5 1.5 ];
sentences = {'24318' '50976' '15149' '59026' '31601' '06251' '21080' '82487' '90790' '44697' '98162' '77705' '69444' '33528' '12339' '03262' '77974' '48835' '85813' '66553' };
offsets = [2060123 3962042 565949 4510212 357563 3237363 2811046 291129 1896252 804747 1826059 4689027 2463034 2472575 878430 4098748 1218252 2731177 2471856 1916304 ];

