target=0.50;discardreversals=2;startvalue=0.00;steps=[4  2  1];selfservice=0;
threshold = [-5.00 ];
values = [0.00 -10.00 0.00 -5.00 -7.50 -5.00 -5.50 -6.00 -3.50 -3.00 -4.50 -2.00 -3.50 -6.00 -5.50 -4.00 -6.50 -6.00 -3.50 -5.00 ];
reversals = [0 1 -1 0 1 -1 0 1 0 -1 1 -1 0 1 0 -1 1 0 -1 1 ];
measures = [0 0 0 0 1 1 1 1 1 1 1 1 1 1 1 1 1 1 1 1 ];
presentations = [1 2 3 4 5 6 7 8 9 10 11 12 13 14 15 16 17 18 19 20 ];
answers = [5 0 5 5 0 3 3 0 2 4 0 4 5 2 1 5 2 0 4 2 ];
adjustments = [-10 10 -5 -2.5 2.5 -0.5 -0.5 2.5 0.5 -1.5 2.5 -1.5 -2.5 0.5 1.5 -2.5 0.5 2.5 -1.5 0.5 ];
sentences = {'65555' '51437' '18348' '10681' '23081' '95162' '34226' '86800' '51417' '29744' '78835' '09216' '47173' '82009' '92629' '63558' '07970' '46393' '34994' '70762' };
offsets = [11579 18730 17854 11751 27761 1191 22936 1750 6810 4863 11137 7309 29672 9996 11428 23626 14134 35434 27594 196 ];

