target=0.50;discardreversals=2;startvalue=0.00;steps=[4  2  1];selfservice=0;
threshold = [-9.50 ];
values = [0.00 -10.00 -16.00 -6.00 -11.00 -10.50 -8.00 -8.50 -9.00 -10.50 -12.00 -11.50 -11.00 -10.50 -8.00 -9.50 -8.00 -9.50 -12.00 -9.50 ];
reversals = [0 0 1 -1 1 0 -1 0 0 0 1 0 0 0 -1 1 -1 0 1 -1 ];
measures = [0 0 0 0 1 1 1 1 1 1 1 1 1 1 1 1 1 1 1 1 ];
presentations = [1 2 3 4 5 6 7 8 9 10 11 12 13 14 15 16 17 18 19 20 ];
answers = [5 4 0 5 2 0 3 3 4 4 2 2 2 0 4 1 4 5 0 3 ];
adjustments = [-10 -6 10 -5 0.5 2.5 -0.5 -0.5 -1.5 -1.5 0.5 0.5 0.5 2.5 -1.5 1.5 -1.5 -2.5 2.5 -0.5 ];
sentences = {'03262' '90790' '76802' '77974' '00456' '48835' '15149' '33980' '61793' '59026' '82487' '89135' '24621' '18314' '31601' '95569' '24318' '47048' '52277' '66553' };
offsets = [2593378 4221414 560922 376464 3162751 2122052 3034253 4692291 4785537 3483557 3819621 2800545 3764257 297968 2013408 4100318 4661010 1098845 1408304 1138803 ];

