target=0.50;discardreversals=2;startvalue=0.00;steps=[4  2  1];selfservice=0;
threshold = [-4.50 ];
values = [0.00 -10.00 0.00 -5.00 -3.50 -2.00 -3.50 -2.00 -4.50 -4.00 -6.50 -4.00 -1.50 -3.00 -3.50 -5.00 -7.50 -5.00 -7.50 -6.00 ];
reversals = [0 1 -1 1 0 -1 1 -1 1 -1 1 0 -1 0 0 0 1 -1 1 0 ];
measures = [0 0 0 1 1 1 1 1 1 1 1 1 1 1 1 1 1 1 1 1 ];
presentations = [1 2 3 4 5 6 7 8 9 10 11 12 13 14 15 16 17 18 19 20 ];
answers = [5 0 5 1 1 4 1 5 2 5 0 0 4 3 4 5 0 5 1 0 ];
adjustments = [-10 10 -5 1.5 1.5 -1.5 1.5 -2.5 0.5 -2.5 2.5 2.5 -1.5 -0.5 -1.5 -2.5 2.5 -2.5 1.5 2.5 ];
sentences = {'18502' '39994' '05413' '18314' '51779' '80338' '33980' '94067' '72141' '47048' '00456' '76802' '67850' '89135' '95569' '24621' '26626' '43285' '61793' '52277' };
offsets = [8212 26809 3462 13372 5734 14826 11525 16722 15955 3142 12618 20365 3718 25021 4745 15105 8672 20395 4678 13638 ];

