target=0.75;minreversals=14;discardreversals=4;minmeasures=25;startvalue=60.00;steps=[8  8  4  2];feedback=0;
threshold = [105.00 ];
values = [60.00 52.00 44.00 36.00 60.00 84.00 116.00 116.00 108.00 104.00 104.00 104.00 104.00 116.00 116.00 116.00 116.00 116.00 122.00 130.00 128.00 128.00 126.00 124.00 124.00 124.00 124.00 124.00 130.00 128.00 126.00 126.00 124.00 124.00 122.00 122.00 122.00 120.00 118.00 116.00 114.00 112.00 110.00 108.00 106.00 106.00 106.00 106.00 106.00 112.00 120.00 118.00 118.00 118.00 118.00 116.00 116.00 114.00 114.00 112.00 112.00 112.00 110.00 110.00 110.00 110.00 108.00 108.00 108.00 106.00 106.00 104.00 102.00 100.00 108.00 106.00 104.00 104.00 104.00 102.00 100.00 100.00 98.00 98.00 98.00 96.00 94.00 92.00 92.00 92.00 90.00 88.00 86.00 84.00 84.00 90.00 96.00 104.00 102.00 102.00 100.00 100.00 98.00 98.00 98.00 98.00 98.00 98.00 96.00 96.00 94.00 94.00 92.00 92.00 90.00 88.00 86.00 86.00 86.00 86.00 84.00 84.00 82.00 80.00 78.00 76.00 76.00 76.00 76.00 76.00 74.00 72.00 72.00 70.00 68.00 66.00 66.00 64.00 62.00 62.00 60.00 58.00 56.00 54.00 54.00 52.00 52.00 50.00 48.00 48.00 48.00 48.00 46.00 44.00 42.00 40.00 40.00 38.00 38.00 38.00 36.00 34.00 34.00 40.00 ];
reversals = [0 0 0 1 0 0 0 -1 0 0 0 0 1 0 0 0 0 0 0 -1 0 0 0 0 0 0 0 1 -1 0 0 0 0 0 0 0 0 0 0 0 0 0 0 0 0 0 0 0 1 0 -1 0 0 0 0 0 0 0 0 0 0 0 0 0 0 0 0 0 0 0 0 0 0 1 -1 0 0 0 0 0 0 0 0 0 0 0 0 0 0 0 0 0 0 0 1 0 0 -1 0 0 0 0 0 0 0 0 0 0 0 0 0 0 0 0 0 0 0 0 0 0 0 0 0 0 0 0 0 0 0 0 0 0 0 0 0 0 0 0 0 0 0 0 0 0 0 0 0 0 0 0 0 0 0 0 0 0 0 0 0 0 0 0 1 -1 ];
measures = [0 0 0 0 0 0 0 0 0 0 0 0 0 0 0 0 0 0 0 0 0 0 0 0 0 0 0 1 1 1 1 1 1 1 1 1 1 1 1 1 1 1 1 1 1 1 1 1 1 1 1 1 1 1 1 1 1 1 1 1 1 1 1 1 1 1 1 1 1 1 1 1 1 1 1 1 1 1 1 1 1 1 1 1 1 1 1 1 1 1 1 1 1 1 1 1 1 1 1 1 1 1 1 1 1 1 1 1 1 1 1 1 1 1 1 1 1 1 1 1 1 1 1 1 1 1 1 1 1 1 1 1 1 1 1 1 1 1 1 1 1 1 1 1 1 1 1 1 1 1 1 1 1 1 1 1 1 1 1 1 1 1 1 1 ];
presentations = [1 1 1 1 1 0 0 1 1 0 0 0 1 0 0 0 0 1 0 1 0 1 1 0 0 0 0 1 1 1 0 1 0 1 0 0 1 1 1 1 1 1 1 1 0 0 0 0 1 0 1 0 0 0 1 0 1 0 1 0 0 1 0 0 0 1 0 0 1 0 1 1 1 0 1 1 0 0 1 1 0 1 0 0 1 1 1 0 0 1 1 1 1 0 1 1 0 1 0 1 0 1 0 0 0 0 0 1 0 1 0 1 0 1 1 1 0 0 0 1 0 1 1 1 1 0 0 0 0 1 1 0 1 1 1 0 1 1 0 1 1 1 1 0 1 0 1 1 0 0 0 1 1 1 1 0 1 0 0 1 1 0 1 1 ];
answers = [1 1 1 0 0 1 0 1 1 0 0 0 0 0 0 0 0 0 1 1 0 1 1 0 0 0 0 0 1 1 0 1 0 1 0 0 1 1 1 1 1 1 1 1 0 0 0 0 0 1 1 0 0 0 1 0 1 0 1 0 0 1 0 0 0 1 0 0 1 0 1 1 1 1 1 1 0 0 1 1 0 1 0 0 1 1 1 0 0 1 1 1 1 0 0 0 1 1 0 1 0 1 0 0 0 0 0 1 0 1 0 1 0 1 1 1 0 0 0 1 0 1 1 1 1 0 0 0 0 1 1 0 1 1 1 0 1 1 0 1 1 1 1 0 1 0 1 1 0 0 0 1 1 1 1 0 1 0 0 1 1 0 0 1 ];
adjustments = [-8 -8 -8 24 24 32 0 -8 -4 0 0 0 12 0 0 0 0 6 8 -2 0 -2 -2 0 0 0 0 6 -2 -2 0 -2 0 -2 0 0 -2 -2 -2 -2 -2 -2 -2 -2 0 0 0 0 6 8 -2 0 0 0 -2 0 -2 0 -2 0 0 -2 0 0 0 -2 0 0 -2 0 -2 -2 -2 8 -2 -2 0 0 -2 -2 0 -2 0 0 -2 -2 -2 0 0 -2 -2 -2 -2 0 6 6 8 -2 0 -2 0 -2 0 0 0 0 0 -2 0 -2 0 -2 0 -2 -2 -2 0 0 0 -2 0 -2 -2 -2 -2 0 0 0 0 -2 -2 0 -2 -2 -2 0 -2 -2 0 -2 -2 -2 -2 0 -2 0 -2 -2 0 0 0 -2 -2 -2 -2 0 -2 0 0 -2 -2 0 6 -2 ];

