target=0.50;discardreversals=2;startvalue=0.00;steps=[4  2  1];selfservice=0;
threshold = [-1.50 ];
values = [0.00 -2.00 -4.00 6.00 1.00 -1.50 1.00 -1.50 -3.00 -0.50 -3.00 -3.50 -4.00 -1.50 -4.00 -1.50 -4.00 -1.50 -4.00 -1.50 ];
reversals = [0 0 1 -1 0 1 -1 0 1 -1 0 0 1 -1 1 -1 1 -1 1 -1 ];
measures = [0 0 0 0 0 1 1 1 1 1 1 1 1 1 1 1 1 1 1 1 ];
presentations = [1 2 3 4 5 6 7 8 9 10 11 12 13 14 15 16 17 18 19 20 ];
answers = [3 3 0 5 5 0 5 4 0 5 3 3 0 5 0 5 0 5 0 5 ];
adjustments = [-2 -2 10 -5 -2.5 2.5 -2.5 -1.5 2.5 -2.5 -0.5 -0.5 2.5 -2.5 2.5 -2.5 2.5 -2.5 2.5 -2.5 ];
sentences = {'51195' '90013' '44529' '52988' '14040' '87713' '23448' '70565' '91451' '68271' '48832' '37886' '76600' '35209' '89364' '02737' '29394' '03676' '15952' '66127' };
offsets = [11085 5422 251 7089 11419 3333 20765 20078 7665 9422 5942 19322 37267 9860 2583 16059 17230 29139 138 28684 ];

