target=0.50;discardreversals=2;startvalue=0.00;steps=[4  2  1];selfservice=0;
threshold = [-8.75 ];
values = [0.00 -10.00 -4.00 -9.00 -9.50 -11.00 -9.50 -11.00 -8.50 -8.00 -5.50 -8.00 -6.50 -6.00 -7.50 -9.00 -10.50 -9.00 -6.50 -6.00 ];
reversals = [0 1 -1 0 0 1 -1 1 0 0 -1 1 0 -1 0 0 1 0 0 -1 ];
measures = [0 0 0 0 0 1 1 1 1 1 1 1 1 1 1 1 1 1 1 1 ];
presentations = [1 2 3 4 5 6 7 8 9 10 11 12 13 14 15 16 17 18 19 20 ];
answers = [5 1 5 3 4 1 4 0 2 0 5 1 2 4 4 4 1 0 2 3 ];
adjustments = [-10 6 -5 -0.5 -1.5 1.5 -1.5 2.5 0.5 2.5 -2.5 1.5 0.5 -1.5 -1.5 -1.5 1.5 2.5 0.5 -0.5 ];
sentences = {'74972' '87263' '16140' '03491' '29744' '07970' '22586' '51417' '30757' '34226' '78835' '68819' '63558' '99308' '46393' '95162' '10681' '82009' '41634' '55025' };
offsets = [4125144 152693 1032799 2185695 818194 1970577 3371593 750648 1327506 609510 3313903 4288451 4369310 4357798 2325981 1899489 2141416 3304603 1829811 1143074 ];

