target=0.50;discardreversals=2;startvalue=0.00;steps=[4  2  1];selfservice=0;
threshold = [-4.00 ];
values = [0.00 10.00 0.00 -3.00 -2.00 -2.50 -1.00 -1.50 -4.00 -2.50 -5.00 -6.50 -8.00 -5.50 -7.00 -4.50 -7.00 -4.50 -2.00 -4.50 ];
reversals = [0 -1 0 1 -1 1 -1 0 1 -1 0 0 1 -1 1 -1 1 0 -1 0 ];
measures = [0 0 0 0 1 1 1 1 1 1 1 1 1 1 1 1 1 1 1 1 ];
presentations = [1 2 3 4 5 6 7 8 9 10 11 12 13 14 15 16 17 18 19 20 ];
answers = [0 5 4 2 3 1 3 5 1 5 4 4 0 4 0 5 0 0 5 4 ];
adjustments = [10 -10 -3 1 -0.5 1.5 -0.5 -2.5 1.5 -2.5 -1.5 -1.5 2.5 -1.5 2.5 -2.5 2.5 2.5 -2.5 -1.5 ];
sentences = {'86800' '31601' '47173' '34994' '09216' '90790' '77974' '23081' '24318' '48835' '92629' '18348' '51437' '65555' '82487' '59026' '70762' '03262' '15149' '66553' };
offsets = [1637498 762463 1374690 1008455 4701866 1867379 4218046 1342405 3862851 2368451 1903854 3524253 2095257 2111085 1464266 2575142 3654271 2874551 3694269 1513042 ];

