target=0.75;minreversals=14;discardreversals=4;minmeasures=25;startvalue=70.00;steps=[4  4  2  1];feedback=0;
threshold = [116.50 ];
values = [70.00 66.00 62.00 58.00 74.00 90.00 106.00 122.00 138.00 138.00 138.00 150.00 146.00 144.00 144.00 144.00 142.00 140.00 138.00 136.00 136.00 134.00 134.00 132.00 132.00 130.00 130.00 128.00 126.00 126.00 126.00 126.00 124.00 124.00 124.00 124.00 122.00 120.00 120.00 120.00 126.00 125.00 124.00 123.00 123.00 126.00 126.00 126.00 125.00 124.00 123.00 122.00 122.00 121.00 121.00 120.00 119.00 119.00 119.00 119.00 119.00 119.00 119.00 122.00 122.00 121.00 121.00 120.00 119.00 119.00 119.00 118.00 117.00 116.00 116.00 115.00 115.00 115.00 118.00 118.00 117.00 117.00 117.00 116.00 115.00 115.00 114.00 113.00 112.00 111.00 111.00 110.00 110.00 110.00 109.00 108.00 107.00 106.00 110.00 109.00 109.00 112.00 112.00 ];
reversals = [0 0 0 1 0 0 0 0 0 0 0 -1 0 0 0 0 0 0 0 0 0 0 0 0 0 0 0 0 0 0 0 0 0 0 0 0 0 0 0 1 -1 0 0 0 1 0 0 -1 0 0 0 0 0 0 0 0 0 0 0 0 0 0 1 0 -1 0 0 0 0 0 0 0 0 0 0 0 0 1 0 -1 0 0 0 0 0 0 0 0 0 0 0 0 0 0 0 0 0 1 -1 0 1 0 -1 ];
measures = [0 0 0 0 0 0 0 0 0 0 0 0 0 0 0 0 0 0 0 0 0 0 0 0 0 0 0 0 0 0 0 0 0 0 0 0 0 0 0 0 0 0 0 0 1 1 1 1 1 1 1 1 1 1 1 1 1 1 1 1 1 1 1 1 1 1 1 1 1 1 1 1 1 1 1 1 1 1 1 1 1 1 1 1 1 1 1 1 1 1 1 1 1 1 1 1 1 1 1 1 1 1 1 ];
presentations = [1 1 1 0 0 0 0 0 0 0 1 1 1 0 0 1 1 1 1 0 1 0 1 0 1 0 1 1 0 0 0 1 0 0 0 1 1 0 0 1 1 1 1 0 1 0 0 1 1 1 1 0 1 0 1 1 0 0 0 0 0 0 1 0 1 0 1 1 0 0 1 1 1 0 1 0 0 1 0 1 0 0 1 1 0 1 1 1 1 0 1 0 0 1 1 1 1 0 1 0 1 0 1 ];
answers = [1 1 1 1 1 1 1 1 0 0 0 1 1 0 0 1 1 1 1 0 1 0 1 0 1 0 1 1 0 0 0 1 0 0 0 1 1 0 0 0 1 1 1 0 0 0 0 1 1 1 1 0 1 0 1 1 0 0 0 0 0 0 0 0 1 0 1 1 0 0 1 1 1 0 1 0 0 0 0 1 0 0 1 1 0 1 1 1 1 0 1 0 0 1 1 1 1 1 1 0 0 0 1 ];
adjustments = [-4 -4 -4 16 16 16 16 16 0 0 12 -4 -2 0 0 -2 -2 -2 -2 0 -2 0 -2 0 -2 0 -2 -2 0 0 0 -2 0 0 0 -2 -2 0 0 6 -1 -1 -1 0 3 0 0 -1 -1 -1 -1 0 -1 0 -1 -1 0 0 0 0 0 0 3 0 -1 0 -1 -1 0 0 -1 -1 -1 0 -1 0 0 3 0 -1 0 0 -1 -1 0 -1 -1 -1 -1 0 -1 0 0 -1 -1 -1 -1 4 -1 0 3 0 -1 ];

