target=0.50;discardreversals=2;startvalue=0.00;steps=[4  2  1];selfservice=0;
threshold = [-4.00 ];
values = [0.00 -10.00 0.00 -3.00 -3.50 -1.00 -2.50 -4.00 -1.50 -3.00 -5.50 -4.00 -2.50 -4.00 -3.50 -6.00 -4.50 -4.00 -6.50 -4.00 ];
reversals = [0 1 -1 0 1 -1 0 1 -1 0 1 0 -1 1 -1 1 0 -1 1 0 ];
measures = [0 0 0 0 1 1 1 1 1 1 1 1 1 1 1 1 1 1 1 1 ];
presentations = [1 2 3 4 5 6 7 8 9 10 11 12 13 14 15 16 17 18 19 20 ];
answers = [5 0 4 3 0 4 4 0 4 5 1 1 4 2 5 1 2 5 0 2 ];
adjustments = [-10 10 -3 -0.5 2.5 -1.5 -1.5 2.5 -1.5 -2.5 1.5 1.5 -1.5 0.5 -2.5 1.5 0.5 -2.5 2.5 0.5 ];
sentences = {'02737' '24318' '76600' '51195' '31601' '44529' '66553' '23448' '59026' '90013' '48835' '15952' '15149' '37886' '82487' '68271' '03262' '90790' '77974' '89364' };
offsets = [2308 24663 6230 2963 19336 11347 5269 3648 21561 8828 33041 9364 1415 18457 9209 5062 23389 4867 6377 20876 ];

