target=0.50;discardreversals=2;startvalue=0.00;steps=[4  2  1];selfservice=0;
threshold = [-26.50 ];
values = [5.00 -5.00 -15.00 -25.00 -23.00 -20.00 -19.00 -20.00 -21.50 -24.00 -25.50 -25.00 -26.50 -28.00 -30.50 -29.00 -26.50 -29.00 -31.50 -33.00 ];
reversals = [0 0 0 1 0 0 -1 0 0 0 1 -1 0 0 1 0 -1 0 0 1 ];
measures = [0 0 0 0 0 0 0 0 0 0 1 1 1 1 1 1 1 1 1 1 ];
presentations = [1 2 3 4 5 6 7 8 9 10 11 12 13 14 15 16 17 18 19 20 ];
answers = [5 5 5 2 1 2 3 4 5 4 2 4 4 5 1 0 5 5 4 0 ];
adjustments = [-10 -10 -10 2 3 1 -1 -1.5 -2.5 -1.5 0.5 -1.5 -1.5 -2.5 1.5 2.5 -2.5 -2.5 -1.5 2.5 ];
sentences = {'35209' '61793' '52988' '52277' '91451' '14040' '76802' '29394' '87713' '00456' '48832' '70565' '33980' '89135' '66127' '03676' '47048' '95569' '24621' '18314' };
offsets = [14716 17136 69104 45487 59953 61176 81898 40478 15025 68866 12633 14017 3269 54769 13697 85898 80210 58055 33435 83628 ];

