target=0.50;discardreversals=2;startvalue=0.00;steps=[4  2  1];selfservice=0;
threshold = [-32.00 ];
values = [5.00 -5.00 -15.00 -25.00 -35.00 -37.00 -27.00 -26.00 -31.00 -31.50 -32.00 -31.50 -31.00 -30.50 -33.00 -32.50 -32.00 -32.50 -34.00 -31.50 ];
reversals = [0 0 0 0 0 1 0 -1 0 0 1 0 0 -1 1 0 -1 0 1 -1 ];
measures = [0 0 0 0 0 0 0 0 0 0 1 1 1 1 1 1 1 1 1 1 ];
presentations = [1 2 3 4 5 6 7 8 9 10 11 12 13 14 15 16 17 18 19 20 ];
answers = [5 5 5 5 3 0 2 5 3 3 2 2 2 5 2 2 3 4 0 4 ];
adjustments = [-10 -10 -10 -10 -2 10 1 -5 -0.5 -0.5 0.5 0.5 0.5 -2.5 0.5 0.5 -0.5 -1.5 2.5 -1.5 ];
sentences = {'24318' '90790' '23081' '65555' '66553' '51437' '34994' '77974' '03262' '92629' '18348' '09216' '86800' '15149' '47173' '82487' '59026' '48835' '31601' '70762' };
offsets = [49181 10460 80133 7860 53929 82745 27262 55171 77017 23470 32631 86273 22851 38421 20708 35581 72675 72349 47971 33409 ];

