target=0.50;discardreversals=2;startvalue=0.00;steps=[4  2  1];selfservice=0;
threshold = [-4.00 ];
values = [0.00 -6.00 4.00 -1.00 -3.50 -5.00 -2.50 -4.00 -6.50 -9.00 -6.50 -5.00 -3.50 -4.00 -1.50 -4.00 -2.50 -5.00 -4.50 -4.00 ];
reversals = [0 1 -1 0 0 1 -1 0 0 1 0 0 -1 1 -1 1 -1 1 0 0 ];
measures = [0 0 0 0 0 1 1 1 1 1 1 1 1 1 1 1 1 1 1 1 ];
presentations = [1 2 3 4 5 6 7 8 9 10 11 12 13 14 15 16 17 18 19 20 ];
answers = [4 0 5 5 4 0 4 5 5 0 1 1 3 0 5 1 5 2 2 2 ];
adjustments = [-6 10 -5 -2.5 -1.5 2.5 -1.5 -2.5 -2.5 2.5 1.5 1.5 -0.5 2.5 -2.5 1.5 -2.5 0.5 0.5 0.5 ];
sentences = {'00456' '61793' '45923' '69009' '89135' '47048' '93692' '70287' '36514' '95569' '24621' '08168' '76802' '11755' '18314' '33980' '52277' '54841' '87470' '22336' };
offsets = [27151 1622 16878 13979 13079 10216 7688 1309 31041 22851 25134 10202 26022 7317 3677 12842 10033 6221 3504 19623 ];

