target=0.50;discardreversals=2;startvalue=0.00;steps=[4  2  1];selfservice=0;
threshold = [-4.50 ];
values = [0.00 -10.00 0.00 -5.00 -3.50 -2.00 -4.50 -2.00 -4.50 -2.00 -4.50 -2.00 -4.50 -3.00 -4.50 -2.00 -4.50 -2.00 -2.50 -5.00 ];
reversals = [0 1 -1 1 0 -1 1 -1 1 -1 1 -1 1 -1 1 -1 1 -1 0 1 ];
measures = [0 0 0 1 1 1 1 1 1 1 1 1 1 1 1 1 1 1 1 1 ];
presentations = [1 2 3 4 5 6 7 8 9 10 11 12 13 14 15 16 17 18 19 20 ];
answers = [5 0 5 1 1 5 0 5 0 5 0 5 1 4 0 5 0 3 5 1 ];
adjustments = [-10 10 -5 1.5 1.5 -2.5 2.5 -2.5 2.5 -2.5 2.5 -2.5 1.5 -1.5 2.5 -2.5 2.5 -0.5 -2.5 1.5 ];
sentences = {'90013' '68271' '70762' '18348' '51437' '23448' '86800' '92629' '09216' '02737' '37886' '23081' '44529' '47173' '89364' '76600' '34994' '65555' '51195' '15952' };
offsets = [22434 13850 86 1839 16504 26018 10281 6702 5291 10665 33723 21486 41730 34331 7704 13493 6065 5522 11935 3187 ];

