target=0.50;discardreversals=2;startvalue=0.00;steps=[4  2  1];selfservice=0;
threshold = [0.00 ];
values = [0.00 10.00 0.00 -3.00 2.00 1.50 0.00 1.50 0.00 -1.50 -1.00 1.50 0.00 -2.50 -4.00 -1.50 -2.00 -4.50 -2.00 0.50 ];
reversals = [0 -1 0 1 -1 0 1 -1 0 1 0 -1 0 0 1 -1 0 1 0 -1 ];
measures = [0 0 0 0 1 1 1 1 1 1 1 1 1 1 1 1 1 1 1 1 ];
presentations = [1 2 3 4 5 6 7 8 9 10 11 12 13 14 15 16 17 18 19 20 ];
answers = [0 5 4 0 3 4 1 4 4 2 0 4 5 4 0 3 5 0 0 4 ];
adjustments = [10 -10 -3 5 -0.5 -1.5 1.5 -1.5 -1.5 0.5 2.5 -1.5 -2.5 -1.5 2.5 -0.5 -2.5 2.5 2.5 -1.5 ];
sentences = {'85813' '03676' '98162' '48832' '69444' '29394' '91451' '21080' '35209' '12339' '77705' '14040' '44697' '52988' '33528' '87713' '50976' '66127' '06251' '70565' };
offsets = [1606 40621 9142 15172 9620 11795 11841 14789 3936 17561 17318 6084 28219 10530 16840 11252 13389 11875 30626 3796 ];

