target=0.50;discardreversals=2;startvalue=0.00;steps=[4  2  1];selfservice=0;
threshold = [4.75 ];
values = [0.00 10.00 0.00 5.00 3.50 6.00 4.50 7.00 4.50 4.00 2.50 3.00 5.50 8.00 5.50 5.00 3.50 6.00 4.50 3.00 ];
reversals = [0 -1 1 -1 1 -1 1 -1 0 0 1 0 0 -1 0 0 1 -1 0 1 ];
measures = [0 0 0 1 1 1 1 1 1 1 1 1 1 1 1 1 1 1 1 1 ];
presentations = [1 2 3 4 5 6 7 8 9 10 11 12 13 14 15 16 17 18 19 20 ];
answers = [0 5 0 4 0 4 0 5 3 4 2 0 0 5 3 4 0 4 4 0 ];
adjustments = [10 -10 5 -1.5 2.5 -1.5 2.5 -2.5 -0.5 -1.5 0.5 2.5 2.5 -2.5 -0.5 -1.5 2.5 -1.5 -1.5 2.5 ];
sentences = {'80338' '94067' '43285' '69009' '08168' '54841' '93692' '05413' '36514' '26626' '39994' '70287' '67850' '51779' '18502' '22336' '72141' '87470' '45923' '11755' };
offsets = [7115 13944 21306 10650 12512 10925 11415 2058 2953 22199 646 24761 12845 7931 5654 32932 10108 11319 8631 2297 ];

