target=0.50;discardreversals=2;startvalue=0.00;steps=[4  2  1];selfservice=0;
threshold = [-2.00 ];
values = [0.00 -2.00 -12.00 -2.00 -3.00 -0.50 -3.00 -3.50 -1.00 -1.50 -4.00 -3.50 -1.00 -1.50 -2.00 0.50 -1.00 -3.50 -5.00 -3.50 ];
reversals = [0 0 1 -1 1 -1 0 1 -1 0 1 0 -1 0 1 -1 0 0 1 0 ];
measures = [0 0 0 0 1 1 1 1 1 1 1 1 1 1 1 1 1 1 1 1 ];
presentations = [1 2 3 4 5 6 7 8 9 10 11 12 13 14 15 16 17 18 19 20 ];
answers = [3 5 0 3 0 5 3 0 3 5 2 0 3 3 0 4 5 4 1 0 ];
adjustments = [-2 -10 10 -1 2.5 -2.5 -0.5 2.5 -0.5 -2.5 0.5 2.5 -0.5 -0.5 2.5 -1.5 -2.5 -1.5 1.5 2.5 ];
sentences = {'30757' '16140' '08168' '74972' '93692' '70287' '69009' '55025' '22586' '87470' '68819' '11755' '36514' '22336' '03491' '99308' '45923' '87263' '41634' '54841' };
offsets = [3875 10489 31314 1302 28562 16151 12549 14230 9853 13532 13602 435 16217 23743 18908 25804 1202 15137 14908 11293 ];

