target=0.50;discardreversals=2;startvalue=0.00;steps=[4  2  1];selfservice=0;
threshold = [-2.00 ];
values = [5.00 15.00 5.00 8.00 6.50 6.00 3.50 3.00 0.50 3.00 2.50 1.00 0.50 -1.00 -2.50 -4.00 -4.50 -2.00 -4.50 -2.00 ];
reversals = [0 -1 1 -1 0 0 0 0 1 -1 0 0 0 0 0 0 1 -1 1 -1 ];
measures = [0 0 0 1 1 1 1 1 1 1 1 1 1 1 1 1 1 1 1 1 ];
presentations = [1 2 3 4 5 6 7 8 9 10 11 12 13 14 15 16 17 18 19 20 ];
answers = [0 5 1 4 3 5 3 5 0 3 4 3 4 4 4 3 0 5 0 3 ];
adjustments = [10 -10 3 -1.5 -0.5 -2.5 -0.5 -2.5 2.5 -0.5 -1.5 -0.5 -1.5 -1.5 -1.5 -0.5 2.5 -2.5 2.5 -0.5 ];
sentences = {'77705' '26626' '43285' '33528' '67850' '80338' '85813' '94067' '06251' '18502' '05413' '69444' '12339' '44697' '51779' '39994' '98162' '50976' '72141' '21080' };
offsets = [11767 11532 58443 54668 60382 56380 1639 29879 99732 29887 12849 80689 62262 12399 58281 140 30736 16059 19715 55556 ];

