target=0.50;discardreversals=2;startvalue=0.00;steps=[4  2  1];selfservice=0;
threshold = [0.75 ];
values = [0.00 10.00 4.00 5.00 2.50 1.00 -1.50 1.00 -1.50 1.00 3.50 1.00 0.50 1.00 3.50 2.00 1.50 -1.00 1.50 4.00 ];
reversals = [0 -1 1 -1 0 0 1 -1 1 0 -1 0 1 0 -1 0 0 1 0 0 ];
measures = [0 0 0 1 1 1 1 1 1 1 1 1 1 1 1 1 1 1 1 1 ];
presentations = [1 2 3 4 5 6 7 8 9 10 11 12 13 14 15 16 17 18 19 20 ];
answers = [0 4 2 5 4 5 0 5 0 0 5 3 2 0 4 3 5 0 0 1 ];
adjustments = [10 -6 1 -2.5 -1.5 -2.5 2.5 -2.5 2.5 2.5 -2.5 -0.5 0.5 2.5 -1.5 -0.5 -2.5 2.5 2.5 1.5 ];
sentences = {'52277' '47048' '33980' '74972' '24621' '22586' '41634' '03491' '18314' '95569' '16140' '55025' '68819' '76802' '61793' '99308' '00456' '87263' '89135' '30757' };
offsets = [5144 35140 6484 21423 10756 25127 4265 32932 22393 14363 12021 16905 2414 14275 2378 18498 8647 17741 8789 3020 ];

