target=0.50;discardreversals=2;startvalue=0.00;steps=[4  2  1];selfservice=0;
threshold = [0.75 ];
values = [0.00 10.00 0.00 1.00 -0.50 2.00 0.50 -2.00 0.50 0.00 2.50 0.00 -1.50 1.00 -1.50 1.00 3.50 5.00 4.50 3.00 ];
reversals = [0 -1 1 -1 1 -1 0 1 -1 1 -1 0 1 -1 1 0 0 -1 0 1 ];
measures = [0 0 0 1 1 1 1 1 1 1 1 1 1 1 1 1 1 1 1 1 ];
presentations = [1 2 3 4 5 6 7 8 9 10 11 12 13 14 15 16 17 18 19 20 ];
answers = [0 5 2 4 0 4 5 0 3 0 5 4 0 5 0 0 1 3 4 0 ];
adjustments = [10 -10 1 -1.5 2.5 -1.5 -2.5 2.5 -0.5 2.5 -2.5 -1.5 2.5 -2.5 2.5 2.5 1.5 -0.5 -1.5 2.5 ];
sentences = {'03491' '87713' '29394' '16140' '68819' '66127' '74972' '70565' '35209' '30757' '55025' '22586' '91451' '87263' '52988' '41634' '48832' '99308' '14040' '03676' };
offsets = [23765 11324 1423 3905 10138 13882 18609 5405 16731 3989 10784 17342 20708 7242 7463 23640 36065 526 15605 31261 ];

