target=0.50;discardreversals=2;startvalue=0.00;steps=[4  2  1];selfservice=0;
threshold = [3.25 ];
values = [0.00 10.00 0.00 5.00 3.50 6.00 4.50 3.00 5.50 6.00 4.50 3.00 0.50 0.00 -2.50 0.00 -0.50 2.00 2.50 5.00 ];
reversals = [0 -1 1 -1 1 -1 0 1 0 -1 0 0 0 0 1 -1 1 0 0 0 ];
measures = [0 0 0 1 1 1 1 1 1 1 1 1 1 1 1 1 1 1 1 1 ];
presentations = [1 2 3 4 5 6 7 8 9 10 11 12 13 14 15 16 17 18 19 20 ];
answers = [0 5 0 4 0 4 4 0 2 4 4 5 3 5 0 3 0 2 0 0 ];
adjustments = [10 -10 5 -1.5 2.5 -1.5 -1.5 2.5 0.5 -1.5 -1.5 -2.5 -0.5 -2.5 2.5 -0.5 2.5 0.5 2.5 2.5 ];
sentences = {'74972' '16140' '14040' '99308' '70565' '66127' '52988' '03676' '48832' '29394' '87713' '22586' '41634' '87263' '55025' '35209' '91451' '30757' '03491' '68819' };
offsets = [790465 1733603 1290089 1801129 3848669 595894 3028467 3386006 3384370 3644535 3640485 3902436 1318766 132168 2285256 1541810 3042839 4795223 3005320 1504867 ];

