target=0.50;discardreversals=2;startvalue=0.00;steps=[4  2  1];selfservice=0;
threshold = [-0.25 ];
values = [0.00 -2.00 -4.00 6.00 1.00 3.50 1.00 0.50 0.00 -0.50 2.00 -0.50 0.00 -1.50 -2.00 0.50 -1.00 -1.50 -3.00 -0.50 ];
reversals = [0 0 1 -1 1 -1 0 0 0 1 -1 1 -1 0 1 -1 0 0 1 -1 ];
measures = [0 0 0 0 1 1 1 1 1 1 1 1 1 1 1 1 1 1 1 1 ];
presentations = [1 2 3 4 5 6 7 8 9 10 11 12 13 14 15 16 17 18 19 20 ];
answers = [3 3 0 5 0 5 3 3 3 0 5 2 4 3 0 4 3 4 0 4 ];
adjustments = [-2 -2 10 -5 2.5 -2.5 -0.5 -0.5 -0.5 2.5 -2.5 0.5 -1.5 -0.5 2.5 -1.5 -0.5 -1.5 2.5 -1.5 ];
sentences = {'67850' '51779' '51417' '95162' '72141' '26626' '10681' '18502' '29744' '78835' '07970' '63558' '80338' '34226' '05413' '94067' '82009' '46393' '43285' '39994' };
offsets = [1273042 2403863 1542241 2982051 4361705 3375856 2158578 2408254 4904 335487 2701998 2819554 3457131 4288342 1869102 1506783 1989430 4609991 2991580 1115372 ];

