target=0.50;discardreversals=2;startvalue=0.00;steps=[4  2  1];selfservice=0;
threshold = [-2.50 ];
values = [0.00 -6.00 -12.00 -2.00 -1.00 -4.00 -5.50 -5.00 -4.50 -4.00 -3.50 -1.00 1.50 0.00 -2.50 0.00 -0.50 -3.00 -4.50 -3.00 ];
reversals = [0 0 1 0 -1 0 1 0 0 0 0 0 -1 0 1 -1 0 0 1 0 ];
measures = [0 0 0 0 0 0 1 1 1 1 1 1 1 1 1 1 1 1 1 1 ];
presentations = [1 2 3 4 5 6 7 8 9 10 11 12 13 14 15 16 17 18 19 20 ];
answers = [4 4 0 2 4 4 2 2 2 2 0 0 4 5 0 3 5 4 1 0 ];
adjustments = [-6 -6 10 1 -3 -1.5 0.5 0.5 0.5 0.5 2.5 2.5 -1.5 -2.5 2.5 -0.5 -2.5 -1.5 1.5 2.5 ];
sentences = {'15149' '05413' '82487' '77974' '66553' '24318' '80338' '39994' '43285' '59026' '18502' '31601' '03262' '26626' '90790' '67850' '72141' '51779' '94067' '48835' };
offsets = [4708906 1249586 1995947 4737968 838625 2584297 2311683 2005777 1146085 4475481 1293316 1767744 2808497 3000081 2047584 1245922 611748 1281315 4525180 2428414 ];

