target=0.75;minreversals=14;discardreversals=4;minmeasures=25;startvalue=70.00;steps=[4  4  2  1];feedback=0;
threshold = [87.50 ];
values = [94.00 90.00 86.00 98.00 94.00 94.00 94.00 92.00 92.00 90.00 90.00 88.00 88.00 88.00 88.00 86.00 86.00 84.00 90.00 89.00 89.00 88.00 87.00 87.00 86.00 86.00 86.00 86.00 89.00 89.00 88.00 88.00 88.00 88.00 88.00 88.00 88.00 88.00 87.00 86.00 86.00 89.00 89.00 89.00 89.00 89.00 92.00 92.00 91.00 90.00 90.00 89.00 89.00 89.00 89.00 89.00 89.00 88.00 87.00 86.00 85.00 85.00 88.00 87.00 90.00 90.00 89.00 88.00 87.00 87.00 87.00 86.00 85.00 84.00 84.00 84.00 87.00 90.00 90.00 ];
reversals = [0 0 1 -1 0 0 0 0 0 0 0 0 0 0 0 0 0 1 -1 0 0 0 0 0 0 0 0 1 0 -1 0 0 0 0 0 0 0 0 0 0 1 0 0 0 0 0 0 -1 0 0 0 0 0 0 0 0 0 0 0 0 0 1 -1 1 0 -1 0 0 0 0 0 0 0 0 0 1 0 0 -1 ];
measures = [0 0 0 0 0 0 0 0 0 0 0 0 0 0 0 0 0 0 0 0 0 0 0 0 0 0 0 1 1 1 1 1 1 1 1 1 1 1 1 1 1 1 1 1 1 1 1 1 1 1 1 1 1 1 1 1 1 1 1 1 1 1 1 1 1 1 1 1 1 1 1 1 1 1 1 1 1 1 1 ];
presentations = [1 1 1 1 0 0 1 0 1 0 1 0 0 0 1 0 1 1 1 0 1 1 0 1 0 0 0 1 0 1 0 0 0 0 0 0 0 1 1 0 1 0 0 0 0 1 0 1 1 0 1 0 0 0 0 0 1 1 1 1 0 1 1 1 0 1 1 1 0 0 1 1 1 0 0 1 1 0 1 ];
answers = [1 1 0 1 0 0 1 0 1 0 1 0 0 0 1 0 1 0 1 0 1 1 0 1 0 0 0 0 0 1 0 0 0 0 0 0 0 1 1 0 0 0 0 0 0 0 0 1 1 0 1 0 0 0 0 0 1 1 1 1 0 0 1 0 0 1 1 1 0 0 1 1 1 0 0 0 0 0 1 ];
adjustments = [-4 -4 12 -4 0 0 -2 0 -2 0 -2 0 0 0 -2 0 -2 6 -1 0 -1 -1 0 -1 0 0 0 3 0 -1 0 0 0 0 0 0 0 -1 -1 0 3 0 0 0 0 3 0 -1 -1 0 -1 0 0 0 0 0 -1 -1 -1 -1 0 3 -1 3 0 -1 -1 -1 0 0 -1 -1 -1 0 0 3 3 0 -1 ];

