target=0.50;discardreversals=2;startvalue=0.00;steps=[4  2  1];selfservice=0;
threshold = [3.00 ];
values = [0.00 -2.00 8.00 5.00 3.50 2.00 4.50 3.00 3.50 3.00 4.50 3.00 3.50 1.00 0.50 2.00 1.50 4.00 6.50 5.00 ];
reversals = [0 1 -1 0 0 1 -1 1 -1 1 -1 1 -1 0 1 -1 1 0 -1 0 ];
measures = [0 0 0 0 0 1 1 1 1 1 1 1 1 1 1 1 1 1 1 1 ];
presentations = [1 2 3 4 5 6 7 8 9 10 11 12 13 14 15 16 17 18 19 20 ];
answers = [3 0 4 4 4 0 4 2 3 1 4 2 5 3 1 3 0 0 4 5 ];
adjustments = [-2 10 -3 -1.5 -1.5 2.5 -1.5 0.5 -0.5 1.5 -1.5 0.5 -2.5 -0.5 1.5 -0.5 2.5 2.5 -1.5 -2.5 ];
sentences = {'90013' '68271' '12339' '21080' '89364' '33528' '44529' '50976' '37886' '02737' '06251' '77705' '15952' '76600' '44697' '51195' '23448' '98162' '69444' '85813' };
offsets = [698984 171553 433557 4547636 3636901 2611619 3550629 3862145 1474695 1257533 1702776 3918239 816860 2225759 2868204 993976 4821215 2077874 3994324 121563 ];

