target=0.50;discardreversals=2;startvalue=0.00;steps=[4  2  1];selfservice=0;
threshold = [0.75 ];
values = [0.00 10.00 8.00 7.00 6.00 5.00 0.00 5.00 4.50 3.00 0.50 0.00 1.50 1.00 -1.50 1.00 3.50 3.00 1.50 0.00 ];
reversals = [0 -1 0 0 0 0 1 -1 0 0 0 1 -1 0 1 0 -1 0 0 1 ];
measures = [0 0 0 0 0 0 0 1 1 1 1 1 1 1 1 1 1 1 1 1 ];
presentations = [1 2 3 4 5 6 7 8 9 10 11 12 13 14 15 16 17 18 19 20 ];
answers = [0 3 3 3 3 5 0 3 4 5 3 1 3 5 0 0 3 4 4 0 ];
adjustments = [10 -2 -1 -1 -1 -5 5 -0.5 -1.5 -2.5 -0.5 1.5 -0.5 -2.5 2.5 2.5 -0.5 -1.5 -1.5 2.5 ];
sentences = {'85813' '63558' '29744' '77705' '98162' '07970' '44697' '21080' '82009' '10681' '69444' '34226' '12339' '46393' '78835' '06251' '33528' '95162' '51417' '50976' };
offsets = [22065 9160 6110 9747 25413 3050 18426 20218 15516 6354 11528 29933 18670 5922 7749 43735 32348 7480 19878 7411 ];

