target=0.50;discardreversals=2;startvalue=0.00;steps=[4  2  1];selfservice=0;
threshold = [-4.00 ];
values = [5.00 3.00 -7.00 3.00 -2.00 -3.50 -5.00 -2.50 -4.00 -1.50 -1.00 -1.50 -2.00 0.50 -2.00 -4.50 -4.00 -6.50 -4.00 -6.50 ];
reversals = [0 0 1 -1 0 0 1 -1 1 0 -1 0 1 -1 0 1 -1 1 -1 0 ];
measures = [0 0 0 0 0 0 1 1 1 1 1 1 1 1 1 1 1 1 1 1 ];
presentations = [1 2 3 4 5 6 7 8 9 10 11 12 13 14 15 16 17 18 19 20 ];
answers = [3 5 0 5 4 4 0 4 0 2 3 3 0 5 5 2 5 0 5 3 ];
adjustments = [-2 -10 10 -5 -1.5 -1.5 2.5 -1.5 2.5 0.5 -0.5 -0.5 2.5 -2.5 -2.5 0.5 -2.5 2.5 -2.5 -0.5 ];
sentences = {'00456' '55025' '24621' '47048' '89135' '95569' '03491' '76802' '16140' '61793' '99308' '18314' '41634' '74972' '87263' '68819' '52277' '30757' '22586' '33980' };
offsets = [76420 72205 40463 19688 76487 25184 93020 62944 2510 24973 57704 13772 43606 77754 8618 21653 68929 58700 54160 71613 ];

