target=0.50;discardreversals=2;startvalue=0.00;steps=[4  2  1];selfservice=0;
%parameters=icra1,80
threshold = [-1.00 ];
values = [0.00 -2.00 8.00 3.00 1.50 0.00 0.50 1.00 -1.50 -1.00 -2.50 0.00 -0.50 -2.00 -3.50 -2.00 0.50 -1.00 -2.50 -3.00 ];
reversals = [0 1 -1 0 0 1 0 -1 1 -1 1 -1 0 0 1 0 -1 0 0 1 ];
measures = [0 0 0 0 0 1 1 1 1 1 1 1 1 1 1 1 1 1 1 1 ];
presentations = [1 2 3 4 5 6 7 8 9 10 11 12 13 14 15 16 17 18 19 20 ];
answers = [3 0 5 4 4 2 2 5 2 4 0 3 4 4 1 0 4 4 3 2 ];
adjustments = [-2 10 -5 -1.5 -1.5 0.5 0.5 -2.5 0.5 -1.5 2.5 -0.5 -1.5 -1.5 1.5 2.5 -1.5 -1.5 -0.5 0.5 ];
sentences = {'77705' '12339' '98162' '21080' '80338' '18502' '50976' '72141' '43285' '33528' '39994' '69444' '51779' '06251' '05413' '44697' '85813' '94067' '26626' '67850' };
offsets = [15266 9212 19600 21619 5584 18901 17678 5921 2542 32187 20030 20834 14952 37363 12403 4158 14447 15734 26904 17515 ];

