target=0.50;discardreversals=2;startvalue=0.00;steps=[4  2  1];selfservice=0;
%parameters=icra1,65,re
threshold = [1.00 ];
values = [0.00 10.00 20.00 30.00 40.00 30.00 25.00 20.00 15.00 10.00 9.00 4.00 1.00 0.00 5.00 3.50 1.00 0.50 1.00 -0.50 ];
reversals = [0 0 0 0 -1 0 0 0 0 0 0 0 0 1 -1 0 0 1 -1 0 ];
measures = [0 0 0 0 0 0 0 0 0 0 0 0 0 0 1 1 1 1 1 1 ];
presentations = [1 2 3 4 5 6 7 8 9 10 11 12 13 14 15 16 17 18 19 20 ];
answers = [0 0 0 0 5 5 5 5 5 3 5 4 3 0 4 5 3 2 4 5 ];
adjustments = [10 10 10 10 -10 -5 -5 -5 -5 -1 -5 -3 -1 5 -1.5 -2.5 -0.5 0.5 -1.5 -2.5 ];
sentences = {'05413' '76802' '18502' '72141' '95569' '94067' '33980' '51779' '24621' '52277' '00456' '67850' '43285' '26626' '39994' '80338' '18314' '47048' '61793' '89135' };
offsets = [23463 36652 18970 481 23381 14483 9041 12726 1094 5656 27215 9021 10120 8697 13417 7105 13346 8036 4866 5808 ];

