target=0.50;discardreversals=2;startvalue=0.00;steps=[4  2  1];selfservice=0;
%parameters=icra1,65
threshold = [1.50 ];
values = [0.00 10.00 0.00 -3.00 2.00 1.50 0.00 -0.50 -3.00 -2.50 0.00 1.50 -1.00 0.50 3.00 1.50 4.00 4.50 2.00 0.50 ];
reversals = [0 -1 0 1 -1 0 0 0 1 0 0 -1 1 0 -1 1 0 -1 0 0 ];
measures = [0 0 0 0 1 1 1 1 1 1 1 1 1 1 1 1 1 1 1 1 ];
presentations = [1 2 3 4 5 6 7 8 9 10 11 12 13 14 15 16 17 18 19 20 ];
answers = [0 5 4 0 3 4 3 5 2 0 1 5 1 0 4 0 2 5 4 5 ];
adjustments = [10 -10 -3 5 -0.5 -1.5 -0.5 -2.5 0.5 2.5 1.5 -2.5 1.5 2.5 -1.5 2.5 0.5 -2.5 -1.5 -2.5 ];
sentences = {'18314' '68819' '30757' '61793' '95569' '87263' '55025' '24621' '33980' '16140' '47048' '89135' '41634' '99308' '22586' '74972' '76802' '00456' '03491' '52277' };
offsets = [22586 31813 4917 9395 16494 1403 8736 11787 20787 4581 12650 21630 104 648 1081 26860 36734 17880 2191 18658 ];

