target=0.75;minreversals=12;discardreversals=4;minmeasures=14;startvalue=70.00;steps=[8  8  4  2];feedback=0;
%parameters=6000
threshold = [129.00 ];
threshold_dB_HL = [125.08 ];
threshold_dB_SPL = [129.00 ];
values = [142.00 134.00 126.00 150.00 150.00 150.00 142.00 138.00 134.00 130.00 130.00 130.00 130.00 126.00 138.00 138.00 136.00 134.00 134.00 132.00 130.00 128.00 128.00 126.00 126.00 126.00 126.00 132.00 130.00 128.00 128.00 128.00 126.00 126.00 132.00 132.00 132.00 130.00 128.00 126.00 132.00 132.00 130.00 130.00 128.00 126.00 132.00 ];
reversals = [0 0 1 0 0 -1 0 0 0 0 0 0 0 1 0 -1 0 0 0 0 0 0 0 0 0 0 1 -1 0 0 0 0 0 1 0 0 -1 0 0 1 0 -1 0 0 0 1 -1 ];
measures = [0 0 0 0 0 0 0 0 0 0 0 0 0 0 0 0 0 0 0 0 0 0 0 0 0 0 1 1 1 1 1 1 1 1 1 1 1 1 1 1 1 1 1 1 1 1 1 ];
presentations = [1 1 1 0 0 1 1 1 1 0 0 0 1 1 0 1 1 0 1 1 1 0 1 0 0 0 1 1 1 0 0 1 0 1 0 0 1 1 1 1 0 1 0 1 1 1 1 ];
answers = [1 1 0 0 0 1 1 1 1 0 0 0 1 0 0 1 1 0 1 1 1 0 1 0 0 0 0 1 1 0 0 1 0 0 0 0 1 1 1 0 0 1 0 1 1 0 1 ];
adjustments = [-8 -8 24 0 0 -8 -4 -4 -4 0 0 0 -4 12 0 -2 -2 0 -2 -2 -2 0 -2 0 0 0 6 -2 -2 0 0 -2 0 6 0 0 -2 -2 -2 6 0 -2 0 -2 -2 6 -2 ];

