target=0.50;discardreversals=2;startvalue=0.00;steps=[4  2  1];selfservice=0;
%parameters=icra5.250,65,re
threshold = [-1.00 ];
values = [0.00 -6.00 4.00 -1.00 -1.50 0.00 1.50 3.00 1.50 -1.00 1.50 2.00 0.50 -1.00 0.50 1.00 -0.50 -1.00 -1.50 -1.00 ];
reversals = [0 1 -1 0 1 0 0 -1 0 1 0 -1 0 1 0 -1 0 0 1 0 ];
measures = [0 0 0 0 1 1 1 1 1 1 1 1 1 1 1 1 1 1 1 1 ];
presentations = [1 2 3 4 5 6 7 8 9 10 11 12 13 14 15 16 17 18 19 20 ];
answers = [4 0 5 3 1 1 1 4 5 0 2 4 4 1 2 4 3 3 2 1 ];
adjustments = [-6 10 -5 -0.5 1.5 1.5 1.5 -1.5 -2.5 2.5 0.5 -1.5 -1.5 1.5 0.5 -1.5 -0.5 -0.5 0.5 1.5 ];
sentences = {'95569' '02737' '24621' '44529' '89364' '61793' '76600' '15952' '89135' '76802' '68271' '18314' '33980' '52277' '37886' '00456' '90013' '51195' '23448' '47048' };
offsets = [2540539 517106 590822 1850016 1938446 3084797 2246257 3389796 4793547 2748780 2614544 4763555 3267975 2816599 940991 4005645 3135116 1616354 1059959 2276044 ];

