target=0.50;discardreversals=2;startvalue=0.00;steps=[4  2  1];selfservice=0;
%parameters=quiet,65
threshold = [-11.00 ];
values = [0.00 -2.00 -8.00 -18.00 -8.00 -5.00 -8.00 -8.50 -11.00 -9.50 -12.00 -10.50 -12.00 -10.50 -12.00 -10.50 -10.00 -12.50 -14.00 -13.50 ];
reversals = [0 0 0 1 0 -1 0 0 1 -1 1 -1 1 -1 1 0 -1 0 1 0 ];
measures = [0 0 0 0 0 0 0 0 1 1 1 1 1 1 1 1 1 1 1 1 ];
presentations = [1 2 3 4 5 6 7 8 9 10 11 12 13 14 15 16 17 18 19 20 ];
answers = [3 4 5 0 1 4 3 5 1 5 1 4 1 4 1 2 5 4 2 1 ];
adjustments = [-2 -6 -10 10 3 -3 -0.5 -2.5 1.5 -2.5 1.5 -1.5 1.5 -1.5 1.5 0.5 -2.5 -1.5 0.5 1.5 ];
sentences = {'69444' '39994' '72141' '26626' '98162' '77705' '33528' '50976' '51779' '05413' '80338' '43285' '94067' '12339' '06251' '67850' '85813' '44697' '21080' '18502' };
offsets = [64969 35886 56046 97642 40909 70249 41659 13476 37028 5723 35311 30176 12035 47573 20057 15436 37694 30671 49795 11401 ];

