target=0.50;discardreversals=2;startvalue=0.00;steps=[4  2  1];selfservice=0;
%parameters=icra1,70
threshold = [1.25 ];
values = [0.00 -2.00 -4.00 6.00 1.00 -0.50 2.00 1.50 4.00 2.50 1.00 1.50 1.00 3.50 6.00 3.50 3.00 1.50 0.00 0.50 ];
reversals = [0 0 1 -1 0 1 -1 1 -1 0 1 -1 1 0 -1 0 0 0 1 -1 ];
measures = [0 0 0 0 0 1 1 1 1 1 1 1 1 1 1 1 1 1 1 1 ];
presentations = [1 2 3 4 5 6 7 8 9 10 11 12 13 14 15 16 17 18 19 20 ];
answers = [3 3 0 5 4 0 3 0 4 4 2 3 0 0 5 3 4 4 2 3 ];
adjustments = [-2 -2 10 -5 -1.5 2.5 -0.5 2.5 -1.5 -1.5 0.5 -0.5 2.5 2.5 -2.5 -0.5 -1.5 -1.5 0.5 -0.5 ];
sentences = {'15149' '22586' '16140' '82487' '55025' '48835' '30757' '24318' '41634' '66553' '59026' '68819' '77974' '31601' '87263' '90790' '03262' '99308' '74972' '03491' };
offsets = [8248 29955 13838 26570 14800 33733 1813 27302 15945 20250 1551 15135 22936 18330 12529 7359 17733 26551 398 7308 ];

