target=0.50;discardreversals=2;startvalue=0.00;steps=[4  2  1];selfservice=0;
%parameters=icra1,65,train
threshold = [3.50 ];
values = [0.00 10.00 0.00 5.00 4.50 5.00 2.50 0.00 2.50 2.00 4.50 4.00 2.50 5.00 2.50 4.00 5.50 3.00 3.50 3.00 ];
reversals = [0 -1 1 -1 1 -1 0 1 -1 1 -1 0 1 -1 1 0 -1 1 -1 0 ];
measures = [0 0 0 1 1 1 1 1 1 1 1 1 1 1 1 1 1 1 1 1 ];
presentations = [1 2 3 4 5 6 7 8 9 10 11 12 13 14 15 16 17 18 19 20 ];
answers = [0 5 0 3 2 5 5 0 3 0 3 4 0 5 1 1 5 2 3 5 ];
adjustments = [10 -10 5 -0.5 0.5 -2.5 -2.5 2.5 -0.5 2.5 -0.5 -1.5 2.5 -2.5 1.5 1.5 -2.5 0.5 -0.5 -2.5 ];
sentences = {'33980' '61793' '41634' '18314' '55025' '95569' '52277' '89135' '16140' '24621' '74972' '22586' '99308' '03491' '47048' '76802' '00456' '30757' '68819' '87263' };
offsets = [13190 13689 2917 18175 8449 8287 15671 18026 23379 1850 10485 24907 3230 1695 19298 6856 368 5567 27310 17755 ];

