target=0.50;discardreversals=2;startvalue=0.00;steps=[4  2  1];selfservice=0;
%parameters=babble,65
threshold = [2.50 ];
values = [0.00 10.00 12.00 10.00 5.00 0.00 3.00 2.50 2.00 4.50 2.00 2.50 1.00 3.50 3.00 1.50 4.00 3.50 2.00 2.50 ];
reversals = [0 0 -1 0 0 1 -1 0 1 -1 1 -1 1 -1 0 1 -1 0 1 -1 ];
measures = [0 0 0 0 0 0 1 1 1 1 1 1 1 1 1 1 1 1 1 1 ];
presentations = [1 2 3 4 5 6 7 8 9 10 11 12 13 14 15 16 17 18 19 20 ];
answers = [0 2 3 5 5 1 3 3 0 5 2 4 0 3 4 0 3 4 2 4 ];
adjustments = [10 2 -2 -5 -5 3 -0.5 -0.5 2.5 -2.5 0.5 -1.5 2.5 -0.5 -1.5 2.5 -0.5 -1.5 0.5 -1.5 ];
sentences = {'95162' '78835' '77705' '07970' '10681' '98162' '82009' '21080' '12339' '50976' '63558' '46393' '44697' '69444' '33528' '29744' '51417' '85813' '06251' '34226' };
offsets = [3765 37596 23745 23173 7545 8044 11404 32442 24975 11410 15466 45878 1527 3498 12476 14460 13750 3286 39102 49882 ];

