target=0.50;discardreversals=2;startvalue=0.00;steps=[4  2  1];selfservice=0;
%parameters=icra5.250,65,train
threshold = [2.00 ];
values = [0.00 -6.00 4.00 1.00 1.50 3.00 2.50 0.00 -0.50 2.00 -0.50 1.00 2.50 2.00 2.50 1.00 1.50 2.00 1.50 3.00 ];
reversals = [0 1 -1 1 0 -1 0 0 1 -1 1 0 -1 1 -1 1 0 -1 1 -1 ];
measures = [0 0 0 1 1 1 1 1 1 1 1 1 1 1 1 1 1 1 1 1 ];
presentations = [1 2 3 4 5 6 7 8 9 10 11 12 13 14 15 16 17 18 19 20 ];
answers = [4 0 4 2 1 3 5 3 0 5 1 1 3 2 4 2 2 3 1 4 ];
adjustments = [-6 10 -3 0.5 1.5 -0.5 -2.5 -0.5 2.5 -2.5 1.5 1.5 -0.5 0.5 -1.5 0.5 0.5 -0.5 1.5 -1.5 ];
sentences = {'66127' '87713' '52988' '52277' '47048' '76802' '24621' '00456' '29394' '95569' '14040' '48832' '35209' '33980' '61793' '70565' '89135' '18314' '91451' '03676' };
offsets = [3145862 3705442 4710340 2960134 2039849 3093473 2727770 4517529 650489 4701199 3713995 4145437 3577060 720978 2828424 878796 24309 3203285 549186 1645010 ];

