target=0.50;discardreversals=2;startvalue=0.00;steps=[4  2  1];selfservice=0;
%parameters=icra5.250,65
threshold = [-0.50 ];
values = [0.00 -10.00 0.00 -3.00 -0.50 -2.00 -2.50 0.00 -1.50 -2.00 -2.50 0.00 1.50 1.00 -0.50 0.00 0.50 0.00 -1.50 -3.00 ];
reversals = [0 1 -1 1 -1 0 1 -1 0 0 1 0 -1 0 1 0 -1 0 0 1 ];
measures = [0 0 0 1 1 1 1 1 1 1 1 1 1 1 1 1 1 1 1 1 ];
presentations = [1 2 3 4 5 6 7 8 9 10 11 12 13 14 15 16 17 18 19 20 ];
answers = [5 0 4 0 4 3 0 4 3 3 0 1 3 4 2 2 3 4 4 1 ];
adjustments = [-10 10 -3 2.5 -1.5 -0.5 2.5 -1.5 -0.5 -0.5 2.5 1.5 -0.5 -1.5 0.5 0.5 -0.5 -1.5 -1.5 1.5 ];
sentences = {'51195' '89364' '37886' '23448' '90790' '02737' '03262' '90013' '59026' '77974' '44529' '76600' '15952' '66553' '24318' '48835' '68271' '82487' '15149' '31601' };
offsets = [3705031 508025 796950 4328139 2045780 2566933 4186319 4066740 2938032 3084397 4064140 4028769 1713841 4016871 2056046 155905 1900673 2158913 2196853 4114463 ];

