target=0.50;discardreversals=2;startvalue=0.00;steps=[4  2  1];selfservice=0;
%parameters=icra5.250,65,train
threshold = [-2.50 ];
values = [0.00 2.00 -8.00 -5.00 -4.50 -2.00 -2.50 -1.00 -1.50 -1.00 -3.50 -3.00 -2.50 -4.00 -3.50 -6.00 -8.50 -7.00 -6.50 -4.00 ];
reversals = [0 -1 1 0 0 -1 1 -1 1 -1 1 0 -1 1 -1 0 1 0 0 -1 ];
measures = [0 0 0 0 0 1 1 1 1 1 1 1 1 1 1 1 1 1 1 1 ];
presentations = [1 2 3 4 5 6 7 8 9 10 11 12 13 14 15 16 17 18 19 20 ];
answers = [2 5 1 2 0 3 1 3 2 5 2 2 4 2 5 5 1 2 0 3 ];
adjustments = [2 -10 3 0.5 2.5 -0.5 1.5 -0.5 0.5 -2.5 0.5 0.5 -1.5 0.5 -2.5 -2.5 1.5 0.5 2.5 -0.5 ];
sentences = {'45923' '70287' '36514' '54841' '11755' '22336' '65555' '87470' '93692' '70762' '23081' '86800' '92629' '08168' '09216' '69009' '47173' '51437' '34994' '18348' };
offsets = [1839070 3292487 570526 2810244 415675 3071454 3327381 3845893 3033024 3471003 1381575 4108738 4522965 4105417 3159935 3351165 1069638 4676435 3671965 4497150 ];

