target=0.50;discardreversals=2;startvalue=0.00;steps=[4  2  1];selfservice=0;
%parameters=icra1,65,train
threshold = [-2.75 ];
values = [0.00 -10.00 0.00 -3.00 -4.50 -3.00 -1.50 -2.00 -3.50 -3.00 -0.50 -3.00 -1.50 -3.00 -5.50 -4.00 -2.50 -4.00 -1.50 -3.00 ];
reversals = [0 1 -1 0 1 0 -1 0 1 0 -1 1 -1 0 1 0 -1 1 -1 0 ];
measures = [0 0 0 0 1 1 1 1 1 1 1 1 1 1 1 1 1 1 1 1 ];
presentations = [1 2 3 4 5 6 7 8 9 10 11 12 13 14 15 16 17 18 19 20 ];
answers = [5 0 4 4 1 1 3 4 2 0 5 1 4 5 1 1 4 0 4 3 ];
adjustments = [-10 10 -3 -1.5 1.5 1.5 -0.5 -1.5 0.5 2.5 -2.5 1.5 -1.5 -2.5 1.5 1.5 -1.5 2.5 -1.5 -0.5 ];
sentences = {'70565' '89364' '29394' '14040' '15952' '37886' '35209' '44529' '87713' '90013' '02737' '03676' '66127' '76600' '23448' '91451' '52988' '48832' '51195' '68271' };
offsets = [4374 23187 16908 7752 5701 5484 14021 946 11447 11795 4033 19377 37529 34744 6221 14011 3915 5946 8482 25386 ];

