target=0.50;discardreversals=2;startvalue=0.00;steps=[4  2  1];selfservice=0;
%parameters=icra5.250,65,re
threshold = [-9.00 ];
values = [0.00 -6.00 -16.00 -14.00 -13.00 -8.00 -9.00 -8.50 -10.00 -7.50 -9.00 -8.50 -6.00 -6.50 -9.00 -9.50 -8.00 -7.50 -9.00 -8.50 ];
reversals = [0 0 1 0 0 -1 1 -1 1 -1 1 0 -1 0 0 1 0 -1 1 0 ];
measures = [0 0 0 0 0 0 1 1 1 1 1 1 1 1 1 1 1 1 1 1 ];
presentations = [1 2 3 4 5 6 7 8 9 10 11 12 13 14 15 16 17 18 19 20 ];
answers = [4 5 2 2 0 3 2 4 0 4 2 0 3 5 3 1 2 4 2 1 ];
adjustments = [-6 -10 2 1 5 -1 0.5 -1.5 2.5 -1.5 0.5 2.5 -0.5 -2.5 -0.5 1.5 0.5 -1.5 0.5 1.5 ];
sentences = {'52277' '66127' '52988' '35209' '00456' '33980' '14040' '95569' '76802' '47048' '48832' '29394' '91451' '70565' '61793' '89135' '24621' '87713' '03676' '18314' };
offsets = [3314470 251309 1226419 2662433 1145139 658669 4367096 2978214 1210803 2445810 2179523 4099673 1606675 427556 524745 1163591 4812056 4722478 1076998 2130517 ];

