target=0.50;discardreversals=2;startvalue=0.00;steps=[4  2  1];selfservice=0;
%parameters=icra1,65
threshold = [-4.50 ];
values = [0.00 -10.00 0.00 -3.00 -5.50 -4.00 -5.50 -4.00 -2.50 -3.00 -5.50 -4.00 -3.50 -4.00 -4.50 -3.00 -5.50 -7.00 -4.50 -3.00 ];
reversals = [0 1 -1 0 1 -1 1 0 -1 0 1 0 -1 0 1 -1 0 1 0 0 ];
measures = [0 0 0 0 1 1 1 1 1 1 1 1 1 1 1 1 1 1 1 1 ];
presentations = [1 2 3 4 5 6 7 8 9 10 11 12 13 14 15 16 17 18 19 20 ];
answers = [5 0 4 5 1 4 1 1 3 5 1 2 3 3 1 5 4 0 1 0 ];
adjustments = [-10 10 -3 -2.5 1.5 -1.5 1.5 1.5 -0.5 -2.5 1.5 0.5 -0.5 -0.5 1.5 -2.5 -1.5 2.5 1.5 2.5 ];
sentences = {'08168' '00456' '18314' '89135' '45923' '70287' '54841' '61793' '87470' '95569' '22336' '11755' '24621' '36514' '33980' '52277' '69009' '93692' '47048' '76802' };
offsets = [9201 34269 11246 22607 14312 21399 2927 6486 6035 17782 18032 9114 4314 22152 21273 17079 13262 14510 11911 10903 ];

