target=0.50;discardreversals=2;startvalue=0.00;steps=[4  2  1];selfservice=0;
%parameters=icra1,50
threshold = [-2.00 ];
values = [0.00 -2.00 -8.00 2.00 -3.00 -2.50 -3.00 -1.50 1.00 0.50 -1.00 -1.50 -1.00 -0.50 -2.00 -1.50 -1.00 -1.50 -3.00 -0.50 ];
reversals = [0 0 1 -1 1 -1 1 0 -1 0 0 1 0 -1 1 0 -1 0 1 0 ];
measures = [0 0 0 0 1 1 1 1 1 1 1 1 1 1 1 1 1 1 1 1 ];
presentations = [1 2 3 4 5 6 7 8 9 10 11 12 13 14 15 16 17 18 19 20 ];
answers = [3 4 0 5 2 3 1 0 3 4 3 2 2 4 2 2 3 4 0 2 ];
adjustments = [-2 -6 10 -5 0.5 -0.5 1.5 2.5 -0.5 -1.5 -0.5 0.5 0.5 -1.5 0.5 0.5 -0.5 -1.5 2.5 0.5 ];
sentences = {'48835' '66553' '90790' '44529' '15149' '76600' '51195' '89364' '77974' '59026' '31601' '23448' '03262' '68271' '24318' '15952' '02737' '82487' '90013' '37886' };
offsets = [611 357 10202 22956 340 13095 16551 283 23655 1667 4392 712 15951 16406 26442 4093 11271 28295 26884 25533 ];

