target=0.50;discardreversals=2;startvalue=0.00;steps=[4  2  1];selfservice=0;
%parameters=babble,65
threshold = [-2.00 ];
values = [0.00 -10.00 0.00 -3.00 -2.50 -2.00 -1.50 -4.00 -1.50 -2.00 -4.50 -4.00 -3.50 -2.00 -1.50 -2.00 -4.50 -2.00 0.50 -2.00 ];
reversals = [0 1 -1 1 0 0 -1 1 -1 0 1 0 0 0 -1 0 1 0 -1 1 ];
measures = [0 0 0 1 1 1 1 1 1 1 1 1 1 1 1 1 1 1 1 1 ];
presentations = [1 2 3 4 5 6 7 8 9 10 11 12 13 14 15 16 17 18 19 20 ];
answers = [5 0 4 2 2 2 5 0 3 5 2 2 1 2 3 5 0 0 5 2 ];
adjustments = [-10 10 -3 0.5 0.5 0.5 -2.5 2.5 -0.5 -2.5 0.5 0.5 1.5 0.5 -0.5 -2.5 2.5 2.5 -2.5 0.5 ];
sentences = {'12339' '33528' '76600' '98162' '06251' '02737' '44529' '90013' '21080' '68271' '69444' '37886' '51195' '85813' '89364' '50976' '23448' '77705' '15952' '44697' };
offsets = [12394 10208 27225 30681 52143 14280 14364 25967 2705 5696 1595 38978 6101 8525 6087 26346 22610 23754 13362 39250 ];

