target=0.50;discardreversals=2;startvalue=0.00;steps=[4  2  1];selfservice=0;
%parameters=icra1,60
threshold = [-3.50 ];
values = [0.00 10.00 0.00 -5.00 0.00 -2.50 -1.00 -3.50 -3.00 -2.50 -4.00 -2.50 -5.00 -3.50 -6.00 -4.50 -2.00 -4.50 -4.00 -4.50 ];
reversals = [0 -1 0 1 -1 1 -1 1 0 -1 1 -1 1 -1 1 0 -1 1 -1 1 ];
measures = [0 0 0 0 1 1 1 1 1 1 1 1 1 1 1 1 1 1 1 1 ];
presentations = [1 2 3 4 5 6 7 8 9 10 11 12 13 14 15 16 17 18 19 20 ];
answers = [0 5 5 0 5 1 5 2 2 4 1 5 1 5 1 0 5 2 3 2 ];
adjustments = [10 -10 -5 5 -2.5 1.5 -2.5 0.5 0.5 -1.5 1.5 -2.5 1.5 -2.5 1.5 2.5 -2.5 0.5 -0.5 0.5 ];
sentences = {'03491' '55025' '72141' '87263' '16140' '18502' '94067' '68819' '41634' '22586' '05413' '43285' '51779' '99308' '67850' '74972' '26626' '30757' '80338' '39994' };
offsets = [36843 7537 14526 8168 30070 24489 19713 12527 2186 15829 1897 3458 4122 3631 658 26925 44121 3851 17662 2146 ];

