target=0.75;minreversals=12;discardreversals=4;minmeasures=14;startvalue=75.00;steps=[8  4  4  2  1];feedback=0;
%parameters=0500,0.20,50
threshold = [57.00 ];
values = [83.00 75.00 67.00 59.00 91.00 87.00 83.00 83.00 99.00 97.00 96.00 96.00 96.00 95.00 95.00 95.00 94.00 93.00 92.00 92.00 92.00 91.00 90.00 89.00 89.00 89.00 88.00 88.00 88.00 88.00 87.00 87.00 86.00 86.00 85.00 84.00 84.00 84.00 84.00 83.00 82.00 81.00 81.00 81.00 81.00 81.00 80.00 79.00 79.00 79.00 78.00 77.00 77.00 76.00 76.00 76.00 75.00 74.00 74.00 74.00 73.00 72.00 72.00 71.00 71.00 70.00 69.00 68.00 67.00 66.00 66.00 65.00 65.00 64.00 63.00 63.00 63.00 62.00 62.00 61.00 61.00 60.00 60.00 59.00 58.00 57.00 60.00 59.00 59.00 59.00 58.00 58.00 58.00 58.00 57.00 57.00 56.00 59.00 58.00 58.00 57.00 56.00 55.00 55.00 54.00 54.00 57.00 56.00 56.00 55.00 58.00 ];
reversals = [0 0 0 1 -1 0 0 1 -1 0 0 0 0 0 0 0 0 0 0 0 0 0 0 0 0 0 0 0 0 0 0 0 0 0 0 0 0 0 0 0 0 0 0 0 0 0 0 0 0 0 0 0 0 0 0 0 0 0 0 0 0 0 0 0 0 0 0 0 0 0 0 0 0 0 0 0 0 0 0 0 0 0 0 0 0 1 -1 0 0 0 0 0 0 0 0 0 1 -1 0 0 0 0 0 0 0 1 -1 0 0 1 -1 ];
measures = [0 0 0 0 0 0 0 0 0 0 0 0 0 0 0 0 0 0 0 0 0 0 0 0 0 0 0 0 0 0 0 0 0 0 0 0 0 0 0 0 0 0 0 0 0 0 0 0 0 0 0 0 0 0 0 0 0 0 0 0 0 0 0 0 0 0 0 0 0 0 0 0 0 0 0 0 0 0 0 0 0 0 0 0 0 1 1 1 1 1 1 1 1 1 1 1 1 1 1 1 1 1 1 1 1 1 1 1 1 1 1 ];
presentations = [1 1 1 0 1 1 0 0 1 1 0 0 1 0 0 1 1 1 0 0 1 1 1 0 0 1 0 0 0 1 0 1 0 1 1 0 0 0 1 1 1 0 0 0 0 1 1 0 0 1 1 0 1 0 0 1 1 0 0 1 1 0 1 0 1 1 1 1 1 0 1 0 1 1 0 0 1 0 1 0 1 0 1 1 1 1 1 0 0 1 0 0 0 1 0 1 1 1 0 1 1 1 0 1 0 1 1 0 1 1 1 ];
answers = [1 1 1 1 1 1 0 1 1 1 0 0 1 0 0 1 1 1 0 0 1 1 1 0 0 1 0 0 0 1 0 1 0 1 1 0 0 0 1 1 1 0 0 0 0 1 1 0 0 1 1 0 1 0 0 1 1 0 0 1 1 0 1 0 1 1 1 1 1 0 1 0 1 1 0 0 1 0 1 0 1 0 1 1 1 0 1 0 0 1 0 0 0 1 0 1 0 1 0 1 1 1 0 1 0 0 1 0 1 0 1 ];
adjustments = [-8 -8 -8 32 -4 -4 0 16 -2 -1 0 0 -1 0 0 -1 -1 -1 0 0 -1 -1 -1 0 0 -1 0 0 0 -1 0 -1 0 -1 -1 0 0 0 -1 -1 -1 0 0 0 0 -1 -1 0 0 -1 -1 0 -1 0 0 -1 -1 0 0 -1 -1 0 -1 0 -1 -1 -1 -1 -1 0 -1 0 -1 -1 0 0 -1 0 -1 0 -1 0 -1 -1 -1 3 -1 0 0 -1 0 0 0 -1 0 -1 3 -1 0 -1 -1 -1 0 -1 0 3 -1 0 -1 3 -1 ];

