target=0.50;discardreversals=2;startvalue=0.00;steps=[4  2  1];selfservice=0;
%parameters=icra1,65,re
threshold = [-4.00 ];
values = [0.00 -10.00 0.00 -5.00 -5.50 -6.00 -5.50 -4.00 -4.50 -3.00 -2.50 -3.00 -5.50 -5.00 -3.50 -4.00 -2.50 -3.00 -2.50 -5.00 ];
reversals = [0 1 -1 0 0 1 0 -1 1 0 -1 0 1 0 -1 1 -1 1 -1 1 ];
measures = [0 0 0 0 0 1 1 1 1 1 1 1 1 1 1 1 1 1 1 1 ];
presentations = [1 2 3 4 5 6 7 8 9 10 11 12 13 14 15 16 17 18 19 20 ];
answers = [5 0 5 3 3 2 1 3 1 2 3 5 2 1 3 1 3 2 5 2 ];
adjustments = [-10 10 -5 -0.5 -0.5 0.5 1.5 -0.5 1.5 0.5 -0.5 -2.5 0.5 1.5 -0.5 1.5 -0.5 0.5 -2.5 0.5 ];
sentences = {'05413' '68271' '26626' '23448' '02737' '94067' '51779' '67850' '89364' '18502' '72141' '15952' '76600' '90013' '37886' '80338' '44529' '51195' '43285' '39994' };
offsets = [17801 27606 12759 10918 14196 15893 1427 9483 10633 19957 14055 8597 16196 4951 19838 15777 12863 20888 7553 12216 ];

