target=0.50;discardreversals=2;startvalue=0.00;steps=[4  2  1];selfservice=0;
%parameters=icra5.250,65
threshold = [-6.00 ];
values = [0.00 -10.00 -8.00 -11.00 -9.50 -9.00 -8.50 -7.00 -5.50 -7.00 -7.50 -5.00 -2.50 -5.00 -6.50 -6.00 -5.50 -5.00 -4.50 -4.00 ];
reversals = [0 1 -1 1 0 0 0 0 -1 0 1 0 -1 0 1 0 0 0 0 -1 ];
measures = [0 0 0 1 1 1 1 1 1 1 1 1 1 1 1 1 1 1 1 1 ];
presentations = [1 2 3 4 5 6 7 8 9 10 11 12 13 14 15 16 17 18 19 20 ];
answers = [5 2 4 1 2 2 1 1 4 3 0 0 5 4 2 2 2 2 2 3 ];
adjustments = [-10 2 -3 1.5 0.5 0.5 1.5 1.5 -1.5 -0.5 2.5 2.5 -2.5 -1.5 0.5 0.5 0.5 0.5 0.5 -0.5 ];
sentences = {'76802' '00456' '39994' '33980' '67850' '24621' '61793' '18314' '52277' '05413' '80338' '47048' '26626' '72141' '18502' '94067' '51779' '95569' '89135' '43285' };
offsets = [562164 1601474 1526440 802353 2921047 875693 27444 1206257 1491092 4286985 3824165 3858246 2324821 1302096 3351487 2164875 1670663 4698964 1419796 1766653 ];

