target=0.50;discardreversals=2;startvalue=0.00;steps=[4  2  1];selfservice=0;
%parameters=quiet,65
threshold = [-29.25 ];
values = [0.00 -6.00 -16.00 -26.00 -36.00 -26.00 -27.00 -29.50 -31.00 -29.50 -29.00 -30.50 -31.00 -29.50 -29.00 -29.50 -29.00 -28.50 -27.00 -27.50 ];
reversals = [0 0 0 0 1 -1 0 0 1 0 -1 0 1 0 -1 1 0 0 -1 0 ];
measures = [0 0 0 0 0 0 0 0 1 1 1 1 1 1 1 1 1 1 1 1 ];
presentations = [1 2 3 4 5 6 7 8 9 10 11 12 13 14 15 16 17 18 19 20 ];
answers = [4 5 5 5 0 3 5 4 1 2 4 3 1 2 3 2 2 1 3 3 ];
adjustments = [-6 -10 -10 -10 10 -1 -2.5 -1.5 1.5 0.5 -1.5 -0.5 1.5 0.5 -0.5 0.5 0.5 1.5 -0.5 -0.5 ];
sentences = {'67850' '80338' '72141' '03676' '51779' '91451' '66127' '70565' '26626' '39994' '43285' '35209' '48832' '87713' '14040' '05413' '18502' '94067' '29394' '52988' };
offsets = [75859 9884 7198 58576 74034 57184 40664 31597 101627 77541 80917 58068 7821 28063 27848 2683 16149 34784 22452 18557 ];

