target=0.75;minreversals=12;discardreversals=4;minmeasures=14;startvalue=60.00;steps=[8  8  4  2];feedback=0;
%parameters=6000
threshold = [84.00 ];
threshold_dB_HL = [80.08 ];
threshold_dB_SPL = [84.00 ];
values = [92.00 84.00 76.00 100.00 100.00 92.00 92.00 92.00 92.00 88.00 88.00 88.00 88.00 88.00 88.00 84.00 84.00 80.00 92.00 92.00 90.00 90.00 90.00 90.00 88.00 88.00 88.00 88.00 86.00 84.00 84.00 84.00 84.00 84.00 82.00 82.00 88.00 88.00 86.00 84.00 84.00 84.00 82.00 82.00 88.00 86.00 84.00 84.00 82.00 82.00 82.00 82.00 82.00 88.00 94.00 92.00 92.00 90.00 88.00 88.00 88.00 88.00 88.00 86.00 86.00 86.00 84.00 82.00 82.00 82.00 80.00 86.00 86.00 ];
reversals = [0 0 1 0 -1 0 0 0 0 0 0 0 0 0 0 0 0 1 0 -1 0 0 0 0 0 0 0 0 0 0 0 0 0 0 0 1 0 -1 0 0 0 0 0 1 -1 0 0 0 0 0 0 0 1 0 -1 0 0 0 0 0 0 0 0 0 0 0 0 0 0 0 1 0 -1 ];
measures = [0 0 0 0 0 0 0 0 0 0 0 0 0 0 0 0 0 0 0 0 0 0 0 0 0 0 0 0 0 0 0 0 0 0 0 1 1 1 1 1 1 1 1 1 1 1 1 1 1 1 1 1 1 1 1 1 1 1 1 1 1 1 1 1 1 1 1 1 1 1 1 1 1 ];
presentations = [1 1 1 0 1 0 0 0 1 0 0 0 0 0 1 0 1 1 0 1 0 0 0 1 0 0 0 1 1 0 0 0 0 1 0 1 0 1 1 0 0 1 0 1 1 1 0 1 0 0 0 0 1 1 1 0 1 1 0 0 0 0 1 0 0 1 1 0 0 1 1 0 1 ];
answers = [1 1 0 0 1 0 0 0 1 0 0 0 0 0 1 0 1 0 0 1 0 0 0 1 0 0 0 1 1 0 0 0 0 1 0 0 0 1 1 0 0 1 0 0 1 1 0 1 0 0 0 0 0 0 1 0 1 1 0 0 0 0 1 0 0 1 1 0 0 1 0 0 1 ];
adjustments = [-8 -8 24 0 -8 0 0 0 -4 0 0 0 0 0 -4 0 -4 12 0 -2 0 0 0 -2 0 0 0 -2 -2 0 0 0 0 -2 0 6 0 -2 -2 0 0 -2 0 6 -2 -2 0 -2 0 0 0 0 6 6 -2 0 -2 -2 0 0 0 0 -2 0 0 -2 -2 0 0 -2 6 0 -2 ];

