target=0.50;discardreversals=2;startvalue=0.00;steps=[4  2  1];selfservice=0;
threshold = [-22.75 ];
values = [5.00 -5.00 -11.00 -21.00 -27.00 -17.00 -16.00 -19.00 -20.50 -23.00 -22.50 -25.00 -22.50 -23.00 -24.50 -25.00 -22.50 -25.00 -22.50 -21.00 ];
reversals = [0 0 0 0 1 0 -1 0 0 1 -1 1 -1 0 0 1 -1 1 0 -1 ];
measures = [0 0 0 0 0 0 0 0 0 1 1 1 1 1 1 1 1 1 1 1 ];
presentations = [1 2 3 4 5 6 7 8 9 10 11 12 13 14 15 16 17 18 19 20 ];
answers = [5 4 5 4 0 2 4 4 5 2 5 0 3 4 3 0 5 0 1 4 ];
adjustments = [-10 -6 -10 -6 10 1 -3 -1.5 -2.5 0.5 -2.5 2.5 -0.5 -1.5 -0.5 2.5 -2.5 2.5 1.5 -1.5 ];
sentences = {'66127' '89135' '52277' '24621' '33980' '48832' '03676' '35209' '70565' '00456' '29394' '14040' '18314' '61793' '87713' '47048' '52988' '91451' '76802' '95569' };
offsets = [49843 39107 28238 68941 52881 36593 88255 1657 69434 82135 47407 12431 42562 8597 42904 65847 67248 4389 21715 30573 ];

