target=0.50;discardreversals=2;startvalue=0.00;steps=[4  2  1];selfservice=0;
threshold = [-2.00 ];
values = [0.00 -6.00 4.00 -1.00 -2.50 -2.00 -1.50 -1.00 -2.50 -2.00 -1.50 0.00 0.50 -1.00 -1.50 -2.00 -0.50 -2.00 -2.50 -3.00 ];
reversals = [0 1 -1 0 1 0 0 -1 1 0 0 0 -1 0 0 1 -1 0 0 1 ];
measures = [0 0 0 0 1 1 1 1 1 1 1 1 1 1 1 1 1 1 1 1 ];
presentations = [1 2 3 4 5 6 7 8 9 10 11 12 13 14 15 16 17 18 19 20 ];
answers = [4 0 5 4 2 2 2 4 2 2 1 2 4 3 3 1 4 3 3 1 ];
adjustments = [-6 10 -5 -1.5 0.5 0.5 0.5 -1.5 0.5 0.5 1.5 0.5 -1.5 -0.5 -0.5 1.5 -1.5 -0.5 -0.5 1.5 ];
sentences = {'55025' '87263' '03491' '99308' '22586' '76802' '41634' '16140' '24621' '47048' '89135' '61793' '30757' '74972' '33980' '68819' '52277' '95569' '00456' '18314' };
offsets = [4292 10155 3070 11670 21511 330 31054 7199 1444 25000 26393 17023 4671 1379 15432 34059 10604 5065 34962 1566 ];

