target=0.50;discardreversals=2;startvalue=0.00;steps=[4  2  1];selfservice=0;
threshold = [-2.00 ];
values = [0.00 2.00 -8.00 -3.00 -1.50 -1.00 -0.50 -2.00 -0.50 -1.00 -2.50 -1.00 -3.50 -5.00 -2.50 -3.00 -2.50 -1.00 -0.50 1.00 ];
reversals = [0 -1 1 0 0 0 -1 1 -1 0 1 -1 0 1 -1 1 0 0 0 -1 ];
measures = [0 0 0 0 0 0 1 1 1 1 1 1 1 1 1 1 1 1 1 1 ];
presentations = [1 2 3 4 5 6 7 8 9 10 11 12 13 14 15 16 17 18 19 20 ];
answers = [2 5 0 1 2 2 4 1 3 4 1 5 4 0 3 2 1 2 1 4 ];
adjustments = [2 -10 5 1.5 0.5 0.5 -1.5 1.5 -0.5 -1.5 1.5 -2.5 -1.5 2.5 -0.5 0.5 1.5 0.5 1.5 -1.5 ];
sentences = {'29744' '07970' '69444' '50976' '51417' '98162' '77705' '34226' '95162' '21080' '63558' '10681' '44697' '85813' '06251' '78835' '46393' '82009' '33528' '12339' };
offsets = [9021 22912 7627 280 18040 14533 16533 16696 11734 26380 24757 6029 25028 10456 20702 33334 22334 18433 36658 6185 ];

