target=0.50;discardreversals=2;startvalue=0.00;steps=[4  2  1];selfservice=0;
threshold = [0.50 ];
values = [0.00 10.00 0.00 3.00 0.50 2.00 1.50 0.00 -1.50 -2.00 -1.50 0.00 -2.50 -4.00 -2.50 -1.00 1.50 -1.00 0.50 1.00 ];
reversals = [0 -1 1 -1 1 -1 0 0 0 1 0 -1 0 1 0 0 -1 1 0 -1 ];
measures = [0 0 0 1 1 1 1 1 1 1 1 1 1 1 1 1 1 1 1 1 ];
presentations = [1 2 3 4 5 6 7 8 9 10 11 12 13 14 15 16 17 18 19 20 ];
answers = [0 5 1 5 1 3 4 4 3 2 1 5 4 1 1 0 5 1 2 4 ];
adjustments = [10 -10 3 -2.5 1.5 -0.5 -1.5 -1.5 -0.5 0.5 1.5 -2.5 -1.5 1.5 1.5 2.5 -2.5 1.5 0.5 -1.5 ];
sentences = {'03262' '44697' '77705' '24318' '48835' '50976' '31601' '77974' '85813' '15149' '59026' '33528' '69444' '66553' '12339' '98162' '82487' '90790' '06251' '21080' };
offsets = [22206 16604 4757 16263 14525 20150 26504 13197 1759 6069 16729 4461 17656 5367 898 21851 4273 5708 19923 23088 ];

