target=0.50;discardreversals=2;startvalue=0.00;steps=[4  2  1];selfservice=0;
threshold = [-2.25 ];
values = [0.00 -2.00 4.00 3.00 0.50 -2.00 -4.50 -3.00 -2.50 0.00 -2.50 -2.00 -3.50 -2.00 -2.50 -3.00 -0.50 -2.00 -4.50 -2.00 ];
reversals = [0 1 -1 0 0 0 1 0 0 -1 1 -1 1 -1 0 1 -1 0 1 -1 ];
measures = [0 0 0 0 0 0 1 1 1 1 1 1 1 1 1 1 1 1 1 1 ];
presentations = [1 2 3 4 5 6 7 8 9 10 11 12 13 14 15 16 17 18 19 20 ];
answers = [3 1 3 5 5 5 1 2 0 5 2 4 1 3 3 0 4 5 0 4 ];
adjustments = [-2 6 -1 -2.5 -2.5 -2.5 1.5 0.5 2.5 -2.5 0.5 -1.5 1.5 -0.5 -0.5 2.5 -1.5 -2.5 2.5 -1.5 ];
sentences = {'76600' '08168' '45923' '23448' '44529' '87470' '51195' '68271' '90013' '15952' '89364' '02737' '11755' '36514' '22336' '37886' '54841' '70287' '93692' '69009' };
offsets = [16910 2588 366 17967 24199 16557 5013 29584 7734 6518 4916 1603 3623 35445 12309 6537 938 2086 22506 3691 ];

