target=0.50;discardreversals=2;startvalue=0.00;steps=[4  2  1];selfservice=0;
threshold = [-0.50 ];
values = [0.00 10.00 0.00 -5.00 0.00 1.50 3.00 1.50 -1.00 -0.50 -3.00 -0.50 -2.00 -1.50 1.00 0.50 2.00 1.50 1.00 -0.50 ];
reversals = [0 -1 0 1 0 0 -1 0 1 -1 1 -1 1 0 -1 1 -1 0 0 0 ];
measures = [0 0 0 0 0 0 1 1 1 1 1 1 1 1 1 1 1 1 1 1 ];
presentations = [1 2 3 4 5 6 7 8 9 10 11 12 13 14 15 16 17 18 19 20 ];
answers = [0 5 5 0 1 1 4 5 2 5 0 4 2 0 3 1 3 3 4 3 ];
adjustments = [10 -10 -5 5 1.5 1.5 -1.5 -2.5 0.5 -2.5 2.5 -1.5 0.5 2.5 -0.5 1.5 -0.5 -0.5 -1.5 -0.5 ];
sentences = {'41634' '66553' '55025' '31601' '82487' '99308' '03491' '59026' '87263' '22586' '48835' '24318' '74972' '16140' '03262' '77974' '30757' '68819' '90790' '15149' };
offsets = [20988 35868 11463 16319 6262 17924 15150 23668 19740 1672 33794 26452 12218 19591 1634 10377 699 41220 7424 825 ];

