target=0.50;discardreversals=2;startvalue=0.00;steps=[4  2  1];selfservice=0;
threshold = [-7.00 ];
values = [0.00 -6.00 -12.00 -10.00 -9.00 -12.00 -11.50 -9.00 -8.50 -8.00 -6.50 -7.00 -7.50 -6.00 -6.50 -7.00 -6.50 -6.00 -7.50 -7.00 ];
reversals = [0 0 1 0 -1 1 0 0 0 0 -1 0 1 -1 0 1 0 -1 1 -1 ];
measures = [0 0 0 0 0 1 1 1 1 1 1 1 1 1 1 1 1 1 1 1 ];
presentations = [1 2 3 4 5 6 7 8 9 10 11 12 13 14 15 16 17 18 19 20 ];
answers = [4 4 2 2 4 2 0 2 2 1 3 3 1 3 3 2 2 4 2 5 ];
adjustments = [-6 -6 2 1 -3 0.5 2.5 0.5 0.5 1.5 -0.5 -0.5 1.5 -0.5 -0.5 0.5 0.5 -1.5 0.5 -2.5 ];
sentences = {'47048' '18314' '98162' '33980' '85813' '76802' '21080' '12339' '44697' '77705' '52277' '61793' '24621' '89135' '00456' '06251' '69444' '95569' '33528' '50976' };
offsets = [3680746 1621265 2051379 3064480 2327975 2439365 208761 3684431 1431996 1181638 987710 1934506 3577433 3834579 3286559 753339 1897117 3999822 23515 612924 ];

