target=0.50;discardreversals=2;startvalue=0.00;steps=[4  2  1];selfservice=0;
threshold = [-20.00 ];
values = [5.00 -5.00 -15.00 -25.00 -19.00 -22.00 -21.50 -19.00 -20.50 -19.00 -16.50 -15.00 -16.50 -19.00 -19.50 -20.00 -18.50 -20.00 -21.50 -22.00 ];
reversals = [0 0 0 1 -1 1 0 -1 1 0 0 -1 0 0 0 1 -1 0 0 1 ];
measures = [0 0 0 0 0 1 1 1 1 1 1 1 1 1 1 1 1 1 1 1 ];
presentations = [1 2 3 4 5 6 7 8 9 10 11 12 13 14 15 16 17 18 19 20 ];
answers = [5 5 5 1 4 2 0 4 1 0 1 4 5 3 3 1 4 4 3 0 ];
adjustments = [-10 -10 -10 6 -3 0.5 2.5 -1.5 1.5 2.5 1.5 -1.5 -2.5 -0.5 -0.5 1.5 -1.5 -1.5 -0.5 2.5 ];
sentences = {'52988' '70565' '87713' '59026' '90790' '66553' '31601' '29394' '14040' '91451' '66127' '77974' '82487' '03676' '03262' '48832' '15149' '35209' '24318' '48835' };
offsets = [36406 10360 51914 32338 15211 38653 66450 11687 26706 61655 82132 22136 60220 99708 45546 37925 53043 36229 37310 64220 ];

