target=0.50;discardreversals=2;startvalue=0.00;steps=[4  2  1];selfservice=0;
threshold = [-1.50 ];
values = [0.00 -10.00 0.00 -5.00 -2.50 -1.00 -1.50 -4.00 -1.50 -3.00 -1.50 -3.00 -2.50 0.00 -2.50 -3.00 -0.50 -1.00 0.50 -2.00 ];
reversals = [0 1 -1 1 0 -1 0 1 -1 1 -1 1 0 -1 0 1 -1 1 -1 0 ];
measures = [0 0 0 1 1 1 1 1 1 1 1 1 1 1 1 1 1 1 1 1 ];
presentations = [1 2 3 4 5 6 7 8 9 10 11 12 13 14 15 16 17 18 19 20 ];
answers = [5 0 5 0 1 3 5 0 4 1 4 2 0 5 3 0 3 1 5 4 ];
adjustments = [-10 10 -5 2.5 1.5 -0.5 -2.5 2.5 -1.5 1.5 -1.5 0.5 2.5 -2.5 -0.5 2.5 -0.5 1.5 -2.5 -1.5 ];
sentences = {'23081' '86800' '92629' '03262' '48835' '31601' '24318' '65555' '15149' '34994' '18348' '51437' '09216' '70762' '82487' '77974' '59026' '47173' '90790' '66553' };
offsets = [11373 18768 29826 16935 15456 11638 1049 2733 8177 19934 7883 17112 32910 645 13429 1286 1013 6892 4103 27659 ];

