target=0.50;discardreversals=2;startvalue=0.00;steps=[4  2  1];selfservice=0;
threshold = [-5.50 ];
values = [0.00 2.00 0.00 -5.00 -8.00 -9.00 -10.00 -13.00 -8.00 -6.50 -7.00 -5.50 -8.00 -6.50 -4.00 -5.50 -3.00 -5.50 -5.00 -6.50 ];
reversals = [0 -1 0 0 0 0 0 1 0 -1 1 -1 1 0 -1 1 -1 1 -1 0 ];
measures = [0 0 0 0 0 0 0 0 0 1 1 1 1 1 1 1 1 1 1 1 ];
presentations = [1 2 3 4 5 6 7 8 9 10 11 12 13 14 15 16 17 18 19 20 ];
answers = [2 3 5 4 3 3 4 0 1 3 1 5 1 0 4 0 5 2 4 3 ];
adjustments = [2 -2 -5 -3 -1 -1 -3 5 1.5 -0.5 1.5 -2.5 1.5 2.5 -1.5 2.5 -2.5 0.5 -1.5 -0.5 ];
sentences = {'91451' '48832' '95569' '66127' '14040' '33980' '76802' '29394' '61793' '87713' '18314' '70565' '89135' '00456' '35209' '52277' '47048' '03676' '24621' '52988' };
offsets = [43465 4450755 4227553 2308382 1514497 3317094 135686 3391225 3435483 984100 1661337 2552454 2553288 11929 4060924 1193126 935825 4430200 112333 4469792 ];

