target=0.50;discardreversals=2;startvalue=0.00;steps=[4  2  1];selfservice=0;
threshold = [-4.75 ];
values = [0.00 -2.00 0.00 -5.00 -2.50 -3.00 -4.50 -4.00 -2.50 -4.00 -6.50 -4.00 -5.50 -6.00 -3.50 -6.00 -5.50 -6.00 -3.50 -3.00 ];
reversals = [0 1 -1 1 -1 0 1 0 -1 0 1 -1 0 1 -1 1 -1 1 0 -1 ];
measures = [0 0 0 1 1 1 1 1 1 1 1 1 1 1 1 1 1 1 1 1 ];
presentations = [1 2 3 4 5 6 7 8 9 10 11 12 13 14 15 16 17 18 19 20 ];
answers = [3 2 5 0 3 4 2 1 4 5 0 4 3 0 5 2 3 0 2 4 ];
adjustments = [-2 2 -5 2.5 -0.5 -1.5 0.5 1.5 -1.5 -2.5 2.5 -1.5 -0.5 2.5 -2.5 0.5 -0.5 2.5 0.5 -1.5 ];
sentences = {'98162' '45923' '85813' '22336' '08168' '12339' '44697' '11755' '69444' '70287' '06251' '69009' '21080' '93692' '36514' '77705' '50976' '33528' '54841' '87470' };
offsets = [2588428 688242 2780945 351382 520035 4782677 2779277 1963683 3800786 1445683 1211285 3045609 4719908 4663775 2082832 4397468 66458 4093556 2784105 2620896 ];

