target=0.50;discardreversals=2;startvalue=0.00;steps=[4  2  1];selfservice=0;
threshold = [-4.00 ];
values = [0.00 2.00 -4.00 -1.00 0.50 -1.00 -2.50 -2.00 -4.50 -4.00 -6.50 -8.00 -5.50 -8.00 -6.50 -5.00 -2.50 -4.00 -4.50 -4.00 ];
reversals = [0 -1 1 0 -1 0 1 -1 1 -1 0 1 -1 1 0 0 -1 0 1 -1 ];
measures = [0 0 0 0 1 1 1 1 1 1 1 1 1 1 1 1 1 1 1 1 ];
presentations = [1 2 3 4 5 6 7 8 9 10 11 12 13 14 15 16 17 18 19 20 ];
answers = [2 4 1 1 4 4 2 5 2 5 4 0 5 1 1 0 4 3 2 3 ];
adjustments = [2 -6 3 1.5 -1.5 -1.5 0.5 -2.5 0.5 -2.5 -1.5 2.5 -2.5 1.5 1.5 2.5 -1.5 -0.5 0.5 -0.5 ];
sentences = {'18502' '51779' '00456' '43285' '95569' '18314' '94067' '26626' '05413' '52277' '39994' '72141' '76802' '47048' '61793' '33980' '80338' '67850' '24621' '89135' };
offsets = [1090266 4606273 2113764 3345936 835573 2569295 2080083 941042 1908532 2079368 1490497 2339875 1033519 1430355 3316745 185001 3549341 2501292 1134820 4534425 ];

