target=0.50;discardreversals=2;startvalue=0.00;steps=[4  2  1];selfservice=0;
threshold = [3.00 ];
values = [0.00 -6.00 -4.00 1.00 4.00 5.00 0.00 2.50 5.00 5.50 3.00 3.50 3.00 1.50 3.00 4.50 7.00 5.50 4.00 2.50 ];
reversals = [0 1 0 0 0 -1 1 0 0 -1 1 -1 0 1 0 0 -1 0 0 1 ];
measures = [0 0 0 0 0 0 1 1 1 1 1 1 1 1 1 1 1 1 1 1 ];
presentations = [1 2 3 4 5 6 7 8 9 10 11 12 13 14 15 16 17 18 19 20 ];
answers = [4 2 0 1 2 5 0 0 2 5 2 3 4 1 1 0 4 4 4 1 ];
adjustments = [-6 2 5 3 1 -5 2.5 2.5 0.5 -2.5 0.5 -0.5 -1.5 1.5 1.5 2.5 -1.5 -1.5 -1.5 1.5 ];
sentences = {'34226' '78835' '82009' '54841' '93692' '07970' '46393' '69009' '63558' '87470' '29744' '95162' '10681' '22336' '08168' '51417' '36514' '45923' '70287' '11755' };
offsets = [161 4656 18270 4252 22597 13753 36080 14003 2784 13692 11739 2185 8276 536 30769 9474 14878 1241 22824 7383 ];

