target=0.50;discardreversals=2;startvalue=0.00;steps=[4  2  1];selfservice=0;
threshold = [2.50 ];
values = [0.00 10.00 8.00 3.00 4.00 3.50 1.00 2.50 2.00 -0.50 1.00 3.50 3.00 0.50 3.00 5.50 6.00 5.50 3.00 0.50 ];
reversals = [0 -1 0 1 -1 0 1 -1 0 1 0 -1 0 1 0 0 -1 0 0 0 ];
measures = [0 0 0 0 1 1 1 1 1 1 1 1 1 1 1 1 1 1 1 1 ];
presentations = [1 2 3 4 5 6 7 8 9 10 11 12 13 14 15 16 17 18 19 20 ];
answers = [0 3 5 2 3 5 1 3 5 1 0 3 5 0 0 2 3 5 5 4 ];
adjustments = [10 -2 -5 1 -0.5 -2.5 1.5 -0.5 -2.5 1.5 2.5 -0.5 -2.5 2.5 2.5 0.5 -0.5 -2.5 -2.5 -1.5 ];
sentences = {'63558' '29744' '24621' '61793' '82009' '10681' '89135' '34226' '07970' '33980' '76802' '46393' '95162' '00456' '51417' '78835' '18314' '47048' '52277' '95569' };
offsets = [4108158 1766679 4582952 2640321 1735101 991324 3230083 3811244 1519132 2050661 4233464 1000548 3126846 4428452 2945786 1605741 1960422 3466643 1281482 1619060 ];

