target=0.50;discardreversals=2;startvalue=0.00;steps=[4  2  1];selfservice=0;
threshold = [1.50 ];
values = [0.00 10.00 8.00 3.00 -2.00 -1.00 1.50 1.00 1.50 0.00 1.50 1.00 -0.50 2.00 4.50 2.00 4.50 3.00 1.50 4.00 ];
reversals = [0 -1 0 0 1 0 -1 1 -1 1 -1 0 1 0 -1 1 -1 0 1 -1 ];
measures = [0 0 0 0 0 0 1 1 1 1 1 1 1 1 1 1 1 1 1 1 ];
presentations = [1 2 3 4 5 6 7 8 9 10 11 12 13 14 15 16 17 18 19 20 ];
answers = [0 3 5 5 2 0 3 2 4 1 3 4 0 0 5 0 4 4 0 3 ];
adjustments = [10 -2 -5 -5 1 2.5 -0.5 0.5 -1.5 1.5 -0.5 -1.5 2.5 2.5 -2.5 2.5 -1.5 -1.5 2.5 -0.5 ];
sentences = {'78835' '76600' '90013' '82009' '95162' '89364' '46393' '68271' '37886' '51417' '23448' '10681' '44529' '51195' '07970' '02737' '63558' '15952' '34226' '29744' };
offsets = [3799527 3766448 2926411 874003 151115 4137091 3238836 3650768 2420451 1042004 136452 4050557 901770 1158597 1795654 2604484 4003679 1465679 195943 3180957 ];

