target=0.50;discardreversals=2;startvalue=0.00;steps=[4  2  1];selfservice=0;
threshold = [0.00 ];
values = [0.00 -2.00 8.00 3.00 2.50 2.00 4.50 4.00 3.50 3.00 1.50 0.00 2.50 1.00 -1.50 1.00 -0.50 0.00 -0.50 0.00 ];
reversals = [0 1 -1 0 0 1 -1 0 0 0 0 1 -1 0 1 -1 1 -1 1 0 ];
measures = [0 0 0 0 0 1 1 1 1 1 1 1 1 1 1 1 1 1 1 1 ];
presentations = [1 2 3 4 5 6 7 8 9 10 11 12 13 14 15 16 17 18 19 20 ];
answers = [3 0 5 3 3 0 3 3 3 4 4 0 4 5 0 4 2 3 2 0 ];
adjustments = [-2 10 -5 -0.5 -0.5 2.5 -0.5 -0.5 -0.5 -1.5 -1.5 2.5 -1.5 -2.5 2.5 -1.5 0.5 -0.5 0.5 2.5 ];
sentences = {'24318' '95569' '66553' '77974' '61793' '47048' '31601' '48835' '33980' '76802' '59026' '15149' '52277' '82487' '18314' '89135' '00456' '03262' '24621' '90790' };
offsets = [18424 20159 30734 19546 2086 21106 27197 239 26630 36098 9912 8644 16920 7827 3949 31661 6987 30626 8102 9264 ];

