target=0.50;discardreversals=2;startvalue=0.00;steps=[4  2  1];selfservice=0;
threshold = [-11.00 ];
values = [5.00 7.00 -3.00 -4.00 -1.00 -0.50 -3.00 -5.50 -8.00 -9.50 -11.00 -9.50 -11.00 -11.50 -14.00 -15.50 -16.00 -16.50 -17.00 -16.50 ];
reversals = [0 -1 0 1 0 -1 0 0 0 0 1 -1 0 0 0 0 0 0 1 -1 ];
measures = [0 0 0 0 0 1 1 1 1 1 1 1 1 1 1 1 1 1 1 1 ];
presentations = [1 2 3 4 5 6 7 8 9 10 11 12 13 14 15 16 17 18 19 20 ];
answers = [2 5 3 1 2 5 5 5 4 4 1 4 3 5 4 3 3 3 2 4 ];
adjustments = [2 -10 -1 3 0.5 -2.5 -2.5 -2.5 -1.5 -1.5 1.5 -1.5 -0.5 -2.5 -1.5 -0.5 -0.5 -0.5 0.5 -1.5 ];
sentences = {'03262' '50976' '24318' '06251' '66553' '77705' '15149' '77974' '21080' '12339' '48835' '33528' '31601' '59026' '82487' '85813' '44697' '69444' '98162' '90790' };
offsets = [50013 67330 9088 68626 43567 69276 30236 49849 5510 41017 72511 95594 95375 11963 38013 39360 66412 63401 46261 20921 ];

