target=0.50;discardreversals=2;startvalue=0.00;steps=[4  2  1];selfservice=0;
threshold = [2.00 ];
values = [0.00 10.00 12.00 2.00 -3.00 2.00 0.50 2.00 0.50 3.00 1.50 2.00 0.50 -1.00 1.50 3.00 2.50 3.00 0.50 2.00 ];
reversals = [0 0 -1 0 1 -1 1 -1 1 -1 1 -1 0 1 0 -1 1 -1 1 0 ];
measures = [0 0 0 0 0 1 1 1 1 1 1 1 1 1 1 1 1 1 1 1 ];
presentations = [1 2 3 4 5 6 7 8 9 10 11 12 13 14 15 16 17 18 19 20 ];
answers = [0 2 5 5 0 4 1 4 0 4 2 4 4 0 1 3 2 5 1 1 ];
adjustments = [10 2 -10 -5 5 -1.5 1.5 -1.5 2.5 -1.5 0.5 -1.5 -1.5 2.5 1.5 -0.5 0.5 -2.5 1.5 1.5 ];
sentences = {'03491' '55025' '33980' '24621' '74972' '99308' '16140' '00456' '41634' '52277' '61793' '68819' '22586' '87263' '76802' '18314' '89135' '95569' '47048' '30757' };
offsets = [13345 18439 21090 16875 6216 10887 5135 31267 19052 8834 9270 1906 26642 169 40064 27499 28936 18535 26501 4563 ];

