target=0.50;discardreversals=2;startvalue=0.00;steps=[4  2  1];selfservice=0;
%parameters=icra1,65
threshold = [-3.00 ];
values = [0.00 -2.00 -8.00 2.00 -3.00 -4.50 -2.00 -4.50 -3.00 -2.50 0.00 -2.50 -3.00 -1.50 -4.00 -4.50 -2.00 -0.50 -3.00 -2.50 ];
reversals = [0 0 1 -1 0 1 -1 1 0 0 -1 0 1 -1 0 1 0 -1 1 0 ];
measures = [0 0 0 0 0 1 1 1 1 1 1 1 1 1 1 1 1 1 1 1 ];
presentations = [1 2 3 4 5 6 7 8 9 10 11 12 13 14 15 16 17 18 19 20 ];
answers = [3 4 0 5 4 0 5 1 2 0 5 3 1 5 3 0 1 5 2 2 ];
adjustments = [-2 -6 10 -5 -1.5 2.5 -2.5 1.5 0.5 2.5 -2.5 -0.5 1.5 -2.5 -0.5 2.5 1.5 -2.5 0.5 0.5 ];
sentences = {'89135' '37886' '68271' '90013' '52277' '95569' '00456' '15952' '02737' '47048' '23448' '51195' '76802' '24621' '33980' '44529' '89364' '18314' '61793' '76600' };
offsets = [24378 8236 33370 5798 2063 2242 10596 5447 11720 28189 3835 10073 10916 16580 14306 34928 8435 3061 16323 16693 ];

