target=0.75;minreversals=12;discardreversals=4;minmeasures=14;startvalue=75.00;steps=[8  4  4  2  1];feedback=0;
%parameters=1000,0.00,50
threshold = [72.50 ];
values = [75.00 99.00 91.00 87.00 83.00 79.00 79.00 75.00 75.00 75.00 75.00 71.00 67.00 79.00 79.00 75.00 75.00 73.00 73.00 71.00 69.00 67.00 73.00 72.00 71.00 70.00 73.00 73.00 76.00 75.00 74.00 73.00 72.00 71.00 71.00 71.00 71.00 74.00 74.00 73.00 72.00 72.00 71.00 70.00 70.00 70.00 70.00 73.00 72.00 72.00 ];
reversals = [0 -1 0 0 0 0 0 0 0 0 0 0 1 0 -1 0 0 0 0 0 0 1 -1 0 0 1 0 0 -1 0 0 0 0 0 0 0 1 0 -1 0 0 0 0 0 0 0 1 -1 0 1 ];
measures = [0 0 0 0 0 0 0 0 0 0 0 0 0 0 0 0 0 0 0 0 0 0 1 1 1 1 1 1 1 1 1 1 1 1 1 1 1 1 1 1 1 1 1 1 1 1 1 1 1 1 ];
presentations = [1 1 1 1 1 0 1 0 0 0 1 1 1 0 1 0 1 0 1 1 1 1 1 1 1 1 0 1 1 1 1 1 1 0 0 0 1 0 1 1 0 1 1 0 0 0 1 1 0 1 ];
answers = [0 1 1 1 1 0 1 0 0 0 1 1 0 0 1 0 1 0 1 1 1 0 1 1 1 0 0 0 1 1 1 1 1 0 0 0 0 0 1 1 0 1 1 0 0 0 0 1 0 0 ];
adjustments = [24 -8 -4 -4 -4 0 -4 0 0 0 -4 -4 12 0 -4 0 -2 0 -2 -2 -2 6 -1 -1 -1 3 0 3 -1 -1 -1 -1 -1 0 0 0 3 0 -1 -1 0 -1 -1 0 0 0 3 -1 0 3 ];

