target=0.50;discardreversals=2;startvalue=0.00;steps=[4  2  1];selfservice=0;
%parameters=babble,65
threshold = [-0.25 ];
values = [0.00 -6.00 4.00 -1.00 -1.50 -2.00 -1.50 0.00 0.50 -2.00 -0.50 0.00 1.50 1.00 0.50 0.00 0.50 -1.00 -0.50 -1.00 ];
reversals = [0 1 -1 0 0 1 0 0 -1 1 0 0 -1 0 0 1 -1 1 -1 0 ];
measures = [0 0 0 0 0 1 1 1 1 1 1 1 1 1 1 1 1 1 1 1 ];
presentations = [1 2 3 4 5 6 7 8 9 10 11 12 13 14 15 16 17 18 19 20 ];
answers = [4 0 5 3 3 2 1 2 5 1 2 1 3 3 3 2 4 2 3 4 ];
adjustments = [-6 10 -5 -0.5 -0.5 0.5 1.5 0.5 -2.5 1.5 0.5 1.5 -0.5 -0.5 -0.5 0.5 -1.5 0.5 -0.5 -1.5 ];
sentences = {'09216' '18348' '15149' '24318' '03262' '48835' '86800' '59026' '65555' '77974' '82487' '47173' '31601' '70762' '34994' '51437' '92629' '66553' '23081' '90790' };
offsets = [19124 23995 6499 34572 9050 23108 22210 1632 18091 24248 18084 29748 41909 7643 23268 31502 20523 8763 28755 3528 ];

