target=0.50;discardreversals=2;startvalue=0.00;steps=[4  2  1];selfservice=0;
%parameters=icra1,65,re
threshold = [-3.00 ];
values = [0.00 2.00 4.00 -6.00 -1.00 -3.50 -4.00 -5.50 -3.00 -2.50 -2.00 -0.50 -3.00 -4.50 -2.00 -1.50 -2.00 -3.50 -6.00 -3.50 ];
reversals = [0 0 -1 1 -1 0 0 1 0 0 0 -1 0 1 0 -1 0 0 1 0 ];
measures = [0 0 0 0 1 1 1 1 1 1 1 1 1 1 1 1 1 1 1 1 ];
presentations = [1 2 3 4 5 6 7 8 9 10 11 12 13 14 15 16 17 18 19 20 ];
answers = [2 2 5 0 5 3 4 0 2 2 1 5 4 0 2 3 4 5 0 0 ];
adjustments = [2 2 -10 5 -2.5 -0.5 -1.5 2.5 0.5 0.5 1.5 -2.5 -1.5 2.5 0.5 -0.5 -1.5 -2.5 2.5 2.5 ];
sentences = {'36514' '48835' '90790' '59026' '24318' '45923' '11755' '03262' '87470' '22336' '77974' '15149' '66553' '31601' '08168' '82487' '93692' '70287' '54841' '69009' };
offsets = [6541 1941 8267 27871 2322 2227 2633 27810 17780 21774 7995 262 37104 2391 29428 9323 4880 2682 9099 24737 ];

