target=0.50;discardreversals=2;startvalue=0.00;steps=[4  2  1];selfservice=0;
%parameters=icra1,59
threshold = [-4.50 ];
values = [0.00 -6.00 4.00 -1.00 -2.50 -4.00 -5.50 -6.00 -3.50 -3.00 -3.50 -5.00 -2.50 -4.00 -4.50 -4.00 -2.50 -5.00 -3.50 -5.00 ];
reversals = [0 1 -1 0 0 0 0 1 0 -1 0 1 -1 0 1 0 -1 1 -1 1 ];
measures = [0 0 0 0 0 0 0 1 1 1 1 1 1 1 1 1 1 1 1 1 ];
presentations = [1 2 3 4 5 6 7 8 9 10 11 12 13 14 15 16 17 18 19 20 ];
answers = [4 0 5 4 4 4 3 0 2 3 4 0 4 3 2 1 5 1 4 0 ];
adjustments = [-6 10 -5 -1.5 -1.5 -1.5 -0.5 2.5 0.5 -0.5 -1.5 2.5 -1.5 -0.5 0.5 1.5 -2.5 1.5 -1.5 2.5 ];
sentences = {'93692' '70287' '15952' '02737' '44529' '22336' '69009' '36514' '89364' '08168' '45923' '37886' '76600' '11755' '23448' '51195' '90013' '87470' '68271' '54841' };
offsets = [18063 10077 4829 20311 31907 18006 14463 36555 11935 29456 18482 2188 31654 5041 10307 14042 26773 4173 35368 12358 ];

