target=0.50;discardreversals=2;startvalue=0.00;steps=[4  2  1];selfservice=0;
%parameters=icra5.250,65,re
threshold = [-6.50 ];
values = [0.00 -6.00 -16.00 -6.00 -3.00 -8.00 -6.50 -7.00 -6.50 -6.00 -7.50 -8.00 -5.50 -6.00 -6.50 -6.00 -8.50 -6.00 -5.50 -8.00 ];
reversals = [0 0 1 0 -1 1 -1 1 0 -1 0 1 -1 0 1 -1 1 0 -1 1 ];
measures = [0 0 0 0 0 1 1 1 1 1 1 1 1 1 1 1 1 1 1 1 ];
presentations = [1 2 3 4 5 6 7 8 9 10 11 12 13 14 15 16 17 18 19 20 ];
answers = [4 5 0 1 5 1 3 2 2 4 3 0 3 3 2 5 0 2 5 2 ];
adjustments = [-6 -10 10 3 -5 1.5 -0.5 0.5 0.5 -1.5 -0.5 2.5 -0.5 -0.5 0.5 -2.5 2.5 0.5 -2.5 0.5 ];
sentences = {'59026' '51195' '48835' '02737' '90013' '15952' '44529' '82487' '89364' '76600' '37886' '31601' '15149' '03262' '24318' '77974' '66553' '23448' '90790' '68271' };
offsets = [3816475 1658168 3006650 3760759 4020608 4182857 2263187 3405548 2387116 1120077 4054412 2346154 3051903 4530597 2530646 2069615 1906837 3210853 274733 1418803 ];

