target=0.50;discardreversals=2;startvalue=0.00;steps=[4  2  1];selfservice=0;
%parameters=icra5.250,65,train
threshold = [-5.50 ];
values = [0.00 2.00 8.00 -2.00 3.00 1.50 -1.00 -1.50 -1.00 -2.50 -4.00 -5.50 -4.00 -1.50 -3.00 -3.50 -6.00 -5.50 -6.00 -5.50 ];
reversals = [0 0 -1 1 -1 0 0 1 -1 0 0 1 0 -1 0 0 1 -1 1 -1 ];
measures = [0 0 0 0 1 1 1 1 1 1 1 1 1 1 1 1 1 1 1 1 ];
presentations = [1 2 3 4 5 6 7 8 9 10 11 12 13 14 15 16 17 18 19 20 ];
answers = [2 1 5 0 4 5 3 2 4 4 4 1 0 4 3 5 2 3 2 3 ];
adjustments = [2 6 -10 5 -1.5 -2.5 -0.5 0.5 -1.5 -1.5 -1.5 1.5 2.5 -1.5 -0.5 -2.5 0.5 -0.5 0.5 -0.5 ];
sentences = {'76600' '51195' '36514' '08168' '93692' '37886' '45923' '89364' '22336' '54841' '90013' '68271' '44529' '23448' '11755' '70287' '87470' '69009' '02737' '15952' };
offsets = [1876086 1342896 1440027 976799 4522892 1236163 431914 4700298 461893 3142414 4199747 391658 1904660 276303 2378799 1760184 3709816 4099993 4636834 1673464 ];

