target=0.75;minreversals=12;discardreversals=4;minmeasures=14;startvalue=70.00;steps=[8  8  4  2];feedback=0;
%parameters=6000
threshold = [63.00 ];
threshold_dB_HL = [59.08 ];
threshold_dB_SPL = [63.00 ];
values = [86.00 78.00 70.00 62.00 94.00 94.00 94.00 94.00 86.00 86.00 82.00 78.00 74.00 74.00 74.00 74.00 74.00 70.00 70.00 66.00 66.00 62.00 62.00 58.00 70.00 70.00 70.00 70.00 68.00 68.00 66.00 66.00 64.00 62.00 62.00 62.00 60.00 58.00 58.00 58.00 64.00 62.00 62.00 60.00 60.00 60.00 60.00 58.00 58.00 58.00 64.00 62.00 60.00 60.00 60.00 60.00 58.00 64.00 62.00 68.00 66.00 64.00 ];
reversals = [0 0 0 1 0 0 0 -1 0 0 0 0 0 0 0 0 0 0 0 0 0 0 0 1 0 0 0 -1 0 0 0 0 0 0 0 0 0 0 0 1 -1 0 0 0 0 0 0 0 0 1 -1 0 0 0 0 0 1 -1 1 -1 0 0 ];
measures = [0 0 0 0 0 0 0 0 0 0 0 0 0 0 0 0 0 0 0 0 0 0 0 0 0 0 0 0 0 0 0 0 0 0 0 0 0 0 0 1 1 1 1 1 1 1 1 1 1 1 1 1 1 1 1 1 1 1 1 1 1 1 ];
presentations = [1 1 1 0 0 0 0 1 0 1 1 1 0 0 0 0 1 0 1 0 1 0 1 1 0 0 0 1 0 1 0 1 1 0 0 1 1 0 0 1 1 0 1 0 0 0 1 0 0 1 1 1 0 0 0 1 1 1 1 1 1 1 ];
answers = [1 1 1 1 0 0 0 1 0 1 1 1 0 0 0 0 1 0 1 0 1 0 1 0 0 0 0 1 0 1 0 1 1 0 0 1 1 0 0 0 1 0 1 0 0 0 1 0 0 0 1 1 0 0 0 1 0 1 0 1 1 1 ];
adjustments = [-8 -8 -8 32 0 0 0 -8 0 -4 -4 -4 0 0 0 0 -4 0 -4 0 -4 0 -4 12 0 0 0 -2 0 -2 0 -2 -2 0 0 -2 -2 0 0 6 -2 0 -2 0 0 0 -2 0 0 6 -2 -2 0 0 0 -2 6 -2 6 -2 -2 -2 ];

