target=0.50;discardreversals=2;startvalue=0.00;steps=[4  2  1];selfservice=0;
%parameters=quiet,65
threshold = [-22.75 ];
values = [0.00 -10.00 -20.00 -18.00 -21.00 -18.50 -21.00 -22.50 -24.00 -23.50 -25.00 -22.50 -23.00 -22.50 -24.00 -25.50 -24.00 -22.50 -24.00 -24.50 ];
reversals = [0 0 1 -1 1 -1 0 0 1 -1 1 -1 1 -1 0 1 0 -1 0 0 ];
measures = [0 0 0 0 1 1 1 1 1 1 1 1 1 1 1 1 1 1 1 1 ];
presentations = [1 2 3 4 5 6 7 8 9 10 11 12 13 14 15 16 17 18 19 20 ];
answers = [5 5 2 4 0 5 4 4 2 4 0 3 2 4 4 1 1 4 3 3 ];
adjustments = [-10 -10 2 -3 2.5 -2.5 -1.5 -1.5 0.5 -1.5 2.5 -0.5 0.5 -1.5 -1.5 1.5 1.5 -1.5 -0.5 -0.5 ];
sentences = {'15952' '36514' '68271' '87470' '44529' '37886' '11755' '51195' '69009' '90013' '08168' '45923' '23448' '22336' '02737' '70287' '89364' '93692' '54841' '76600' };
offsets = [32467 11646 23338 53697 19385 53990 17136 68939 23627 33464 82049 56162 63031 625 13368 15049 37713 91091 59028 44410 ];

