target=0.50;discardreversals=2;startvalue=0.00;steps=[4  2  1];selfservice=0;
%parameters=icra1,65,train
threshold = [-2.25 ];
values = [0.00 -10.00 0.00 -1.00 -2.50 -2.00 -3.50 -2.00 -1.50 -3.00 -0.50 -3.00 -1.50 -2.00 -3.50 -4.00 -2.50 0.00 0.50 -2.00 ];
reversals = [0 1 -1 0 1 -1 1 0 -1 1 -1 1 -1 0 0 1 0 0 -1 0 ];
measures = [0 0 0 0 1 1 1 1 1 1 1 1 1 1 1 1 1 1 1 1 ];
presentations = [1 2 3 4 5 6 7 8 9 10 11 12 13 14 15 16 17 18 19 20 ];
answers = [5 0 3 4 2 4 1 2 4 0 5 1 3 4 3 1 0 2 5 5 ];
adjustments = [-10 10 -1 -1.5 0.5 -1.5 1.5 0.5 -1.5 2.5 -2.5 1.5 -0.5 -1.5 -0.5 1.5 2.5 0.5 -2.5 -2.5 ];
sentences = {'66553' '63558' '95162' '29744' '82009' '82487' '07970' '51417' '15149' '31601' '24318' '77974' '59026' '90790' '10681' '03262' '78835' '48835' '34226' '46393' };
offsets = [12349 9746 36 6738 15687 18192 33355 7666 5757 33574 26192 26805 24478 8591 9815 30278 17726 21911 39966 718 ];

