target=0.50;discardreversals=2;startvalue=0.00;steps=[4  2  1];selfservice=0;
%parameters=icra5.250,65
threshold = [-6.00 ];
values = [0.00 -6.00 0.00 -5.00 -5.50 -7.00 -7.50 -5.00 -6.50 -5.00 -2.50 -5.00 -6.50 -6.00 -6.50 -6.00 -6.50 -4.00 -4.50 -5.00 ];
reversals = [0 1 -1 0 0 0 1 -1 1 0 -1 0 1 -1 1 -1 1 -1 0 1 ];
measures = [0 0 0 0 0 0 1 1 1 1 1 1 1 1 1 1 1 1 1 1 ];
presentations = [1 2 3 4 5 6 7 8 9 10 11 12 13 14 15 16 17 18 19 20 ];
answers = [4 1 5 3 4 3 0 4 1 0 5 4 2 3 2 3 0 3 3 2 ];
adjustments = [-6 6 -5 -0.5 -1.5 -0.5 2.5 -1.5 1.5 2.5 -2.5 -1.5 0.5 -0.5 0.5 -0.5 2.5 -0.5 -0.5 0.5 ];
sentences = {'30757' '55025' '36514' '11755' '16140' '68819' '22336' '54841' '99308' '22586' '93692' '69009' '41634' '45923' '08168' '70287' '03491' '74972' '87470' '87263' };
offsets = [1221963 3625679 3771592 545209 2787535 746262 2905597 3333317 2834655 3908514 3472918 4459200 1434052 3138948 1689316 1306429 1861146 2779324 491566 4706999 ];

