target=0.75;minreversals=12;discardreversals=4;minmeasures=14;startvalue=75.00;steps=[8  4  4  2  1];feedback=0;
%parameters=1000,0.10,50,train
threshold = [64.00 ];
values = [75.00 99.00 91.00 87.00 83.00 79.00 95.00 91.00 91.00 91.00 91.00 89.00 87.00 85.00 85.00 83.00 83.00 83.00 83.00 83.00 81.00 81.00 79.00 79.00 77.00 77.00 77.00 75.00 73.00 71.00 69.00 67.00 67.00 67.00 67.00 67.00 67.00 67.00 67.00 67.00 67.00 67.00 65.00 65.00 63.00 69.00 69.00 68.00 68.00 67.00 67.00 67.00 67.00 66.00 66.00 65.00 64.00 63.00 63.00 62.00 65.00 64.00 64.00 64.00 63.00 66.00 65.00 65.00 65.00 64.00 64.00 64.00 63.00 63.00 63.00 62.00 65.00 64.00 64.00 64.00 63.00 63.00 62.00 ];
reversals = [0 -1 0 0 0 1 -1 0 0 0 0 0 0 0 0 0 0 0 0 0 0 0 0 0 0 0 0 0 0 0 0 0 0 0 0 0 0 0 0 0 0 0 0 0 1 0 -1 0 0 0 0 0 0 0 0 0 0 0 0 1 -1 0 0 0 1 -1 0 0 0 0 0 0 0 0 0 1 -1 0 0 0 0 0 1 ];
measures = [0 0 0 0 0 0 0 0 0 0 0 0 0 0 0 0 0 0 0 0 0 0 0 0 0 0 0 0 0 0 0 0 0 0 0 0 0 0 0 0 0 0 0 0 0 0 1 1 1 1 1 1 1 1 1 1 1 1 1 1 1 1 1 1 1 1 1 1 1 1 1 1 1 1 1 1 1 1 1 1 1 1 1 ];
presentations = [1 1 1 1 1 0 1 0 0 0 1 1 1 0 1 0 0 0 0 1 0 1 0 1 0 0 1 1 1 1 1 0 0 0 0 0 0 0 0 0 0 1 0 1 1 0 1 0 1 0 0 0 1 0 1 1 1 0 1 1 1 0 0 1 1 1 0 0 1 0 0 1 0 0 1 1 1 0 0 1 0 1 1 ];
answers = [0 1 1 1 1 1 1 0 0 0 1 1 1 0 1 0 0 0 0 1 0 1 0 1 0 0 1 1 1 1 1 0 0 0 0 0 0 0 0 0 0 1 0 1 0 0 1 0 1 0 0 0 1 0 1 1 1 0 1 0 1 0 0 1 0 1 0 0 1 0 0 1 0 0 1 0 1 0 0 1 0 1 0 ];
adjustments = [24 -8 -4 -4 -4 16 -4 0 0 0 -2 -2 -2 0 -2 0 0 0 0 -2 0 -2 0 -2 0 0 -2 -2 -2 -2 -2 0 0 0 0 0 0 0 0 0 0 -2 0 -2 6 0 -1 0 -1 0 0 0 -1 0 -1 -1 -1 0 -1 3 -1 0 0 -1 3 -1 0 0 -1 0 0 -1 0 0 -1 3 -1 0 0 -1 0 -1 3 ];

