target=0.50;discardreversals=2;startvalue=0.00;steps=[4  2  1];selfservice=0;
%parameters=icra1,49
threshold = [0.50 ];
values = [0.00 6.00 -4.00 1.00 1.50 0.00 2.50 2.00 -0.50 1.00 -1.50 1.00 0.50 2.00 0.50 -2.00 0.50 -1.00 1.50 -1.00 ];
reversals = [0 -1 1 0 -1 1 -1 0 1 -1 1 -1 1 -1 0 1 -1 1 -1 0 ];
measures = [0 0 0 0 1 1 1 1 1 1 1 1 1 1 1 1 1 1 1 1 ];
presentations = [1 2 3 4 5 6 7 8 9 10 11 12 13 14 15 16 17 18 19 20 ];
answers = [1 5 0 2 4 0 3 5 1 5 0 3 1 4 5 0 4 0 5 3 ];
adjustments = [6 -10 5 0.5 -1.5 2.5 -0.5 -2.5 1.5 -2.5 2.5 -0.5 1.5 -1.5 -2.5 2.5 -1.5 2.5 -2.5 -0.5 ];
sentences = {'66553' '15149' '76802' '24318' '95569' '82487' '48835' '90790' '52277' '24621' '47048' '61793' '00456' '89135' '18314' '31601' '33980' '03262' '59026' '77974' };
offsets = [23688 10696 2541 11899 18691 17858 34538 2030 14785 19782 11693 5963 6210 19074 8647 1305 5510 32522 8324 16558 ];

