target=0.50;discardreversals=2;startvalue=0.00;steps=[4  2  1];selfservice=0;
%parameters=icra1,29
threshold = [-2.00 ];
values = [0.00 10.00 0.00 -5.00 0.00 -2.50 0.00 -1.50 1.00 -1.50 -4.00 -5.50 -3.00 -0.50 -3.00 -0.50 -3.00 -3.50 -3.00 -4.50 ];
reversals = [0 -1 0 1 -1 1 -1 1 -1 0 0 1 0 -1 1 -1 0 1 -1 1 ];
measures = [0 0 0 0 1 1 1 1 1 1 1 1 1 1 1 1 1 1 1 1 ];
presentations = [1 2 3 4 5 6 7 8 9 10 11 12 13 14 15 16 17 18 19 20 ];
answers = [0 5 5 0 5 0 4 0 5 5 4 0 0 5 0 5 3 2 4 1 ];
adjustments = [10 -10 -5 5 -2.5 2.5 -1.5 2.5 -2.5 -2.5 -1.5 2.5 2.5 -2.5 2.5 -2.5 -0.5 0.5 -1.5 1.5 ];
sentences = {'29744' '82009' '74972' '51417' '41634' '68819' '46393' '87263' '63558' '16140' '95162' '55025' '34226' '03491' '78835' '30757' '10681' '99308' '07970' '22586' };
offsets = [1705 25488 9576 11248 31375 13509 1962 19973 7999 14715 8725 7615 36280 12847 22297 4215 5012 20417 22387 32903 ];

