target=0.50;discardreversals=2;startvalue=0.00;steps=[4  2  1];selfservice=0;
%parameters=icra5.250,65
threshold = [-13.50 ];
values = [0.00 -10.00 -12.00 -2.00 -7.00 -9.50 -11.00 -11.50 -13.00 -13.50 -11.00 -11.50 -13.00 -14.50 -12.00 -13.50 -11.00 -13.50 -16.00 -13.50 ];
reversals = [0 0 1 -1 0 0 0 0 0 1 -1 0 0 1 -1 1 -1 0 1 0 ];
measures = [0 0 0 0 0 0 0 0 0 1 1 1 1 1 1 1 1 1 1 1 ];
presentations = [1 2 3 4 5 6 7 8 9 10 11 12 13 14 15 16 17 18 19 20 ];
answers = [5 3 0 5 5 4 3 4 3 0 3 4 4 0 4 0 5 5 0 0 ];
adjustments = [-10 -2 10 -5 -2.5 -1.5 -0.5 -1.5 -0.5 2.5 -0.5 -1.5 -1.5 2.5 -1.5 2.5 -2.5 -2.5 2.5 2.5 ];
sentences = {'33528' '50976' '09216' '23081' '18348' '98162' '70762' '44697' '77705' '51437' '85813' '34994' '47173' '92629' '65555' '06251' '86800' '12339' '21080' '69444' };
offsets = [2297063 2180405 757164 1478001 2431462 92950 984744 743056 1782930 369836 4614919 3554078 2265167 2378367 544501 1852272 556274 1060316 3704188 1368991 ];

