target=0.50;discardreversals=2;startvalue=0.00;steps=[4  2  1];selfservice=0;
%parameters=icra5.250,65,train
threshold = [-14.00 ];
values = [0.00 -10.00 0.00 -3.00 -5.50 -7.00 -9.50 -9.00 -11.50 -14.00 -11.50 -12.00 -13.50 -15.00 -13.50 -15.00 -16.50 -16.00 -16.50 -17.00 ];
reversals = [0 1 -1 0 0 0 1 -1 0 1 -1 0 0 1 -1 0 1 -1 0 1 ];
measures = [0 0 0 0 0 0 1 1 1 1 1 1 1 1 1 1 1 1 1 1 ];
presentations = [1 2 3 4 5 6 7 8 9 10 11 12 13 14 15 16 17 18 19 20 ];
answers = [5 0 4 5 4 5 2 5 5 0 3 4 4 1 4 4 2 3 3 2 ];
adjustments = [-10 10 -3 -2.5 -1.5 -2.5 0.5 -2.5 -2.5 2.5 -0.5 -1.5 -1.5 1.5 -1.5 -1.5 0.5 -0.5 -0.5 0.5 ];
sentences = {'91451' '87713' '03676' '14040' '54841' '52988' '48832' '70565' '69009' '66127' '35209' '87470' '08168' '29394' '45923' '36514' '11755' '93692' '22336' '70287' };
offsets = [4198926 891788 4127970 3891353 2287786 2534878 3744232 2591208 3106172 643569 4266148 3054926 1754890 2097435 1167493 3946013 3265728 759410 3424499 4000027 ];

