target=0.50;discardreversals=2;startvalue=0.00;steps=[4  2  1];selfservice=0;
%parameters=babble,65
threshold = [-3.50 ];
values = [0.00 -10.00 0.00 -3.00 -3.50 -6.00 -3.50 -6.00 -3.50 -4.00 -1.50 -4.00 -1.50 -2.00 0.50 -2.00 -3.50 -1.00 -1.50 -3.00 ];
reversals = [0 1 -1 0 0 1 -1 1 -1 1 -1 1 -1 1 -1 0 1 -1 0 1 ];
measures = [0 0 0 0 0 1 1 1 1 1 1 1 1 1 1 1 1 1 1 1 ];
presentations = [1 2 3 4 5 6 7 8 9 10 11 12 13 14 15 16 17 18 19 20 ];
answers = [5 0 4 3 5 0 5 0 3 0 5 0 3 0 5 4 0 3 4 0 ];
adjustments = [-10 10 -3 -0.5 -2.5 2.5 -2.5 2.5 -0.5 2.5 -2.5 2.5 -0.5 2.5 -2.5 -1.5 2.5 -0.5 -1.5 2.5 ];
sentences = {'82487' '18502' '59026' '15149' '03262' '94067' '26626' '72141' '31601' '51779' '43285' '80338' '77974' '05413' '66553' '24318' '90790' '39994' '48835' '67850' };
offsets = [23654 17443 12242 1045 6101 32782 22621 23763 18544 16093 23018 13120 31824 29618 29703 34809 10467 8723 46155 11988 ];

