target=0.50;discardreversals=2;startvalue=0.00;steps=[4  2  1];selfservice=0;
%parameters=icra1,65,re
threshold = [-5.25 ];
values = [0.00 -6.00 4.00 -1.00 -3.50 -6.00 -7.50 -5.00 -7.50 -5.00 -7.50 -5.00 -6.50 -7.00 -4.50 -2.00 -3.50 -4.00 -5.50 -3.00 ];
reversals = [0 1 -1 0 0 0 1 -1 1 -1 1 -1 0 1 0 -1 0 0 1 -1 ];
measures = [0 0 0 0 0 0 1 1 1 1 1 1 1 1 1 1 1 1 1 1 ];
presentations = [1 2 3 4 5 6 7 8 9 10 11 12 13 14 15 16 17 18 19 20 ];
answers = [4 0 5 5 5 4 0 5 0 5 0 4 3 0 0 4 3 4 0 4 ];
adjustments = [-6 10 -5 -2.5 -2.5 -1.5 2.5 -2.5 2.5 -2.5 2.5 -1.5 -0.5 2.5 2.5 -1.5 -0.5 -1.5 2.5 -1.5 ];
sentences = {'16140' '87263' '55025' '99308' '50976' '69444' '06251' '03491' '68819' '44697' '33528' '74972' '85813' '22586' '77705' '98162' '30757' '41634' '21080' '12339' };
offsets = [11026 20249 14592 8010 23222 24052 41129 13782 842 13559 36388 8800 8120 12924 13664 21418 3596 29845 18650 11827 ];

