target=0.75;minreversals=12;discardreversals=4;minmeasures=14;startvalue=60.00;steps=[8  8  4  2];feedback=0;
%parameters=1000,re
threshold = [2.00 ];
threshold_dB_HL = [-0.10 ];
threshold_dB_SPL = [2.00 ];
values = [68.00 60.00 52.00 44.00 44.00 44.00 36.00 28.00 20.00 20.00 12.00 12.00 12.00 4.00 4.00 4.00 4.00 4.00 -4.00 20.00 20.00 12.00 12.00 12.00 12.00 12.00 12.00 12.00 8.00 4.00 4.00 4.00 4.00 0.00 12.00 10.00 8.00 8.00 6.00 4.00 4.00 2.00 2.00 0.00 0.00 6.00 4.00 4.00 2.00 2.00 0.00 0.00 -2.00 -2.00 4.00 2.00 2.00 0.00 6.00 6.00 6.00 4.00 2.00 0.00 0.00 0.00 6.00 6.00 ];
reversals = [0 0 0 0 0 0 0 0 0 0 0 0 0 0 0 0 0 0 1 0 -1 0 0 0 0 0 0 0 0 0 0 0 0 1 -1 0 0 0 0 0 0 0 0 0 1 -1 0 0 0 0 0 0 0 1 -1 0 0 1 0 0 -1 0 0 0 0 1 0 -1 ];
measures = [0 0 0 0 0 0 0 0 0 0 0 0 0 0 0 0 0 0 0 0 0 0 0 0 0 0 0 0 0 0 0 0 0 0 0 0 0 0 0 0 0 0 0 0 1 1 1 1 1 1 1 1 1 1 1 1 1 1 1 1 1 1 1 1 1 1 1 1 ];
presentations = [1 1 1 0 0 1 1 1 0 1 0 0 1 0 0 0 0 1 1 0 1 0 0 0 0 0 0 1 1 0 0 0 1 1 1 1 0 1 1 0 1 0 1 0 1 1 0 1 0 1 0 1 0 1 1 0 1 1 0 0 1 1 1 0 0 1 0 1 ];
answers = [1 1 1 0 0 1 1 1 0 1 0 0 1 0 0 0 0 1 0 0 1 0 0 0 0 0 0 1 1 0 0 0 1 0 1 1 0 1 1 0 1 0 1 0 0 1 0 1 0 1 0 1 0 0 1 0 1 0 0 0 1 1 1 0 0 0 0 1 ];
adjustments = [-8 -8 -8 0 0 -8 -8 -8 0 -8 0 0 -8 0 0 0 0 -8 24 0 -8 0 0 0 0 0 0 -4 -4 0 0 0 -4 12 -2 -2 0 -2 -2 0 -2 0 -2 0 6 -2 0 -2 0 -2 0 -2 0 6 -2 0 -2 6 0 0 -2 -2 -2 0 0 6 0 -2 ];

