target=0.50;discardreversals=2;startvalue=0.00;steps=[4  2  1];selfservice=0;
%parameters=quiet,65
threshold = [-44.00 ];
values = [0.00 -10.00 -20.00 -26.00 -36.00 -46.00 -36.00 -41.00 -43.50 -41.00 -43.50 -45.00 -46.50 -44.00 -44.50 -45.00 -45.50 -43.00 -44.50 -47.00 ];
reversals = [0 0 0 0 0 1 -1 0 1 -1 0 0 1 -1 0 0 1 -1 0 1 ];
measures = [0 0 0 0 0 0 0 0 1 1 1 1 1 1 1 1 1 1 1 1 ];
presentations = [1 2 3 4 5 6 7 8 9 10 11 12 13 14 15 16 17 18 19 20 ];
answers = [5 5 4 5 5 0 5 5 0 5 4 4 0 3 3 3 0 4 5 0 ];
adjustments = [-10 -10 -6 -10 -10 10 -5 -2.5 2.5 -2.5 -1.5 -1.5 2.5 -0.5 -0.5 -0.5 2.5 -1.5 -2.5 2.5 ];
sentences = {'35209' '48832' '22336' '70287' '69009' '03676' '45923' '70565' '36514' '11755' '29394' '54841' '87713' '08168' '87470' '93692' '91451' '14040' '66127' '52988' };
offsets = [59250 41804 32701 4009 57586 71946 65569 41978 90711 33966 2560 13168 12611 25341 4689 21616 67058 23441 34901 58699 ];

