target=0.50;discardreversals=2;startvalue=0.00;steps=[4  2  1];selfservice=0;
%parameters=icra5.250,65,re
threshold = [-17.00 ];
values = [0.00 -10.00 -16.00 -26.00 -16.00 -17.00 -17.50 -15.00 -15.50 -17.00 -19.50 -17.00 -17.50 -15.00 -16.50 -18.00 -15.50 -17.00 -14.50 -16.00 ];
reversals = [0 0 0 1 -1 0 1 -1 0 0 1 -1 1 -1 0 1 -1 1 -1 1 ];
measures = [0 0 0 0 0 0 1 1 1 1 1 1 1 1 1 1 1 1 1 1 ];
presentations = [1 2 3 4 5 6 7 8 9 10 11 12 13 14 15 16 17 18 19 20 ];
answers = [5 4 5 0 3 3 0 3 4 5 0 3 0 4 4 0 4 0 4 0 ];
adjustments = [-10 -6 -10 10 -1 -0.5 2.5 -0.5 -1.5 -2.5 2.5 -0.5 2.5 -1.5 -1.5 2.5 -1.5 2.5 -1.5 2.5 ];
sentences = {'29744' '10681' '45923' '51417' '11755' '93692' '54841' '08168' '46393' '70287' '36514' '87470' '63558' '82009' '95162' '34226' '69009' '78835' '07970' '22336' };
offsets = [1301028 3595044 1465518 419553 2536512 4426229 3737789 4341102 1659085 3904222 1317598 3143277 1590482 3039596 821311 2988364 2553164 3279516 4431318 3864770 ];

