target=0.50;discardreversals=2;startvalue=0.00;steps=[4  2  1];selfservice=0;
%parameters=icra1,65
threshold = [-5.50 ];
values = [0.00 -6.00 4.00 -1.00 -3.50 -5.00 -7.50 -5.00 -5.50 -3.00 -4.50 -7.00 -8.50 -6.00 -3.50 -6.00 -7.50 -10.00 -7.50 -5.00 ];
reversals = [0 1 -1 0 0 0 1 -1 1 -1 0 0 1 0 -1 0 0 1 0 0 ];
measures = [0 0 0 0 0 0 1 1 1 1 1 1 1 1 1 1 1 1 1 1 ];
presentations = [1 2 3 4 5 6 7 8 9 10 11 12 13 14 15 16 17 18 19 20 ];
answers = [4 0 5 5 4 5 0 3 0 4 5 4 0 0 5 4 5 0 0 0 ];
adjustments = [-6 10 -5 -2.5 -1.5 -2.5 2.5 -0.5 2.5 -1.5 -2.5 -1.5 2.5 2.5 -2.5 -1.5 -2.5 2.5 2.5 2.5 ];
sentences = {'36514' '11755' '87470' '70287' '76600' '45923' '54841' '37886' '23448' '68271' '51195' '15952' '93692' '90013' '44529' '69009' '02737' '22336' '08168' '89364' };
offsets = [11976 9738 9275 2714 28177 9816 9577 10125 28472 16381 15073 1546 12982 17633 27331 16082 6422 6402 25747 8407 ];

