target=0.50;discardreversals=2;startvalue=0.00;steps=[4  2  1];selfservice=0;
%parameters=icra1,39
threshold = [-4.00 ];
values = [0.00 -10.00 0.00 -5.00 -2.50 -5.00 -2.50 -5.00 -6.50 -4.00 -5.50 -5.00 -2.50 -5.00 -6.50 -4.00 -6.50 -4.00 -3.50 -4.00 ];
reversals = [0 1 -1 1 -1 1 -1 0 1 -1 1 0 -1 0 1 -1 1 0 -1 1 ];
measures = [0 0 0 1 1 1 1 1 1 1 1 1 1 1 1 1 1 1 1 1 ];
presentations = [1 2 3 4 5 6 7 8 9 10 11 12 13 14 15 16 17 18 19 20 ];
answers = [5 0 5 0 5 0 5 4 0 4 2 0 5 4 0 5 0 2 3 2 ];
adjustments = [-10 10 -5 2.5 -2.5 2.5 -2.5 -1.5 2.5 -1.5 0.5 2.5 -2.5 -1.5 2.5 -2.5 2.5 0.5 -0.5 0.5 ];
sentences = {'05413' '18502' '69009' '80338' '45923' '67850' '11755' '36514' '87470' '72141' '51779' '94067' '93692' '08168' '39994' '70287' '43285' '22336' '26626' '54841' };
offsets = [20027 16424 27412 4621 20125 1030 3452 15639 3842 584 12936 20382 8718 11794 11336 24845 21524 10632 34326 9203 ];

