target=0.50;discardreversals=2;startvalue=0.00;steps=[4  2  1];selfservice=0;
%parameters=icra1,65,train
threshold = [-4.00 ];
values = [0.00 -10.00 0.00 -5.00 -6.50 -4.00 -5.50 -3.00 -5.50 -3.00 -5.50 -5.00 -2.50 -4.00 -3.50 -5.00 -6.50 -4.00 -6.50 -4.00 ];
reversals = [0 1 -1 0 1 -1 1 -1 1 -1 1 0 -1 1 -1 0 1 -1 1 -1 ];
measures = [0 0 0 0 1 1 1 1 1 1 1 1 1 1 1 1 1 1 1 1 ];
presentations = [1 2 3 4 5 6 7 8 9 10 11 12 13 14 15 16 17 18 19 20 ];
answers = [5 0 5 4 0 4 0 5 0 5 2 0 4 2 4 4 0 5 0 4 ];
adjustments = [-10 10 -5 -1.5 2.5 -1.5 2.5 -2.5 2.5 -2.5 0.5 2.5 -1.5 0.5 -1.5 -1.5 2.5 -2.5 2.5 -1.5 ];
sentences = {'99308' '69009' '74972' '54841' '45923' '11755' '68819' '55025' '87470' '16140' '87263' '36514' '22586' '22336' '41634' '03491' '93692' '70287' '08168' '30757' };
offsets = [19003 27958 5228 4805 19072 8840 9304 16149 11392 21815 5626 26667 28469 4607 5249 36019 9335 12455 6820 2211 ];

