target=0.50;discardreversals=2;startvalue=0.00;steps=[4  2  1];selfservice=0;
threshold = [-17.50 ];
values = [5.00 -5.00 -15.00 -5.00 -10.00 -12.50 -15.00 -17.50 -15.00 -16.50 -19.00 -16.50 -16.00 -17.50 -20.00 -17.50 -20.00 -17.50 -19.00 -20.50 ];
reversals = [0 0 1 -1 0 0 0 1 -1 0 1 0 -1 0 1 -1 1 -1 0 1 ];
measures = [0 0 0 0 0 0 0 1 1 1 1 1 1 1 1 1 1 1 1 1 ];
presentations = [1 2 3 4 5 6 7 8 9 10 11 12 13 14 15 16 17 18 19 20 ];
answers = [5 5 0 5 5 5 5 0 4 5 0 2 4 5 0 5 0 4 4 0 ];
adjustments = [-10 -10 10 -5 -2.5 -2.5 -2.5 2.5 -1.5 -2.5 2.5 0.5 -1.5 -2.5 2.5 -2.5 2.5 -1.5 -1.5 2.5 ];
sentences = {'70762' '87470' '09216' '18348' '45923' '65555' '86800' '51437' '22336' '70287' '36514' '34994' '92629' '08168' '54841' '47173' '93692' '23081' '69009' '11755' };
offsets = [28017 45974 25462 45835 56996 37694 45048 11405 35813 51553 17463 28091 26762 50931 34271 24259 33643 75557 15085 201 ];

