target=0.50;discardreversals=2;startvalue=0.00;steps=[4  2  1];selfservice=0;
threshold = [-4.25 ];
values = [0.00 -10.00 0.00 -5.00 -2.50 -5.00 -5.50 -3.00 -5.50 -3.00 -5.50 -3.00 -5.50 -6.00 -3.50 -5.00 -2.50 -5.00 -2.50 -4.00 ];
reversals = [0 1 -1 1 -1 0 1 -1 1 -1 1 -1 0 1 -1 1 -1 1 -1 0 ];
measures = [0 0 0 1 1 1 1 1 1 1 1 1 1 1 1 1 1 1 1 1 ];
presentations = [1 2 3 4 5 6 7 8 9 10 11 12 13 14 15 16 17 18 19 20 ];
answers = [5 0 5 0 5 3 0 5 0 5 0 5 3 0 4 0 5 0 4 5 ];
adjustments = [-10 10 -5 2.5 -2.5 -0.5 2.5 -2.5 2.5 -2.5 2.5 -2.5 -0.5 2.5 -1.5 2.5 -2.5 2.5 -1.5 -2.5 ];
sentences = {'44529' '63558' '34226' '78835' '46393' '95162' '10681' '51195' '23448' '51417' '29744' '07970' '15952' '76600' '37886' '68271' '02737' '89364' '90013' '82009' };
offsets = [44118 23896 9357 13898 10115 8006 10625 12780 17780 1621 4004 33177 1713 11797 28815 1252 2861 3991 7 22329 ];

