target=0.50;discardreversals=2;startvalue=0.00;steps=[4  2  1];selfservice=0;
threshold = [-3.75 ];
values = [0.00 -10.00 0.00 -5.00 -2.50 -5.00 -2.50 -5.00 -6.50 -4.00 -1.50 -4.00 -3.50 -6.00 -3.50 -6.00 -3.50 -5.00 -2.50 -3.00 ];
reversals = [0 1 -1 1 -1 1 -1 0 1 0 -1 1 -1 1 -1 1 -1 1 -1 0 ];
measures = [0 0 0 1 1 1 1 1 1 1 1 1 1 1 1 1 1 1 1 1 ];
presentations = [1 2 3 4 5 6 7 8 9 10 11 12 13 14 15 16 17 18 19 20 ];
answers = [5 0 5 0 5 0 5 4 0 0 5 2 5 0 5 0 4 0 3 4 ];
adjustments = [-10 10 -5 2.5 -2.5 2.5 -2.5 -1.5 2.5 2.5 -2.5 0.5 -2.5 2.5 -2.5 2.5 -1.5 2.5 -0.5 -1.5 ];
sentences = {'24621' '94067' '95569' '72141' '18314' '76802' '61793' '39994' '26626' '33980' '05413' '43285' '67850' '80338' '52277' '18502' '47048' '51779' '89135' '00456' };
offsets = [1812 7198 21424 4096 10201 27529 1513 13555 16523 9536 25760 12359 6154 19716 17843 6869 3138 15785 4336 6767 ];

