target=0.50;discardreversals=2;startvalue=0.00;steps=[4  2  1];selfservice=0;
threshold = [-2.50 ];
values = [0.00 -2.00 -8.00 2.00 -3.00 -3.50 -6.00 -3.50 -1.00 -3.50 -1.00 -2.50 0.00 -2.50 -5.00 -2.50 -3.00 -0.50 2.00 -0.50 ];
reversals = [0 0 1 -1 0 0 1 0 -1 1 -1 1 -1 0 1 -1 1 0 -1 0 ];
measures = [0 0 0 0 0 0 1 1 1 1 1 1 1 1 1 1 1 1 1 1 ];
presentations = [1 2 3 4 5 6 7 8 9 10 11 12 13 14 15 16 17 18 19 20 ];
answers = [3 4 0 5 3 5 0 0 5 0 4 0 5 5 0 3 0 0 5 4 ];
adjustments = [-2 -6 10 -5 -0.5 -2.5 2.5 2.5 -2.5 2.5 -1.5 2.5 -2.5 -2.5 2.5 -0.5 2.5 2.5 -2.5 -1.5 ];
sentences = {'39994' '45923' '08168' '72141' '51779' '70287' '67850' '93692' '69009' '18502' '94067' '87470' '54841' '26626' '05413' '43285' '22336' '11755' '80338' '36514' };
offsets = [16567 4575 8337 6316 16228 3766 18377 20180 2660 21083 32710 1206 6994 25864 20460 6685 14043 15213 2311 25509 ];

