target=0.50;discardreversals=2;startvalue=0.00;steps=[4  2  1];selfservice=0;
threshold = [-8.00 ];
values = [0.00 -6.00 -16.00 -6.00 -11.00 -13.50 -11.00 -8.50 -11.00 -8.50 -8.00 -5.50 -8.00 -6.50 -8.00 -5.50 -8.00 -10.50 -8.00 -5.50 ];
reversals = [0 0 1 -1 0 1 0 -1 1 0 0 -1 1 -1 1 -1 0 1 0 -1 ];
measures = [0 0 0 0 0 1 1 1 1 1 1 1 1 1 1 1 1 1 1 1 ];
presentations = [1 2 3 4 5 6 7 8 9 10 11 12 13 14 15 16 17 18 19 20 ];
answers = [4 5 0 5 5 0 0 5 0 2 0 5 1 4 0 5 5 0 0 5 ];
adjustments = [-6 -10 10 -5 -2.5 2.5 2.5 -2.5 2.5 0.5 2.5 -2.5 1.5 -1.5 2.5 -2.5 -2.5 2.5 2.5 -2.5 ];
sentences = {'78835' '35209' '03676' '52988' '10681' '34226' '14040' '66127' '07970' '70565' '82009' '29394' '48832' '63558' '29744' '46393' '87713' '51417' '91451' '95162' };
offsets = [2912124 4799439 562313 3675826 462794 624633 1707025 1118449 4186310 2900480 3305056 4758695 1363831 3838921 3572158 427747 887939 199437 1493123 1307522 ];

