target=0.50;discardreversals=2;startvalue=0.00;steps=[4  2  1];selfservice=0;
threshold = [-3.75 ];
values = [0.00 -10.00 0.00 -5.00 -2.50 0.00 -2.50 -5.00 -2.50 -5.00 -2.50 -5.00 -4.50 -2.00 -3.50 -1.00 -2.50 -5.00 -6.50 -4.00 ];
reversals = [0 1 -1 1 0 -1 0 1 -1 1 -1 1 0 -1 1 -1 0 0 1 -1 ];
measures = [0 0 0 1 1 1 1 1 1 1 1 1 1 1 1 1 1 1 1 1 ];
presentations = [1 2 3 4 5 6 7 8 9 10 11 12 13 14 15 16 17 18 19 20 ];
answers = [5 0 5 0 0 5 5 0 5 0 5 2 0 4 0 4 5 4 0 5 ];
adjustments = [-10 10 -5 2.5 2.5 -2.5 -2.5 2.5 -2.5 2.5 -2.5 0.5 2.5 -1.5 2.5 -1.5 -2.5 -1.5 2.5 -2.5 ];
sentences = {'52277' '65555' '47173' '18314' '51437' '76802' '92629' '47048' '33980' '89135' '70762' '23081' '86800' '34994' '09216' '00456' '18348' '95569' '61793' '24621' };
offsets = [12304 5167 20174 12567 3779 31661 29015 8864 9327 26412 303 11272 20528 16187 17174 34080 17054 13428 13202 7625 ];

