target=0.50;discardreversals=2;startvalue=0.00;steps=[4  2  1];selfservice=0;
threshold = [-8.00 ];
values = [0.00 -10.00 -20.00 -10.00 -5.00 -8.00 -5.50 -8.00 -8.50 -6.00 -8.50 -6.00 -6.50 -8.00 -10.50 -8.00 -9.50 -10.00 -11.50 -14.00 ];
reversals = [0 0 1 0 -1 1 -1 0 1 -1 1 -1 0 0 1 -1 0 0 0 1 ];
measures = [0 0 0 0 0 1 1 1 1 1 1 1 1 1 1 1 1 1 1 1 ];
presentations = [1 2 3 4 5 6 7 8 9 10 11 12 13 14 15 16 17 18 19 20 ];
answers = [5 5 0 0 4 0 5 3 0 5 0 3 4 5 0 4 3 4 5 0 ];
adjustments = [-10 -10 10 5 -3 2.5 -2.5 -0.5 2.5 -2.5 2.5 -0.5 -1.5 -2.5 2.5 -1.5 -0.5 -1.5 -2.5 2.5 ];
sentences = {'37886' '92629' '90013' '68271' '02737' '34994' '65555' '23448' '18348' '86800' '51437' '89364' '76600' '15952' '70762' '44529' '51195' '23081' '09216' '47173' };
offsets = [3072772 2697589 2639924 2677565 531700 2845060 2775296 2386901 670155 1483390 3490793 4441899 2613674 1477504 3057057 869571 2282174 1164772 234646 1742580 ];

