target=0.50;discardreversals=2;startvalue=0.00;steps=[4  2  1];selfservice=0;
threshold = [-6.00 ];
values = [0.00 -6.00 -8.00 2.00 -3.00 -5.50 -7.00 -4.50 -6.00 -3.50 -6.00 -8.50 -6.00 -8.50 -6.00 -8.50 -6.00 -8.50 -6.00 -8.50 ];
reversals = [0 0 1 -1 0 0 1 -1 1 -1 0 1 -1 1 -1 1 -1 1 -1 1 ];
measures = [0 0 0 0 0 0 1 1 1 1 1 1 1 1 1 1 1 1 1 1 ];
presentations = [1 2 3 4 5 6 7 8 9 10 11 12 13 14 15 16 17 18 19 20 ];
answers = [4 3 0 5 5 4 0 4 0 5 5 0 5 0 5 0 5 0 5 0 ];
adjustments = [-6 -2 10 -5 -2.5 -1.5 2.5 -1.5 2.5 -2.5 -2.5 2.5 -2.5 2.5 -2.5 2.5 -2.5 2.5 -2.5 2.5 ];
sentences = {'66553' '03262' '76802' '00456' '59026' '77974' '52277' '61793' '18314' '90790' '47048' '31601' '95569' '24318' '15149' '89135' '48835' '24621' '33980' '82487' };
offsets = [2011906 1763678 463927 2132896 2909429 1474615 886836 4818929 4414323 1015943 826714 3921656 2949003 653646 3982690 3819820 1540474 3003098 1296973 456229 ];

