target=0.50;discardreversals=2;startvalue=0.00;steps=[4  2  1];selfservice=0;
threshold = [-4.75 ];
values = [0.00 -2.00 -12.00 -2.00 -7.00 -4.50 -7.00 -4.50 -6.00 -3.50 -6.00 -3.50 -5.00 -2.50 -4.00 -5.50 -3.00 -3.50 -6.00 -3.50 ];
reversals = [0 0 1 -1 1 -1 1 -1 1 -1 1 -1 1 -1 0 1 -1 0 1 -1 ];
measures = [0 0 0 0 1 1 1 1 1 1 1 1 1 1 1 1 1 1 1 1 ];
presentations = [1 2 3 4 5 6 7 8 9 10 11 12 13 14 15 16 17 18 19 20 ];
answers = [3 5 0 5 0 5 0 4 0 5 0 4 0 4 4 0 3 5 0 4 ];
adjustments = [-2 -10 10 -5 2.5 -2.5 2.5 -1.5 2.5 -2.5 2.5 -1.5 2.5 -1.5 -1.5 2.5 -0.5 -2.5 2.5 -1.5 ];
sentences = {'89364' '90013' '02737' '51195' '05413' '26626' '67850' '39994' '51779' '68271' '72141' '15952' '44529' '18502' '43285' '80338' '23448' '76600' '94067' '37886' };
offsets = [15636 2758 6584 10765 24537 38556 9649 15218 5954 3606 13041 3154 13785 6610 14882 2452 11510 8426 32433 17551 ];

