target=0.50;discardreversals=2;startvalue=0.00;steps=[4  2  1];selfservice=0;
threshold = [-29.50 ];
values = [5.00 -5.00 -15.00 -25.00 -35.00 -25.00 -30.00 -27.50 -29.00 -31.50 -29.00 -31.50 -33.00 -30.50 -28.00 -30.50 -32.00 -29.50 -27.00 -29.50 ];
reversals = [0 0 0 0 1 -1 1 -1 0 1 -1 0 1 0 -1 0 1 0 -1 0 ];
measures = [0 0 0 0 0 0 1 1 1 1 1 1 1 1 1 1 1 1 1 1 ];
presentations = [1 2 3 4 5 6 7 8 9 10 11 12 13 14 15 16 17 18 19 20 ];
answers = [5 5 5 5 0 5 0 4 5 0 5 4 0 0 5 4 0 0 5 4 ];
adjustments = [-10 -10 -10 -10 10 -5 2.5 -1.5 -2.5 2.5 -2.5 -1.5 2.5 2.5 -2.5 -1.5 2.5 2.5 -2.5 -1.5 ];
sentences = {'35209' '91451' '29394' '98162' '21080' '77705' '66127' '03676' '70565' '33528' '06251' '52988' '50976' '44697' '85813' '69444' '14040' '48832' '12339' '87713' };
offsets = [21411 14339 1146 3181 4121 38332 12719 61762 42154 35180 79133 24075 16270 9008 76317 3890 58862 89439 68591 10497 ];

