target=0.50;discardreversals=2;startvalue=0.00;steps=[4  2  1];selfservice=0;
threshold = [-6.75 ];
values = [0.00 -10.00 0.00 -5.00 -2.50 -5.00 -7.50 -9.00 -9.50 -7.00 -7.50 -5.00 -7.50 -9.00 -6.50 -9.00 -6.50 -9.00 -6.50 -9.00 ];
reversals = [0 1 -1 1 -1 0 0 0 1 -1 1 -1 0 1 -1 1 -1 1 -1 0 ];
measures = [0 0 0 1 1 1 1 1 1 1 1 1 1 1 1 1 1 1 1 1 ];
presentations = [1 2 3 4 5 6 7 8 9 10 11 12 13 14 15 16 17 18 19 20 ];
answers = [5 0 5 0 5 5 4 3 0 3 0 5 4 0 5 0 5 0 5 4 ];
adjustments = [-10 10 -5 2.5 -2.5 -2.5 -1.5 -0.5 2.5 -0.5 2.5 -2.5 -1.5 2.5 -2.5 2.5 -2.5 2.5 -2.5 -1.5 ];
sentences = {'66553' '77974' '24318' '48835' '99308' '68819' '03262' '15149' '74972' '87263' '30757' '90790' '03491' '82487' '22586' '41634' '55025' '31601' '16140' '59026' };
offsets = [4299542 3274709 3892990 512756 3491573 3980580 58631 364040 2173763 3017198 621966 1175898 1992730 2033290 4763797 401881 931247 3505720 1400303 26321 ];

