target=0.50;discardreversals=2;startvalue=0.00;steps=[4  2  1];selfservice=0;
threshold = [-5.00 ];
values = [0.00 -10.00 0.00 -5.00 -5.50 -3.00 -5.50 -3.00 -5.50 -3.00 -3.50 -5.00 -2.50 -5.00 -7.50 -5.00 -6.50 -4.00 -5.50 -3.00 ];
reversals = [0 1 -1 0 1 -1 1 -1 1 -1 0 1 -1 0 1 -1 1 -1 1 -1 ];
measures = [0 0 0 0 1 1 1 1 1 1 1 1 1 1 1 1 1 1 1 1 ];
presentations = [1 2 3 4 5 6 7 8 9 10 11 12 13 14 15 16 17 18 19 20 ];
answers = [5 0 5 3 0 5 0 5 0 3 4 0 5 5 0 4 0 4 0 5 ];
adjustments = [-10 10 -5 -0.5 2.5 -2.5 2.5 -2.5 2.5 -0.5 -1.5 2.5 -2.5 -2.5 2.5 -1.5 2.5 -1.5 2.5 -2.5 ];
sentences = {'51417' '90790' '10681' '03262' '66553' '95162' '07970' '78835' '82009' '63558' '31601' '34226' '24318' '15149' '77974' '48835' '82487' '46393' '29744' '59026' };
offsets = [14774 6629 13588 19403 19681 8594 17406 24010 17332 16193 2050 7215 24463 427 20909 20078 29400 37219 11764 24458 ];

