target=0.75;minreversals=14;discardreversals=4;minmeasures=25;startvalue=60.00;steps=[8  8  4  2];feedback=0;
threshold = [109.00 ];
values = [84.00 108.00 100.00 92.00 92.00 92.00 92.00 92.00 92.00 116.00 112.00 120.00 120.00 118.00 118.00 118.00 118.00 116.00 116.00 116.00 114.00 114.00 112.00 110.00 118.00 118.00 116.00 114.00 114.00 112.00 110.00 108.00 106.00 104.00 104.00 104.00 110.00 108.00 116.00 122.00 122.00 120.00 118.00 116.00 114.00 114.00 114.00 112.00 110.00 110.00 108.00 106.00 106.00 104.00 102.00 100.00 108.00 106.00 104.00 104.00 102.00 102.00 102.00 ];
reversals = [0 -1 0 0 0 0 0 0 1 -1 1 0 -1 0 0 0 0 0 0 0 0 0 0 1 0 -1 0 0 0 0 0 0 0 0 0 1 -1 1 0 0 -1 0 0 0 0 0 0 0 0 0 0 0 0 0 0 1 -1 0 0 0 0 0 1 ];
measures = [0 0 0 0 0 0 0 0 0 0 0 0 1 1 1 1 1 1 1 1 1 1 1 1 1 1 1 1 1 1 1 1 1 1 1 1 1 1 1 1 1 1 1 1 1 1 1 1 1 1 1 1 1 1 1 1 1 1 1 1 1 1 1 ];
presentations = [1 1 1 0 0 0 0 0 1 1 0 0 1 0 0 0 1 0 0 1 0 1 1 0 0 1 1 0 1 1 1 1 1 0 0 1 1 0 1 0 1 1 1 1 0 0 1 1 0 1 1 0 1 1 1 0 1 1 0 1 0 0 1 ];
answers = [0 1 1 0 0 0 0 0 0 1 1 0 1 0 0 0 1 0 0 1 0 1 1 1 0 1 1 0 1 1 1 1 1 0 0 0 1 1 0 0 1 1 1 1 0 0 1 1 0 1 1 0 1 1 1 1 1 1 0 1 0 0 0 ];
adjustments = [24 -8 -8 0 0 0 0 0 24 -4 8 0 -2 0 0 0 -2 0 0 -2 0 -2 -2 8 0 -2 -2 0 -2 -2 -2 -2 -2 0 0 6 -2 8 6 0 -2 -2 -2 -2 0 0 -2 -2 0 -2 -2 0 -2 -2 -2 8 -2 -2 0 -2 0 0 6 ];

