target=0.50;discardreversals=2;startvalue=0.00;steps=[4  2  1];selfservice=0;
threshold = [9.75 ];
values = [5.00 15.00 9.00 12.00 11.50 10.00 8.50 11.00 11.50 12.00 12.50 12.00 9.50 10.00 8.50 9.00 10.50 9.00 8.50 8.00 ];
reversals = [0 -1 1 -1 0 0 1 0 0 0 -1 0 1 -1 1 0 -1 0 0 1 ];
measures = [0 0 0 1 1 1 1 1 1 1 1 1 1 1 1 1 1 1 1 1 ];
presentations = [1 2 3 4 5 6 7 8 9 10 11 12 13 14 15 16 17 18 19 20 ];
answers = [0 4 1 3 4 4 0 2 2 2 3 5 2 4 2 1 4 3 3 2 ];
adjustments = [10 -6 3 -0.5 -1.5 -1.5 2.5 0.5 0.5 0.5 -0.5 -2.5 0.5 -1.5 0.5 1.5 -1.5 -0.5 -0.5 0.5 ];
sentences = {'06251' '03676' '50976' '70565' '29394' '66127' '98162' '48832' '91451' '85813' '77705' '69444' '44697' '12339' '87713' '33528' '52988' '21080' '35209' '14040' };
offsets = [96401 87761 68423 32187 30080 87377 8444 13804 65839 46674 68045 40722 80783 75408 33880 51328 66696 38965 77300 48966 ];

