target=0.50;discardreversals=2;startvalue=0.00;steps=[4  2  1];selfservice=0;
threshold = [-0.50 ];
values = [0.00 10.00 0.00 -1.00 2.00 -0.50 0.00 0.50 -1.00 0.50 -1.00 -0.50 2.00 -0.50 0.00 -2.50 -2.00 -0.50 -3.00 -2.50 ];
reversals = [0 -1 0 1 -1 1 0 -1 1 -1 1 0 -1 1 -1 1 0 -1 1 0 ];
measures = [0 0 0 0 1 1 1 1 1 1 1 1 1 1 1 1 1 1 1 1 ];
presentations = [1 2 3 4 5 6 7 8 9 10 11 12 13 14 15 16 17 18 19 20 ];
answers = [0 5 3 1 5 2 2 4 1 4 2 0 5 2 5 2 1 5 2 2 ];
adjustments = [10 -10 -1 3 -2.5 0.5 0.5 -1.5 1.5 -1.5 0.5 2.5 -2.5 0.5 -2.5 0.5 1.5 -2.5 0.5 0.5 ];
sentences = {'52277' '61793' '00456' '89135' '15952' '33980' '37886' '95569' '68271' '76600' '23448' '89364' '47048' '02737' '24621' '76802' '18314' '90013' '44529' '51195' };
offsets = [982049 1395885 3063535 1900811 2731716 3909257 2580851 1661291 4564677 85412 4176468 4048099 103921 360397 1441941 3198146 118556 3551427 4313946 1080318 ];

