target=0.50;discardreversals=2;startvalue=0.00;steps=[4  2  1];selfservice=0;
threshold = [-2.50 ];
values = [0.00 6.00 -4.00 -3.00 -1.50 -3.00 -3.50 -3.00 -2.50 -5.00 -2.50 -2.00 -2.50 -4.00 -5.50 -3.00 -1.50 0.00 -2.50 -2.00 ];
reversals = [0 -1 1 0 -1 0 1 0 -1 1 0 -1 0 0 1 0 0 -1 1 0 ];
measures = [0 0 0 0 1 1 1 1 1 1 1 1 1 1 1 1 1 1 1 1 ];
presentations = [1 2 3 4 5 6 7 8 9 10 11 12 13 14 15 16 17 18 19 20 ];
answers = [1 5 2 1 4 3 2 2 5 0 2 3 4 4 0 1 1 5 2 1 ];
adjustments = [6 -10 1 1.5 -1.5 -0.5 0.5 0.5 -2.5 2.5 0.5 -0.5 -1.5 -1.5 2.5 1.5 1.5 -2.5 0.5 1.5 ];
sentences = {'67850' '43285' '46393' '07970' '72141' '34226' '82009' '95162' '26626' '39994' '63558' '80338' '05413' '94067' '78835' '51779' '51417' '29744' '10681' '18502' };
offsets = [1085 27119 29144 1454 8371 41881 905 4554 3223 12535 2017 12289 5803 32711 2447 13409 9006 4032 12149 20875 ];

