target=0.50;discardreversals=2;startvalue=0.00;steps=[4  2  1];selfservice=0;
threshold = [2.50 ];
values = [0.00 10.00 0.00 3.00 1.50 -1.00 1.50 0.00 1.50 3.00 3.50 2.00 3.50 4.00 2.50 5.00 5.50 5.00 2.50 4.00 ];
reversals = [0 -1 1 -1 0 1 -1 1 0 0 -1 1 0 -1 1 0 -1 0 1 -1 ];
measures = [0 0 0 1 1 1 1 1 1 1 1 1 1 1 1 1 1 1 1 1 ];
presentations = [1 2 3 4 5 6 7 8 9 10 11 12 13 14 15 16 17 18 19 20 ];
answers = [0 5 1 4 5 0 4 1 1 2 4 1 2 4 0 2 3 5 1 4 ];
adjustments = [10 -10 3 -1.5 -2.5 2.5 -1.5 1.5 1.5 0.5 -1.5 1.5 0.5 -1.5 2.5 0.5 -0.5 -2.5 1.5 -1.5 ];
sentences = {'70762' '78835' '47173' '10681' '92629' '65555' '95162' '23081' '09216' '63558' '18348' '51417' '34994' '34226' '51437' '07970' '29744' '46393' '86800' '82009' };
offsets = [430 22336 24677 473 1413 1961 10269 24056 7467 22880 18592 13808 1128 1779 1571 35211 5301 36619 10968 20887 ];

