target=0.50;discardreversals=2;startvalue=0.00;steps=[4  2  1];selfservice=0;
threshold = [9.00 ];
values = [0.00 10.00 20.00 10.00 5.00 8.00 9.50 8.00 8.50 8.00 7.50 7.00 9.50 9.00 10.50 11.00 11.50 9.00 10.50 8.00 ];
reversals = [0 0 -1 0 1 0 -1 1 -1 0 0 1 -1 1 0 0 -1 1 -1 1 ];
measures = [0 0 0 0 0 0 1 1 1 1 1 1 1 1 1 1 1 1 1 1 ];
presentations = [1 2 3 4 5 6 7 8 9 10 11 12 13 14 15 16 17 18 19 20 ];
answers = [0 0 5 5 1 1 4 2 3 3 3 0 3 1 2 2 5 1 5 2 ];
adjustments = [10 10 -10 -5 3 1.5 -1.5 0.5 -0.5 -0.5 -0.5 2.5 -0.5 1.5 0.5 0.5 -2.5 1.5 -2.5 0.5 ];
sentences = {'82487' '77974' '24318' '66127' '15149' '90790' '03676' '48832' '52988' '14040' '29394' '87713' '35209' '31601' '48835' '70565' '59026' '91451' '03262' '66553' };
offsets = [14065 3364 15499 24655 8269 9712 6234 32362 6508 12387 15498 9673 15873 8103 18287 19469 8253 30059 2806 5339 ];

