target=0.50;discardreversals=2;startvalue=0.00;steps=[4  2  1];selfservice=0;
threshold = [9.25 ];
values = [0.00 10.00 4.00 9.00 11.50 11.00 9.50 8.00 8.50 8.00 10.50 12.00 10.50 10.00 11.50 14.00 12.50 10.00 7.50 9.00 ];
reversals = [0 -1 1 0 -1 0 0 1 -1 1 0 -1 0 1 0 -1 0 0 1 0 ];
measures = [0 0 0 0 1 1 1 1 1 1 1 1 1 1 1 1 1 1 1 1 ];
presentations = [1 2 3 4 5 6 7 8 9 10 11 12 13 14 15 16 17 18 19 20 ];
answers = [0 4 0 0 3 4 4 2 3 0 1 4 3 1 0 4 5 5 1 0 ];
adjustments = [10 -6 5 2.5 -0.5 -1.5 -1.5 0.5 -0.5 2.5 1.5 -1.5 -0.5 1.5 2.5 -1.5 -2.5 -2.5 1.5 2.5 ];
sentences = {'70565' '03676' '87713' '70287' '48832' '14040' '29394' '66127' '22336' '54841' '91451' '93692' '52988' '11755' '87470' '45923' '08168' '69009' '35209' '36514' };
offsets = [3157444 4384966 1244756 700626 4049247 4520129 859890 783889 3601089 1531620 4582408 2815853 3233017 1873769 869712 2183273 3414889 3601879 2421336 1833914 ];

