target=0.50;discardreversals=2;startvalue=0.00;steps=[4  2  1];selfservice=0;
threshold = [-6.00 ];
values = [0.00 -2.00 -8.00 -2.00 -7.00 -5.50 -3.00 -4.50 -6.00 -5.50 -6.00 -8.50 -9.00 -6.50 -5.00 -4.50 -6.00 -7.50 -7.00 -6.50 ];
reversals = [0 0 1 -1 1 0 -1 0 1 -1 0 0 1 0 0 -1 0 1 0 0 ];
measures = [0 0 0 0 1 1 1 1 1 1 1 1 1 1 1 1 1 1 1 1 ];
presentations = [1 2 3 4 5 6 7 8 9 10 11 12 13 14 15 16 17 18 19 20 ];
answers = [3 4 1 5 1 0 4 4 2 3 5 3 0 1 2 4 4 2 2 2 ];
adjustments = [-2 -6 6 -5 1.5 2.5 -1.5 -1.5 0.5 -0.5 -2.5 -0.5 2.5 1.5 0.5 -1.5 -1.5 0.5 0.5 0.5 ];
sentences = {'91451' '63558' '82009' '10681' '52988' '78835' '66127' '35209' '51417' '95162' '34226' '14040' '70565' '29744' '48832' '29394' '07970' '46393' '87713' '03676' };
offsets = [2312162 1580075 6707 1977269 1749730 2592558 1740650 1097418 1373975 383302 2486958 825333 2845035 3146885 3918525 3872624 4495806 2149222 3711814 2982362 ];

