target=0.50;discardreversals=2;startvalue=0.00;steps=[4  2  1];selfservice=0;
threshold = [-6.75 ];
values = [0.00 -10.00 -20.00 -14.00 -9.00 -6.00 -1.00 -6.00 -5.50 -8.00 -10.50 -11.00 -10.50 -9.00 -6.50 -9.00 -9.50 -7.00 -7.50 -8.00 ];
reversals = [0 0 1 0 0 0 -1 1 -1 0 0 1 0 0 -1 0 1 -1 0 0 ];
measures = [0 0 0 0 0 0 0 1 1 1 1 1 1 1 1 1 1 1 1 1 ];
presentations = [1 2 3 4 5 6 7 8 9 10 11 12 13 14 15 16 17 18 19 20 ];
answers = [5 5 1 0 1 0 5 2 5 5 3 2 1 0 5 3 0 3 3 3 ];
adjustments = [-10 -10 6 5 3 5 -5 0.5 -2.5 -2.5 -0.5 0.5 1.5 2.5 -2.5 -0.5 2.5 -0.5 -0.5 -0.5 ];
sentences = {'24621' '95569' '90790' '76802' '77974' '33980' '15149' '66553' '00456' '52277' '48835' '18314' '03262' '31601' '24318' '82487' '59026' '61793' '89135' '47048' };
offsets = [138994 3963675 3355174 4022538 1229956 1656808 4779192 4690473 4404456 1078712 3074608 1943859 4016605 2089609 3359429 783630 3403918 3752037 3015229 1968744 ];

