target=0.50;discardreversals=2;startvalue=0.00;steps=[4  2  1];selfservice=0;
threshold = [-2.75 ];
values = [0.00 -2.00 0.00 -5.00 -2.50 -4.00 -1.50 -3.00 -1.50 -4.00 -1.50 0.00 -2.50 -4.00 -4.50 -6.00 -4.50 -4.00 -2.50 -2.00 ];
reversals = [0 1 -1 1 -1 1 -1 1 -1 1 0 -1 0 0 0 1 0 0 0 -1 ];
measures = [0 0 0 1 1 1 1 1 1 1 1 1 1 1 1 1 1 1 1 1 ];
presentations = [1 2 3 4 5 6 7 8 9 10 11 12 13 14 15 16 17 18 19 20 ];
answers = [3 2 5 0 4 0 4 1 5 0 1 5 4 3 4 1 2 1 2 3 ];
adjustments = [-2 2 -5 2.5 -1.5 2.5 -1.5 1.5 -2.5 2.5 1.5 -2.5 -1.5 -0.5 -1.5 1.5 0.5 1.5 0.5 -0.5 ];
sentences = {'51195' '15952' '24621' '76802' '90013' '89135' '76600' '00456' '33980' '37886' '89364' '95569' '68271' '47048' '44529' '23448' '52277' '61793' '18314' '02737' };
offsets = [12340 7418 8609 4597 2824 3270 24943 32480 14399 8833 4923 16437 4155 34500 37347 6157 1458 4239 865 20365 ];

