target=0.50;discardreversals=2;startvalue=0.00;steps=[4  2  1];selfservice=0;
threshold = [0.00 ];
values = [0.00 10.00 0.00 3.00 0.50 -1.00 1.50 3.00 3.50 3.00 0.50 -1.00 -0.50 0.00 -0.50 -1.00 0.50 0.00 1.50 1.00 ];
reversals = [0 -1 1 -1 0 1 0 0 -1 0 0 1 0 -1 0 1 -1 1 -1 0 ];
measures = [0 0 0 1 1 1 1 1 1 1 1 1 1 1 1 1 1 1 1 1 ];
presentations = [1 2 3 4 5 6 7 8 9 10 11 12 13 14 15 16 17 18 19 20 ];
answers = [0 5 1 5 4 0 1 2 3 5 4 2 2 3 3 1 3 1 3 4 ];
adjustments = [10 -10 3 -2.5 -1.5 2.5 1.5 0.5 -0.5 -2.5 -1.5 0.5 0.5 -0.5 -0.5 1.5 -0.5 1.5 -0.5 -1.5 ];
sentences = {'77705' '50976' '85813' '12339' '18348' '70762' '34994' '06251' '47173' '69444' '33528' '86800' '09216' '98162' '65555' '44697' '23081' '51437' '92629' '21080' };
offsets = [15133 23907 15667 8297 5254 378 28389 15125 259 18093 846 33440 23709 4735 3268 32195 22836 5364 1126 24055 ];

