target=0.50;discardreversals=2;startvalue=0.00;steps=[4  2  1];selfservice=0;
threshold = [-17.00 ];
values = [5.00 -5.00 -15.00 -13.00 -16.00 -16.50 -16.00 -18.50 -16.00 -16.50 -17.00 -18.50 -16.00 -18.50 -17.00 -19.50 -22.00 -23.50 -21.00 -19.50 ];
reversals = [0 0 1 -1 0 1 -1 1 -1 0 0 1 -1 1 -1 0 0 1 0 0 ];
measures = [0 0 0 0 0 1 1 1 1 1 1 1 1 1 1 1 1 1 1 1 ];
presentations = [1 2 3 4 5 6 7 8 9 10 11 12 13 14 15 16 17 18 19 20 ];
answers = [5 5 2 4 3 2 5 0 3 3 4 0 5 1 5 5 4 0 1 2 ];
adjustments = [-10 -10 2 -3 -0.5 0.5 -2.5 2.5 -0.5 -0.5 -1.5 2.5 -2.5 1.5 -2.5 -2.5 -1.5 2.5 1.5 0.5 ];
sentences = {'76600' '44529' '14040' '70565' '87713' '29394' '90013' '91451' '66127' '35209' '68271' '02737' '37886' '89364' '23448' '52988' '03676' '48832' '51195' '15952' };
offsets = [9822 96756 6462 63258 4714 73462 31948 44692 34985 59926 86503 50713 42421 28377 47920 320 8582 24126 3710 60306 ];

