target=0.50;discardreversals=2;startvalue=0.00;steps=[4  2  1];selfservice=0;
threshold = [-2.00 ];
values = [0.00 2.00 -4.00 -1.00 0.50 0.00 -2.50 -2.00 -4.50 -2.00 -4.50 -5.00 -2.50 -1.00 -3.50 -4.00 -1.50 -3.00 -0.50 -1.00 ];
reversals = [0 -1 1 0 -1 0 1 -1 1 -1 0 1 0 -1 0 1 -1 1 -1 0 ];
measures = [0 0 0 0 1 1 1 1 1 1 1 1 1 1 1 1 1 1 1 1 ];
presentations = [1 2 3 4 5 6 7 8 9 10 11 12 13 14 15 16 17 18 19 20 ];
answers = [2 4 1 1 3 5 2 5 0 5 3 0 1 5 3 0 4 0 3 5 ];
adjustments = [2 -6 3 1.5 -0.5 -2.5 0.5 -2.5 2.5 -2.5 -0.5 2.5 1.5 -2.5 -0.5 2.5 -1.5 2.5 -0.5 -2.5 ];
sentences = {'23081' '70565' '29394' '51437' '48832' '35209' '18348' '47173' '70762' '52988' '14040' '09216' '91451' '92629' '03676' '87713' '34994' '86800' '65555' '66127' };
offsets = [8175 5882 8192 3694 14481 2397 8033 34579 335 7732 7722 44144 13075 25908 4619 1886 2957 33354 2704 4196 ];

