target=0.50;discardreversals=2;startvalue=0.00;steps=[4  2  1];selfservice=0;
threshold = [-5.00 ];
values = [0.00 -6.00 4.00 -1.00 -3.50 -6.00 -3.50 -5.00 -6.50 -5.00 -3.50 -1.00 -3.50 -4.00 -4.50 -6.00 -3.50 -5.00 -3.50 -6.00 ];
reversals = [0 1 -1 0 0 1 -1 0 1 0 0 -1 0 0 0 1 -1 1 -1 1 ];
measures = [0 0 0 0 0 1 1 1 1 1 1 1 1 1 1 1 1 1 1 1 ];
presentations = [1 2 3 4 5 6 7 8 9 10 11 12 13 14 15 16 17 18 19 20 ];
answers = [4 0 5 5 5 0 4 4 1 1 0 5 3 3 4 0 4 1 5 0 ];
adjustments = [-6 10 -5 -2.5 -2.5 2.5 -1.5 -1.5 1.5 1.5 2.5 -2.5 -0.5 -0.5 -1.5 2.5 -1.5 1.5 -2.5 2.5 ];
sentences = {'77974' '15149' '70762' '03262' '23081' '18348' '31601' '92629' '47173' '51437' '82487' '90790' '09216' '48835' '34994' '59026' '86800' '24318' '66553' '65555' };
offsets = [14092 1954 59 23135 27561 6049 31133 10658 24557 5408 47 10235 39581 25857 16276 34089 12152 8473 36559 11661 ];

