target=0.50;discardreversals=2;startvalue=0.00;steps=[4  2  1];selfservice=0;
threshold = [-8.50 ];
values = [0.00 -6.00 -12.00 -2.00 -7.00 -7.50 -10.00 -8.50 -11.00 -8.50 -7.00 -8.50 -6.00 -8.50 -6.00 -8.50 -8.00 -9.50 -12.00 -10.50 ];
reversals = [0 0 1 -1 0 0 1 -1 1 0 -1 1 -1 1 -1 1 -1 0 1 0 ];
measures = [0 0 0 0 0 0 1 1 1 1 1 1 1 1 1 1 1 1 1 1 ];
presentations = [1 2 3 4 5 6 7 8 9 10 11 12 13 14 15 16 17 18 19 20 ];
answers = [4 4 0 5 3 5 1 5 0 1 4 0 5 0 5 2 4 5 1 1 ];
adjustments = [-6 -6 10 -5 -0.5 -2.5 1.5 -2.5 2.5 1.5 -1.5 2.5 -2.5 2.5 -2.5 0.5 -1.5 -2.5 1.5 1.5 ];
sentences = {'90790' '70762' '65555' '31601' '47173' '48835' '51437' '92629' '03262' '23081' '15149' '77974' '09216' '18348' '59026' '86800' '66553' '82487' '24318' '34994' };
offsets = [1672959 1873063 2621756 4004765 4204844 103329 597998 2409089 2294555 1174210 3039429 725371 3527310 4128071 3088436 715203 875186 1449185 4611909 1144294 ];

