target=0.50;discardreversals=2;startvalue=0.00;steps=[4  2  1];selfservice=0;
threshold = [-4.50 ];
values = [0.00 -6.00 4.00 1.00 -1.50 -4.00 -6.50 -4.00 -1.50 -4.00 -5.50 -3.00 -4.50 -3.00 -5.50 -6.00 -5.50 -4.00 -6.50 -4.00 ];
reversals = [0 1 -1 0 0 0 1 0 -1 0 1 -1 1 -1 0 1 0 -1 1 0 ];
measures = [0 0 0 0 0 0 1 1 1 1 1 1 1 1 1 1 1 1 1 1 ];
presentations = [1 2 3 4 5 6 7 8 9 10 11 12 13 14 15 16 17 18 19 20 ];
answers = [4 0 4 5 5 5 0 0 5 4 0 4 1 5 3 2 1 5 0 0 ];
adjustments = [-6 10 -3 -2.5 -2.5 -2.5 2.5 2.5 -2.5 -1.5 2.5 -1.5 1.5 -2.5 -0.5 0.5 1.5 -2.5 2.5 2.5 ];
sentences = {'15149' '37886' '89364' '51195' '59026' '90013' '82487' '44529' '31601' '90790' '77974' '66553' '15952' '24318' '68271' '48835' '02737' '23448' '76600' '03262' };
offsets = [2901 24828 10883 1246 3145 21025 26886 25552 11122 9407 313 10044 6558 9288 24232 13921 16742 9991 18579 23143 ];

