target=0.50;discardreversals=2;startvalue=0.00;steps=[4  2  1];selfservice=0;
threshold = [-8.50 ];
values = [0.00 -10.00 -12.00 -6.00 -11.00 -8.50 -9.00 -9.50 -11.00 -8.50 -9.00 -8.50 -6.00 -3.50 -6.00 -7.50 -7.00 -9.50 -11.00 -8.50 ];
reversals = [0 0 1 -1 1 -1 0 0 1 -1 1 0 0 -1 0 1 -1 0 1 -1 ];
measures = [0 0 0 0 1 1 1 1 1 1 1 1 1 1 1 1 1 1 1 1 ];
presentations = [1 2 3 4 5 6 7 8 9 10 11 12 13 14 15 16 17 18 19 20 ];
answers = [5 3 1 5 0 3 3 4 0 3 2 0 0 5 4 2 5 4 0 4 ];
adjustments = [-10 -2 6 -5 2.5 -0.5 -0.5 -1.5 2.5 -0.5 0.5 2.5 2.5 -2.5 -1.5 0.5 -2.5 -1.5 2.5 -1.5 ];
sentences = {'08168' '51195' '54841' '15952' '87470' '23448' '90013' '76600' '37886' '44529' '02737' '93692' '68271' '70287' '69009' '22336' '45923' '89364' '11755' '36514' };
offsets = [3544329 3532297 2603255 4612299 734483 4746890 4742416 913925 3910378 3416251 4150936 4065586 2855158 3387470 4003450 1866875 3355105 4177791 883726 2047760 ];

