target=0.50;discardreversals=2;startvalue=0.00;steps=[4  2  1];selfservice=0;
threshold = [-3.50 ];
values = [0.00 10.00 0.00 -5.00 0.00 -2.50 -5.00 -2.50 -5.00 -3.50 -5.00 -3.50 -5.00 -2.50 -4.00 -5.50 -3.00 -5.50 -3.00 -1.50 ];
reversals = [0 -1 0 1 -1 0 1 -1 1 -1 1 -1 1 -1 0 1 -1 1 0 -1 ];
measures = [0 0 0 0 1 1 1 1 1 1 1 1 1 1 1 1 1 1 1 1 ];
presentations = [1 2 3 4 5 6 7 8 9 10 11 12 13 14 15 16 17 18 19 20 ];
answers = [0 5 5 0 5 5 0 5 1 4 1 4 0 4 4 0 5 0 1 5 ];
adjustments = [10 -10 -5 5 -2.5 -2.5 2.5 -2.5 1.5 -1.5 1.5 -1.5 2.5 -1.5 -1.5 2.5 -2.5 2.5 1.5 -2.5 ];
sentences = {'45923' '11755' '87470' '36514' '76802' '24621' '95569' '47048' '89135' '22336' '18314' '08168' '52277' '93692' '54841' '69009' '70287' '33980' '61793' '00456' };
offsets = [3057 11188 4607 5840 19659 10478 23666 32458 22316 29629 18237 13123 8199 11392 1695 24218 7598 3311 3625 25067 ];

