target=0.50;discardreversals=2;startvalue=0.00;steps=[4  2  1];selfservice=0;
threshold = [-24.50 ];
values = [5.00 -5.00 -15.00 -13.00 -18.00 -19.50 -22.00 -24.50 -22.00 -19.50 -21.00 -23.50 -24.00 -26.50 -29.00 -26.50 -24.00 -26.50 -28.00 -29.50 ];
reversals = [0 0 1 -1 0 0 0 1 0 -1 0 0 0 0 1 0 -1 0 0 1 ];
measures = [0 0 0 0 0 0 0 1 1 1 1 1 1 1 1 1 1 1 1 1 ];
presentations = [1 2 3 4 5 6 7 8 9 10 11 12 13 14 15 16 17 18 19 20 ];
answers = [5 5 2 5 4 5 5 0 0 4 5 3 5 5 0 0 5 4 4 2 ];
adjustments = [-10 -10 2 -5 -1.5 -2.5 -2.5 2.5 2.5 -1.5 -2.5 -0.5 -2.5 -2.5 2.5 2.5 -2.5 -1.5 -1.5 0.5 ];
sentences = {'09216' '90790' '51437' '70762' '31601' '47173' '03262' '24318' '34994' '48835' '18348' '23081' '77974' '92629' '65555' '15149' '82487' '59026' '66553' '86800' };
offsets = [84571 9463 54046 18851 9876 92662 77378 81896 4893 81090 19836 73107 1095 2164 67682 35233 58373 4667 76003 67731 ];

