target=0.50;discardreversals=2;startvalue=0.00;steps=[4  2  1];selfservice=0;
threshold = [-12.25 ];
values = [0.00 -10.00 -20.00 -10.00 -7.00 -10.00 -7.50 -10.00 -11.50 -13.00 -11.50 -14.00 -13.50 -16.00 -17.50 -16.00 -13.50 -11.00 -11.50 -13.00 ];
reversals = [0 0 1 0 -1 1 -1 0 0 1 -1 1 -1 0 1 0 0 -1 0 0 ];
measures = [0 0 0 0 0 1 1 1 1 1 1 1 1 1 1 1 1 1 1 1 ];
presentations = [1 2 3 4 5 6 7 8 9 10 11 12 13 14 15 16 17 18 19 20 ];
answers = [5 5 0 1 4 0 5 4 4 1 5 2 5 4 1 0 0 3 4 4 ];
adjustments = [-10 -10 10 3 -3 2.5 -2.5 -1.5 -1.5 1.5 -2.5 0.5 -2.5 -1.5 1.5 2.5 2.5 -0.5 -1.5 -1.5 ];
sentences = {'91451' '54841' '36514' '93692' '48832' '03676' '69009' '22336' '14040' '87470' '52988' '87713' '35209' '45923' '11755' '70565' '66127' '29394' '08168' '70287' };
offsets = [2569360 1092232 1872693 2848540 3496288 563474 3489699 3971883 1874866 4421273 63465 521005 1456053 4138110 4398510 44166 821340 2757752 3413734 2538397 ];

