target=0.50;discardreversals=2;startvalue=0.00;steps=[4  2  1];selfservice=0;
threshold = [-4.00 ];
values = [0.00 -10.00 0.00 -5.00 -2.50 -4.00 -1.50 -4.00 -3.50 -5.00 -6.50 -4.00 -2.50 -4.00 -2.50 -4.00 -2.50 -5.00 -2.50 -4.00 ];
reversals = [0 1 -1 1 -1 1 -1 1 -1 0 1 0 -1 1 -1 1 -1 1 -1 1 ];
measures = [0 0 0 1 1 1 1 1 1 1 1 1 1 1 1 1 1 1 1 1 ];
presentations = [1 2 3 4 5 6 7 8 9 10 11 12 13 14 15 16 17 18 19 20 ];
answers = [5 0 5 0 4 0 5 2 4 4 0 1 4 1 4 1 5 0 4 1 ];
adjustments = [-10 10 -5 2.5 -1.5 2.5 -2.5 0.5 -1.5 -1.5 2.5 1.5 -1.5 1.5 -1.5 1.5 -2.5 2.5 -1.5 1.5 ];
sentences = {'98162' '33528' '69444' '80338' '39994' '72141' '77705' '50976' '05413' '94067' '51779' '43285' '44697' '12339' '26626' '67850' '85813' '21080' '06251' '18502' };
offsets = [14881 26893 19797 9112 17507 8509 132 25066 26245 20699 12282 18727 26182 7554 36386 8690 15561 5506 21032 4212 ];

