target=0.50;discardreversals=2;startvalue=0.00;steps=[4  2  1];selfservice=0;
threshold = [-3.00 ];
values = [0.00 6.00 -4.00 -1.00 -2.50 -2.00 0.50 -2.00 -4.50 -4.00 -4.50 -6.00 -4.50 -2.00 -4.50 -2.00 -3.50 -2.00 -4.50 -6.00 ];
reversals = [0 -1 1 -1 1 0 -1 0 1 -1 0 1 0 -1 1 -1 1 -1 0 1 ];
measures = [0 0 0 1 1 1 1 1 1 1 1 1 1 1 1 1 1 1 1 1 ];
presentations = [1 2 3 4 5 6 7 8 9 10 11 12 13 14 15 16 17 18 19 20 ];
answers = [1 5 1 4 2 0 5 5 2 3 4 1 0 5 0 4 1 5 4 1 ];
adjustments = [6 -10 3 -1.5 0.5 2.5 -2.5 -2.5 0.5 -0.5 -1.5 1.5 2.5 -2.5 2.5 -1.5 1.5 -2.5 -1.5 1.5 ];
sentences = {'15952' '89364' '02737' '37886' '78835' '68271' '46393' '07970' '23448' '34226' '95162' '44529' '82009' '51195' '63558' '90013' '76600' '10681' '29744' '51417' };
offsets = [3477 12330 9626 13213 6277 11010 34904 25651 16383 33662 9142 37690 14831 1048 21724 3486 20418 10993 3140 5372 ];

