target=0.50;discardreversals=2;startvalue=0.00;steps=[4  2  1];selfservice=0;
threshold = [-7.00 ];
values = [0.00 -10.00 0.00 -3.00 -5.50 -7.00 -9.50 -7.00 -6.50 -8.00 -5.50 -3.00 -5.50 -7.00 -7.50 -6.00 -4.50 -3.00 -5.50 -8.00 ];
reversals = [0 1 -1 0 0 0 1 0 -1 1 0 -1 0 0 1 0 0 -1 0 0 ];
measures = [0 0 0 0 0 0 1 1 1 1 1 1 1 1 1 1 1 1 1 1 ];
presentations = [1 2 3 4 5 6 7 8 9 10 11 12 13 14 15 16 17 18 19 20 ];
answers = [5 0 4 5 4 5 0 2 4 0 0 5 4 3 1 1 1 5 5 3 ];
adjustments = [-10 10 -3 -2.5 -1.5 -2.5 2.5 0.5 -1.5 2.5 2.5 -2.5 -1.5 -0.5 1.5 1.5 1.5 -2.5 -2.5 -0.5 ];
sentences = {'06251' '44697' '33528' '69444' '35209' '14040' '21080' '91451' '29394' '87713' '98162' '12339' '70565' '77705' '85813' '03676' '50976' '66127' '52988' '48832' };
offsets = [3950957 641241 1715866 3948041 2343192 628437 3917309 3904971 198766 25405 382483 2726149 601982 200337 836148 4510693 2943332 1749627 932899 3469240 ];

