target=0.50;discardreversals=2;startvalue=0.00;steps=[4  2  1];selfservice=0;
threshold = [-4.50 ];
values = [0.00 -10.00 0.00 -5.00 -2.50 -4.00 -4.50 -2.00 -4.50 -2.00 -4.50 -7.00 -8.50 -6.00 -6.50 -4.00 -5.50 -4.00 -4.50 -3.00 ];
reversals = [0 1 -1 1 -1 0 1 -1 1 -1 0 0 1 -1 1 -1 1 -1 1 -1 ];
measures = [0 0 0 1 1 1 1 1 1 1 1 1 1 1 1 1 1 1 1 1 ];
presentations = [1 2 3 4 5 6 7 8 9 10 11 12 13 14 15 16 17 18 19 20 ];
answers = [5 0 5 0 4 3 0 5 0 5 5 4 0 3 0 4 1 3 1 4 ];
adjustments = [-10 10 -5 2.5 -1.5 -0.5 2.5 -2.5 2.5 -2.5 -2.5 -1.5 2.5 -0.5 2.5 -1.5 1.5 -0.5 1.5 -1.5 ];
sentences = {'68819' '03491' '55025' '85813' '21080' '22586' '50976' '98162' '87263' '41634' '06251' '69444' '16140' '99308' '33528' '12339' '74972' '44697' '30757' '77705' };
offsets = [12742 6901 8072 16575 13868 14718 19585 10044 3208 26951 26693 25310 5125 14689 17405 14723 1908 3681 2741 1562 ];

