target=0.50;discardreversals=2;startvalue=0.00;steps=[4  2  1];selfservice=0;
threshold = [-27.50 ];
values = [5.00 -5.00 -11.00 -17.00 -19.00 -25.00 -15.00 -20.00 -20.50 -23.00 -23.50 -25.00 -27.50 -27.00 -29.50 -27.00 -28.50 -30.00 -32.50 -33.00 ];
reversals = [0 0 0 0 0 1 -1 0 0 0 0 0 1 -1 1 -1 0 0 0 1 ];
measures = [0 0 0 0 0 0 0 0 0 0 0 0 1 1 1 1 1 1 1 1 ];
presentations = [1 2 3 4 5 6 7 8 9 10 11 12 13 14 15 16 17 18 19 20 ];
answers = [5 4 4 3 4 0 5 3 5 3 4 5 2 5 0 4 4 5 3 0 ];
adjustments = [-10 -6 -6 -2 -6 10 -5 -0.5 -2.5 -0.5 -1.5 -2.5 0.5 -2.5 2.5 -1.5 -1.5 -2.5 -0.5 2.5 ];
sentences = {'11755' '43285' '22336' '94067' '72141' '45923' '93692' '51779' '39994' '87470' '69009' '26626' '18502' '67850' '80338' '08168' '54841' '70287' '05413' '36514' };
offsets = [59657 49383 20561 50985 1418 8983 74496 51960 57629 70914 35036 45447 64252 24444 69155 11732 61007 2685 49135 44821 ];

