target=0.50;discardreversals=2;startvalue=0.00;steps=[4  2  1];selfservice=0;
threshold = [20.50 ];
values = [0.00 10.00 20.00 30.00 28.00 23.00 24.00 21.50 22.00 20.50 22.00 22.50 23.00 20.50 19.00 16.50 17.00 14.50 17.00 19.50 ];
reversals = [0 0 0 -1 0 1 -1 1 -1 1 0 0 -1 0 0 1 -1 1 0 -1 ];
measures = [0 0 0 0 0 0 1 1 1 1 1 1 1 1 1 1 1 1 1 1 ];
presentations = [1 2 3 4 5 6 7 8 9 10 11 12 13 14 15 16 17 18 19 20 ];
answers = [0 0 0 3 5 2 5 2 4 1 2 2 5 4 5 2 5 0 0 5 ];
adjustments = [10 10 10 -2 -5 1 -2.5 0.5 -1.5 1.5 0.5 0.5 -2.5 -1.5 -2.5 0.5 -2.5 2.5 2.5 -2.5 ];
sentences = {'29394' '69444' '52988' '85813' '50976' '06251' '87713' '03676' '14040' '91451' '21080' '66127' '35209' '77705' '70565' '12339' '44697' '33528' '48832' '98162' };
offsets = [16156 24024 8708 20877 7553 39212 11069 40264 13359 29914 22122 4999 15577 12158 234 982 14276 24242 1330 13942 ];

