target=0.50;discardreversals=2;startvalue=0.00;steps=[4  2  1];selfservice=0;
threshold = [11.00 ];
values = [0.00 10.00 20.00 30.00 20.00 17.00 12.00 13.00 13.50 11.00 11.50 14.00 14.50 13.00 10.50 11.00 9.50 11.00 8.50 11.00 ];
reversals = [0 0 0 -1 0 0 1 0 -1 1 0 0 -1 0 1 -1 1 -1 1 -1 ];
measures = [0 0 0 0 0 0 0 0 1 1 1 1 1 1 1 1 1 1 1 1 ];
presentations = [1 2 3 4 5 6 7 8 9 10 11 12 13 14 15 16 17 18 19 20 ];
answers = [0 0 0 5 4 5 2 2 5 2 0 2 4 5 2 4 1 5 0 5 ];
adjustments = [10 10 10 -10 -3 -5 1 0.5 -2.5 0.5 2.5 0.5 -1.5 -2.5 0.5 -1.5 1.5 -2.5 2.5 -2.5 ];
sentences = {'03262' '90790' '31601' '24318' '82487' '15149' '44529' '76600' '15952' '51195' '68271' '90013' '23448' '02737' '48835' '59026' '66553' '77974' '89364' '37886' };
offsets = [2000544 3674449 4211631 2251237 1674117 522761 792988 518125 1267859 3150954 2025134 3151479 941957 3396856 998613 151799 2736610 2412136 3127474 3377586 ];

