target=0.75;minreversals=14;discardreversals=4;minmeasures=25;startvalue=60.00;steps=[8  8  4  2];feedback=0;
threshold = [338.00 ];
values = [268.00 292.00 316.00 308.00 332.00 344.00 356.00 356.00 356.00 368.00 364.00 362.00 362.00 360.00 360.00 358.00 358.00 358.00 358.00 356.00 354.00 352.00 350.00 348.00 346.00 346.00 344.00 344.00 342.00 340.00 340.00 346.00 344.00 344.00 342.00 342.00 342.00 342.00 340.00 340.00 340.00 340.00 340.00 338.00 338.00 336.00 336.00 336.00 336.00 336.00 342.00 342.00 340.00 340.00 338.00 338.00 336.00 336.00 336.00 336.00 334.00 340.00 340.00 340.00 340.00 340.00 338.00 338.00 338.00 338.00 336.00 342.00 340.00 340.00 338.00 336.00 336.00 334.00 334.00 334.00 332.00 332.00 338.00 336.00 336.00 336.00 334.00 334.00 334.00 340.00 338.00 ];
reversals = [0 0 -1 1 0 0 0 0 0 -1 0 0 0 0 0 0 0 0 0 0 0 0 0 0 0 0 0 0 0 0 1 -1 0 0 0 0 0 0 0 0 0 0 0 0 0 0 0 0 0 1 0 -1 0 0 0 0 0 0 0 0 1 0 0 0 0 -1 0 0 0 0 1 -1 0 0 0 0 0 0 0 0 0 1 -1 0 0 0 0 0 1 -1 0 ];
measures = [0 0 0 0 0 0 0 0 0 0 0 0 0 0 0 0 0 0 0 0 0 0 0 0 0 0 0 0 0 0 0 1 1 1 1 1 1 1 1 1 1 1 1 1 1 1 1 1 1 1 1 1 1 1 1 1 1 1 1 1 1 1 1 1 1 1 1 1 1 1 1 1 1 1 1 1 1 1 1 1 1 1 1 1 1 1 1 1 1 1 1 ];
presentations = [1 1 1 1 1 1 0 0 1 1 1 0 1 0 1 0 0 0 1 1 1 1 1 1 0 1 0 1 1 0 1 1 0 1 0 0 0 1 0 0 0 0 1 0 1 0 0 0 0 1 0 1 0 1 0 1 0 0 0 1 1 0 0 0 0 1 0 0 0 1 1 1 0 1 1 0 1 0 0 1 0 1 1 0 0 1 0 0 1 1 1 ];
answers = [0 0 1 0 0 0 0 0 0 1 1 0 1 0 1 0 0 0 1 1 1 1 1 1 0 1 0 1 1 0 0 1 0 1 0 0 0 1 0 0 0 0 1 0 1 0 0 0 0 0 0 1 0 1 0 1 0 0 0 1 0 0 0 0 0 1 0 0 0 1 0 1 0 1 1 0 1 0 0 1 0 0 1 0 0 1 0 0 0 1 1 ];
adjustments = [24 24 -8 24 12 12 0 0 12 -4 -2 0 -2 0 -2 0 0 0 -2 -2 -2 -2 -2 -2 0 -2 0 -2 -2 0 6 -2 0 -2 0 0 0 -2 0 0 0 0 -2 0 -2 0 0 0 0 6 0 -2 0 -2 0 -2 0 0 0 -2 6 0 0 0 0 -2 0 0 0 -2 6 -2 0 -2 -2 0 -2 0 0 -2 0 6 -2 0 0 -2 0 0 6 -2 -2 ];

