target=0.50;discardreversals=2;startvalue=0.00;steps=[4  2  1];selfservice=0;
threshold = [6.50 ];
values = [0.00 10.00 20.00 10.00 5.00 8.00 9.50 11.00 10.50 9.00 7.50 5.00 6.50 4.00 6.50 6.00 8.50 9.00 8.50 7.00 ];
reversals = [0 0 -1 0 1 0 0 -1 0 0 0 1 -1 1 -1 1 0 -1 0 1 ];
measures = [0 0 0 0 0 0 0 1 1 1 1 1 1 1 1 1 1 1 1 1 ];
presentations = [1 2 3 4 5 6 7 8 9 10 11 12 13 14 15 16 17 18 19 20 ];
answers = [0 0 5 5 1 1 1 3 4 4 5 1 5 0 3 0 2 3 4 1 ];
adjustments = [10 10 -10 -5 3 1.5 1.5 -0.5 -1.5 -1.5 -2.5 1.5 -2.5 2.5 -0.5 2.5 0.5 -0.5 -1.5 1.5 ];
sentences = {'44529' '24318' '76600' '15149' '37886' '89364' '23448' '66553' '90790' '15952' '90013' '51195' '02737' '68271' '59026' '31601' '77974' '03262' '82487' '48835' };
offsets = [36414 2816 25107 8898 21123 14644 20403 4063 554 6637 7709 10040 19576 12075 303 3348 5525 17169 29272 29163 ];

