target=0.50;discardreversals=2;startvalue=0.00;steps=[4  2  1];selfservice=0;
threshold = [17.50 ];
values = [0.00 10.00 20.00 22.00 12.00 17.00 17.50 17.00 16.50 19.00 18.50 17.00 17.50 15.00 17.50 20.00 18.50 19.00 16.50 15.00 ];
reversals = [0 0 0 -1 1 0 -1 0 1 -1 0 1 -1 1 0 -1 1 -1 0 0 ];
measures = [0 0 0 0 0 0 1 1 1 1 1 1 1 1 1 1 1 1 1 1 ];
presentations = [1 2 3 4 5 6 7 8 9 10 11 12 13 14 15 16 17 18 19 20 ];
answers = [0 0 2 5 0 2 3 3 0 3 4 2 5 0 0 4 2 5 4 3 ];
adjustments = [10 10 2 -10 5 0.5 -0.5 -0.5 2.5 -0.5 -1.5 0.5 -2.5 2.5 2.5 -1.5 0.5 -2.5 -1.5 -0.5 ];
sentences = {'72141' '18502' '43285' '24621' '26626' '94067' '89135' '61793' '80338' '67850' '51779' '33980' '00456' '05413' '47048' '18314' '76802' '95569' '39994' '52277' };
offsets = [2327732 460099 4010849 3483709 770897 901001 4443845 3330005 674491 3190058 265221 2540601 3058181 2756665 1429950 3448345 2248737 3698566 2074794 4016222 ];

