target=0.75;minreversals=14;discardreversals=4;minmeasures=25;startvalue=70.00;steps=[4  4  2  1];feedback=0;
threshold = [149.00 ];
values = [154.00 150.00 146.00 142.00 138.00 138.00 150.00 150.00 150.00 162.00 162.00 162.00 162.00 158.00 158.00 158.00 158.00 158.00 156.00 156.00 154.00 152.00 150.00 150.00 150.00 150.00 150.00 150.00 150.00 150.00 148.00 148.00 148.00 154.00 153.00 153.00 152.00 151.00 151.00 150.00 150.00 150.00 149.00 149.00 149.00 149.00 148.00 148.00 148.00 148.00 151.00 155.00 155.00 155.00 158.00 162.00 165.00 168.00 167.00 167.00 166.00 166.00 165.00 164.00 163.00 162.00 161.00 161.00 161.00 161.00 160.00 159.00 158.00 157.00 157.00 157.00 156.00 155.00 154.00 153.00 152.00 152.00 152.00 152.00 152.00 152.00 151.00 150.00 149.00 148.00 147.00 146.00 145.00 145.00 148.00 151.00 151.00 151.00 150.00 150.00 150.00 150.00 150.00 150.00 150.00 150.00 150.00 150.00 153.00 152.00 151.00 150.00 149.00 148.00 147.00 146.00 145.00 144.00 148.00 147.00 147.00 146.00 145.00 144.00 143.00 147.00 147.00 147.00 147.00 147.00 150.00 ];
reversals = [0 0 0 0 0 1 0 0 0 0 0 0 -1 0 0 0 0 0 0 0 0 0 0 0 0 0 0 0 0 0 0 0 1 -1 0 0 0 0 0 0 0 0 0 0 0 0 0 0 0 1 0 0 0 0 0 0 0 -1 0 0 0 0 0 0 0 0 0 0 0 0 0 0 0 0 0 0 0 0 0 0 0 0 0 0 0 0 0 0 0 0 0 0 0 1 0 0 0 -1 0 0 0 0 0 0 0 0 0 1 -1 0 0 0 0 0 0 0 0 1 -1 0 0 0 0 0 1 0 0 0 0 0 -1 ];
measures = [0 0 0 0 0 0 0 0 0 0 0 0 0 0 0 0 0 0 0 0 0 0 0 0 0 0 0 0 0 0 0 0 0 0 0 0 0 0 0 0 0 0 0 0 0 0 0 0 0 1 1 1 1 1 1 1 1 1 1 1 1 1 1 1 1 1 1 1 1 1 1 1 1 1 1 1 1 1 1 1 1 1 1 1 1 1 1 1 1 1 1 1 1 1 1 1 1 1 1 1 1 1 1 1 1 1 1 1 1 1 1 1 1 1 1 1 1 1 1 1 1 1 1 1 1 1 1 1 1 1 1 ];
presentations = [1 1 1 1 0 1 0 0 1 0 0 0 1 0 0 0 0 1 0 1 1 1 0 0 0 0 0 0 0 1 0 0 1 1 0 1 1 0 1 0 0 1 0 0 0 1 0 0 0 1 0 0 0 1 0 1 1 1 0 1 0 1 1 1 1 1 0 0 0 1 1 1 1 0 0 1 1 1 1 1 0 0 0 0 0 1 1 1 1 1 1 1 0 1 1 0 0 1 0 0 0 0 0 0 0 0 0 1 1 1 1 1 1 1 1 1 1 0 1 0 1 1 1 1 0 0 0 0 0 1 1 ];
answers = [1 1 1 1 0 0 0 0 0 0 0 0 1 0 0 0 0 1 0 1 1 1 0 0 0 0 0 0 0 1 0 0 0 1 0 1 1 0 1 0 0 1 0 0 0 1 0 0 0 0 1 0 0 0 1 0 0 1 0 1 0 1 1 1 1 1 0 0 0 1 1 1 1 0 0 1 1 1 1 1 0 0 0 0 0 1 1 1 1 1 1 1 0 0 0 0 0 1 0 0 0 0 0 0 0 0 0 0 1 1 1 1 1 1 1 1 1 1 1 0 1 1 1 1 1 0 0 0 0 0 1 ];
adjustments = [-4 -4 -4 -4 0 12 0 0 12 0 0 0 -4 0 0 0 0 -2 0 -2 -2 -2 0 0 0 0 0 0 0 -2 0 0 6 -1 0 -1 -1 0 -1 0 0 -1 0 0 0 -1 0 0 0 3 4 0 0 3 4 3 3 -1 0 -1 0 -1 -1 -1 -1 -1 0 0 0 -1 -1 -1 -1 0 0 -1 -1 -1 -1 -1 0 0 0 0 0 -1 -1 -1 -1 -1 -1 -1 0 3 3 0 0 -1 0 0 0 0 0 0 0 0 0 3 -1 -1 -1 -1 -1 -1 -1 -1 -1 4 -1 0 -1 -1 -1 -1 4 0 0 0 0 3 -1 ];

