target=0.50;discardreversals=2;startvalue=0.00;steps=[4  2  1];selfservice=0;
threshold = [4.75 ];
values = [0.00 10.00 20.00 10.00 9.00 4.00 9.00 9.50 11.00 8.50 6.00 3.50 6.00 4.50 4.00 2.50 5.00 7.50 8.00 8.50 ];
reversals = [0 0 -1 0 0 1 0 0 -1 0 0 1 -1 0 0 1 0 0 0 0 ];
measures = [0 0 0 0 0 0 0 0 1 1 1 1 1 1 1 1 1 1 1 1 ];
presentations = [1 2 3 4 5 6 7 8 9 10 11 12 13 14 15 16 17 18 19 20 ];
answers = [0 0 5 3 5 0 2 1 5 5 5 0 4 3 4 0 0 2 2 2 ];
adjustments = [10 10 -10 -1 -5 5 0.5 1.5 -2.5 -2.5 -2.5 2.5 -1.5 -0.5 -1.5 2.5 2.5 0.5 0.5 0.5 ];
sentences = {'07970' '95162' '15149' '78835' '46393' '66553' '82009' '31601' '24318' '10681' '77974' '48835' '59026' '29744' '82487' '90790' '03262' '51417' '34226' '63558' };
offsets = [22257 3843 7402 4155 39429 27055 9434 14731 3010 6075 27551 17461 15586 12419 7724 9089 1609 23487 7635 21611 ];

