target=0.75;minreversals=14;discardreversals=4;minmeasures=25;startvalue=60.00;steps=[8  8  4  2];feedback=0;
threshold = [142.00 ];
values = [180.00 172.00 164.00 156.00 148.00 140.00 132.00 124.00 148.00 140.00 140.00 136.00 136.00 136.00 136.00 148.00 148.00 146.00 146.00 146.00 146.00 152.00 150.00 148.00 148.00 146.00 144.00 142.00 142.00 142.00 142.00 140.00 140.00 138.00 138.00 136.00 142.00 148.00 146.00 144.00 144.00 142.00 140.00 140.00 138.00 136.00 142.00 140.00 140.00 140.00 140.00 140.00 140.00 140.00 146.00 144.00 144.00 144.00 144.00 144.00 144.00 144.00 144.00 144.00 144.00 142.00 140.00 138.00 136.00 136.00 142.00 142.00 ];
reversals = [0 0 0 0 0 0 0 1 -1 0 0 0 0 0 1 0 -1 0 0 0 1 -1 0 0 0 0 0 0 0 0 0 0 0 0 0 1 0 -1 0 0 0 0 0 0 0 1 -1 0 0 0 0 0 0 1 -1 0 0 0 0 0 0 0 0 0 0 0 0 0 0 1 0 -1 ];
measures = [0 0 0 0 0 0 0 0 0 0 0 0 0 0 0 0 0 0 0 0 1 1 1 1 1 1 1 1 1 1 1 1 1 1 1 1 1 1 1 1 1 1 1 1 1 1 1 1 1 1 1 1 1 1 1 1 1 1 1 1 1 1 1 1 1 1 1 1 1 1 1 1 ];
presentations = [1 1 1 1 1 1 1 1 1 0 1 0 0 0 1 0 1 0 0 0 1 1 1 0 1 1 1 0 0 0 1 0 1 0 1 1 1 1 1 0 1 1 0 1 1 1 1 0 0 0 0 0 0 1 1 0 0 0 0 0 0 0 0 0 1 1 1 1 0 1 0 1 ];
answers = [1 1 1 1 1 1 1 0 1 0 1 0 0 0 0 0 1 0 0 0 0 1 1 0 1 1 1 0 0 0 1 0 1 0 1 0 0 1 1 0 1 1 0 1 1 0 1 0 0 0 0 0 0 0 1 0 0 0 0 0 0 0 0 0 1 1 1 1 0 0 0 1 ];
adjustments = [-8 -8 -8 -8 -8 -8 -8 24 -8 0 -4 0 0 0 12 0 -2 0 0 0 6 -2 -2 0 -2 -2 -2 0 0 0 -2 0 -2 0 -2 6 6 -2 -2 0 -2 -2 0 -2 -2 6 -2 0 0 0 0 0 0 6 -2 0 0 0 0 0 0 0 0 0 -2 -2 -2 -2 0 6 0 -2 ];

