target=0.50;discardreversals=2;startvalue=0.00;steps=[4  2  1];selfservice=0;
threshold = [19.50 ];
values = [5.00 15.00 25.00 15.00 20.00 18.50 18.00 18.50 20.00 18.50 19.00 20.50 20.00 19.50 18.00 17.50 20.00 18.50 19.00 19.50 ];
reversals = [0 0 -1 1 -1 0 1 0 -1 1 0 -1 0 0 0 1 -1 1 0 -1 ];
measures = [0 0 0 0 1 1 1 1 1 1 1 1 1 1 1 1 1 1 1 1 ];
presentations = [1 2 3 4 5 6 7 8 9 10 11 12 13 14 15 16 17 18 19 20 ];
answers = [0 0 5 0 4 3 2 1 4 2 1 3 3 4 3 0 4 2 2 4 ];
adjustments = [10 10 -10 5 -1.5 -0.5 0.5 1.5 -1.5 0.5 1.5 -0.5 -0.5 -1.5 -0.5 2.5 -1.5 0.5 0.5 -1.5 ];
sentences = {'67850' '72141' '26626' '48832' '35209' '52988' '18502' '14040' '39994' '43285' '91451' '80338' '70565' '29394' '05413' '03676' '51779' '94067' '66127' '87713' };
offsets = [7612 33768 76098 26513 25996 45136 6914 31120 58959 32340 34391 75145 77516 12443 35331 11052 12156 25399 101052 22003 ];

