target=0.75;minreversals=14;discardreversals=4;minmeasures=25;startvalue=70.00;steps=[4  4  2  1];feedback=0;
threshold = [102.00 ];
values = [86.00 98.00 94.00 106.00 106.00 104.00 103.00 103.00 102.00 101.00 100.00 99.00 99.00 99.00 102.00 101.00 100.00 100.00 99.00 99.00 99.00 99.00 98.00 97.00 96.00 96.00 99.00 99.00 102.00 106.00 105.00 104.00 104.00 107.00 107.00 106.00 105.00 104.00 104.00 104.00 104.00 104.00 103.00 103.00 102.00 102.00 101.00 101.00 101.00 101.00 101.00 101.00 101.00 101.00 104.00 103.00 102.00 102.00 101.00 101.00 100.00 100.00 99.00 99.00 99.00 102.00 102.00 102.00 101.00 100.00 99.00 99.00 ];
reversals = [0 -1 1 0 -1 0 0 0 0 0 0 0 0 1 -1 0 0 0 0 0 0 0 0 0 0 1 0 0 0 -1 0 0 1 0 -1 0 0 0 0 0 0 0 0 0 0 0 0 0 0 0 0 0 0 1 -1 0 0 0 0 0 0 0 0 0 1 0 0 -1 0 0 0 1 ];
measures = [0 0 0 0 0 0 0 0 0 0 0 0 0 0 1 1 1 1 1 1 1 1 1 1 1 1 1 1 1 1 1 1 1 1 1 1 1 1 1 1 1 1 1 1 1 1 1 1 1 1 1 1 1 1 1 1 1 1 1 1 1 1 1 1 1 1 1 1 1 1 1 1 ];
presentations = [1 1 1 0 1 1 0 1 1 1 1 0 0 1 1 1 0 1 0 0 0 1 1 1 0 1 0 1 0 1 1 0 1 0 1 1 1 0 0 0 0 1 0 1 0 1 0 0 0 0 0 0 0 1 1 1 0 1 0 1 0 1 0 0 1 0 0 1 1 1 0 1 ];
answers = [0 1 0 0 1 1 0 1 1 1 1 0 0 0 1 1 0 1 0 0 0 1 1 1 0 0 0 0 1 1 1 0 0 0 1 1 1 0 0 0 0 1 0 1 0 1 0 0 0 0 0 0 0 0 1 1 0 1 0 1 0 1 0 0 0 0 0 1 1 1 0 0 ];
adjustments = [12 -4 12 0 -2 -1 0 -1 -1 -1 -1 0 0 3 -1 -1 0 -1 0 0 0 -1 -1 -1 0 3 0 3 4 -1 -1 0 3 0 -1 -1 -1 0 0 0 0 -1 0 -1 0 -1 0 0 0 0 0 0 0 3 -1 -1 0 -1 0 -1 0 -1 0 0 3 0 0 -1 -1 -1 0 3 ];

