target=0.50;discardreversals=2;startvalue=0.00;steps=[4  2  1];selfservice=0;
threshold = [19.50 ];
values = [0.00 10.00 16.00 26.00 32.00 22.00 27.00 25.50 25.00 23.50 21.00 21.50 21.00 19.50 18.00 19.50 18.00 17.50 15.00 16.50 ];
reversals = [0 0 0 0 -1 1 -1 0 0 0 1 -1 0 0 1 -1 0 0 1 -1 ];
measures = [0 0 0 0 0 0 1 1 1 1 1 1 1 1 1 1 1 1 1 1 ];
presentations = [1 2 3 4 5 6 7 8 9 10 11 12 13 14 15 16 17 18 19 20 ];
answers = [0 1 0 1 5 0 4 3 4 5 2 3 4 4 1 4 3 5 1 5 ];
adjustments = [10 6 10 6 -10 5 -1.5 -0.5 -1.5 -2.5 0.5 -0.5 -1.5 -1.5 1.5 -1.5 -0.5 -2.5 1.5 -2.5 ];
sentences = {'05413' '92629' '43285' '94067' '26626' '18348' '51779' '23081' '39994' '70762' '34994' '18502' '51437' '80338' '47173' '65555' '86800' '72141' '67850' '09216' };
offsets = [341 14307 22120 16300 33975 2744 9028 8894 15343 300 18763 6056 20751 21184 17007 14501 4848 8608 8213 10247 ];

