target=0.50;discardreversals=2;startvalue=0.00;steps=[4  2  1];selfservice=0;
threshold = [8.50 ];
values = [0.00 2.00 12.00 6.00 7.00 7.50 7.00 9.50 9.00 9.50 9.00 9.50 11.00 10.50 9.00 6.50 8.00 7.50 7.00 6.50 ];
reversals = [0 0 -1 1 0 -1 1 -1 1 -1 1 0 -1 0 0 1 -1 0 0 1 ];
measures = [0 0 0 0 0 1 1 1 1 1 1 1 1 1 1 1 1 1 1 1 ];
presentations = [1 2 3 4 5 6 7 8 9 10 11 12 13 14 15 16 17 18 19 20 ];
answers = [2 0 4 2 2 3 0 3 2 3 2 1 3 4 5 1 3 3 3 0 ];
adjustments = [2 10 -6 1 0.5 -0.5 2.5 -0.5 0.5 -0.5 0.5 1.5 -0.5 -1.5 -2.5 1.5 -0.5 -0.5 -0.5 2.5 ];
sentences = {'54841' '93692' '61793' '89135' '45923' '22336' '18314' '52277' '33980' '70287' '69009' '95569' '24621' '87470' '00456' '08168' '36514' '76802' '47048' '11755' };
offsets = [4583175 1032485 3408377 1956873 3528888 4100250 3603753 3233203 4627803 1231029 4396091 4428591 1576772 2887474 4209745 4365221 3371727 80775 2769337 1647785 ];

