target=0.50;discardreversals=2;startvalue=0.00;steps=[4  2  1];selfservice=0;
threshold = [-8.25 ];
values = [5.00 -1.00 1.00 -2.00 -2.50 -4.00 -4.50 -5.00 -5.50 -6.00 -5.50 -6.00 -8.50 -8.00 -9.50 -10.00 -10.50 -12.00 -10.50 -9.00 ];
reversals = [0 1 -1 0 0 0 0 0 0 1 -1 0 1 -1 0 0 0 1 0 -1 ];
measures = [0 0 0 0 0 0 0 0 0 1 1 1 1 1 1 1 1 1 1 1 ];
presentations = [1 2 3 4 5 6 7 8 9 10 11 12 13 14 15 16 17 18 19 20 ];
answers = [4 2 4 3 4 3 3 3 3 2 3 5 2 4 3 3 4 1 1 3 ];
adjustments = [-6 2 -3 -0.5 -1.5 -0.5 -0.5 -0.5 -0.5 0.5 -0.5 -2.5 0.5 -1.5 -0.5 -0.5 -1.5 1.5 1.5 -0.5 ];
sentences = {'70565' '14040' '69009' '52988' '87470' '36514' '54841' '45923' '91451' '08168' '22336' '70287' '11755' '29394' '03676' '35209' '87713' '93692' '48832' '66127' };
offsets = [52989 59172 23430 3453 28617 96266 72129 59393 71587 12174 91439 43438 44012 69480 40206 43899 24087 6322 24606 61778 ];

