target=0.50;discardreversals=2;startvalue=0.00;steps=[4  2  1];selfservice=0;
threshold = [4.50 ];
values = [0.00 6.00 4.00 7.00 4.50 5.00 5.50 5.00 5.50 4.00 4.50 3.00 2.50 4.00 5.50 6.00 3.50 2.00 2.50 2.00 ];
reversals = [0 -1 1 -1 1 0 -1 1 -1 1 -1 0 1 0 0 -1 0 1 -1 1 ];
measures = [0 0 0 1 1 1 1 1 1 1 1 1 1 1 1 1 1 1 1 1 ];
presentations = [1 2 3 4 5 6 7 8 9 10 11 12 13 14 15 16 17 18 19 20 ];
answers = [1 3 1 5 2 2 3 2 4 2 4 3 1 1 2 5 4 2 3 1 ];
adjustments = [6 -2 3 -2.5 0.5 0.5 -0.5 0.5 -1.5 0.5 -1.5 -0.5 1.5 1.5 0.5 -2.5 -1.5 0.5 -0.5 1.5 ];
sentences = {'52277' '74972' '33980' '89135' '41634' '16140' '00456' '61793' '87263' '22586' '24621' '55025' '68819' '30757' '47048' '95569' '03491' '18314' '76802' '99308' };
offsets = [3190 3 18354 11278 26537 12497 19521 16112 1297 21795 17221 17640 1232 3102 24382 18838 32000 13085 24449 18465 ];

