target=0.50;discardreversals=2;startvalue=0.00;steps=[4  2  1];selfservice=0;
threshold = [3.50 ];
values = [0.00 2.00 0.00 3.00 2.50 4.00 1.50 2.00 3.50 2.00 2.50 4.00 2.50 3.00 5.50 6.00 5.50 5.00 5.50 6.00 ];
reversals = [0 -1 1 -1 1 -1 1 0 -1 1 0 -1 1 0 0 -1 0 1 0 -1 ];
measures = [0 0 0 1 1 1 1 1 1 1 1 1 1 1 1 1 1 1 1 1 ];
presentations = [1 2 3 4 5 6 7 8 9 10 11 12 13 14 15 16 17 18 19 20 ];
answers = [2 3 1 3 1 5 2 1 4 2 1 4 2 0 2 3 3 2 2 3 ];
adjustments = [2 -2 3 -0.5 1.5 -2.5 0.5 1.5 -1.5 0.5 1.5 -1.5 0.5 2.5 0.5 -0.5 -0.5 0.5 0.5 -0.5 ];
sentences = {'93692' '70287' '15149' '59026' '82487' '69009' '45923' '11755' '87470' '24318' '08168' '36514' '31601' '90790' '03262' '22336' '77974' '48835' '54841' '66553' };
offsets = [19243 3371 2938 9495 9626 8729 2391 15852 3013 27491 16132 1185 32782 6217 25709 19594 28215 722 8015 3681 ];

