target=0.50;discardreversals=2;startvalue=0.00;steps=[4  2  1];selfservice=0;
threshold = [2.75 ];
values = [0.00 2.00 8.00 6.00 5.00 6.00 4.50 3.00 1.50 0.00 0.50 1.00 2.50 0.00 0.50 3.00 1.50 4.00 4.50 3.00 ];
reversals = [0 0 -1 0 1 -1 0 0 0 1 0 0 -1 1 0 -1 1 0 -1 1 ];
measures = [0 0 0 0 0 1 1 1 1 1 1 1 1 1 1 1 1 1 1 1 ];
presentations = [1 2 3 4 5 6 7 8 9 10 11 12 13 14 15 16 17 18 19 20 ];
answers = [2 1 3 3 2 4 4 4 4 2 2 1 5 2 0 4 0 2 4 2 ];
adjustments = [2 6 -2 -1 1 -1.5 -1.5 -1.5 -1.5 0.5 0.5 1.5 -2.5 0.5 2.5 -1.5 2.5 0.5 -1.5 0.5 ];
sentences = {'87263' '30757' '23081' '65555' '92629' '03491' '70762' '74972' '47173' '99308' '16140' '86800' '55025' '22586' '41634' '68819' '18348' '09216' '51437' '34994' };
offsets = [784836 1967716 3594907 4679839 3227884 4370892 3784523 2201134 2411804 914492 2477212 4538137 4746271 3445806 2451501 68129 426754 2167408 2325529 1889542 ];

