target=0.50;discardreversals=2;startvalue=0.00;steps=[4  2  1];selfservice=0;
%parameters=icra1,65,re
threshold = [-4.00 ];
values = [0.00 -10.00 0.00 -5.00 -2.50 -4.00 -2.50 -3.00 -4.50 -5.00 -4.50 -5.00 -4.50 -3.00 -1.50 -4.00 -2.50 -1.00 -0.50 -2.00 ];
reversals = [0 1 -1 1 -1 1 -1 0 0 1 -1 1 0 0 -1 1 0 0 -1 1 ];
measures = [0 0 0 1 1 1 1 1 1 1 1 1 1 1 1 1 1 1 1 1 ];
presentations = [1 2 3 4 5 6 7 8 9 10 11 12 13 14 15 16 17 18 19 20 ];
answers = [5 0 5 0 4 1 3 4 3 2 3 2 1 1 5 1 1 2 4 1 ];
adjustments = [-10 10 -5 2.5 -1.5 1.5 -0.5 -1.5 -0.5 0.5 -0.5 0.5 1.5 1.5 -2.5 1.5 1.5 0.5 -1.5 1.5 ];
sentences = {'16140' '03491' '26626' '41634' '43285' '22586' '51779' '68819' '74972' '05413' '39994' '55025' '94067' '87263' '99308' '30757' '18502' '67850' '72141' '80338' };
offsets = [25117 16167 20713 26488 23306 1523 10086 2340 663 4809 12670 15059 31221 8829 20530 1682 17433 13065 4131 5699 ];

