target=0.50;discardreversals=2;startvalue=0.00;steps=[4  2  1];selfservice=0;
%parameters=babble,65
threshold = [-1.00 ];
values = [0.00 6.00 -4.00 1.00 -1.50 1.00 2.50 0.00 -0.50 1.00 -1.50 -1.00 -1.50 -1.00 -2.50 -1.00 0.50 -1.00 -1.50 0.00 ];
reversals = [0 -1 1 -1 1 0 -1 0 1 -1 1 -1 1 -1 1 0 -1 0 1 -1 ];
measures = [0 0 0 1 1 1 1 1 1 1 1 1 1 1 1 1 1 1 1 1 ];
presentations = [1 2 3 4 5 6 7 8 9 10 11 12 13 14 15 16 17 18 19 20 ];
answers = [1 5 0 5 0 1 5 3 1 5 2 3 2 4 1 1 4 3 1 4 ];
adjustments = [6 -10 5 -2.5 2.5 1.5 -2.5 -0.5 1.5 -2.5 0.5 -0.5 0.5 -1.5 1.5 1.5 -1.5 -0.5 1.5 -1.5 ];
sentences = {'51417' '95162' '30757' '55025' '22586' '82009' '46393' '87263' '10681' '74972' '29744' '07970' '16140' '99308' '63558' '34226' '68819' '03491' '78835' '41634' };
offsets = [29338 12605 1841 11721 9020 10037 4266 7787 5844 6199 11495 33288 8210 36021 35247 37162 1330 14649 9223 2374 ];

