target=0.50;discardreversals=2;startvalue=0.00;steps=[4  2  1];selfservice=0;
%parameters=quiet,65
threshold = [-38.25 ];
values = [0.00 -10.00 -20.00 -30.00 -40.00 -42.00 -32.00 -37.00 -37.50 -39.00 -37.50 -40.00 -39.50 -38.00 -38.50 -38.00 -40.50 -42.00 -39.50 -37.00 ];
reversals = [0 0 0 0 0 1 -1 0 0 1 -1 1 0 -1 1 -1 0 1 0 -1 ];
measures = [0 0 0 0 0 0 0 0 0 1 1 1 1 1 1 1 1 1 1 1 ];
presentations = [1 2 3 4 5 6 7 8 9 10 11 12 13 14 15 16 17 18 19 20 ];
answers = [5 5 5 5 3 0 5 3 4 1 5 2 1 3 2 5 4 0 0 5 ];
adjustments = [-10 -10 -10 -10 -2 10 -5 -0.5 -1.5 1.5 -2.5 0.5 1.5 -0.5 0.5 -2.5 -1.5 2.5 2.5 -2.5 ];
sentences = {'16140' '47173' '22586' '99308' '34994' '92629' '70762' '09216' '74972' '23081' '65555' '86800' '51437' '03491' '41634' '68819' '55025' '87263' '30757' '18348' };
offsets = [78468 54586 43635 20215 369 90809 39646 80772 73616 25798 21920 73704 82717 10660 24513 90293 32522 16684 53617 77606 ];

