target=0.75;minreversals=12;discardreversals=4;minmeasures=14;startvalue=75.00;steps=[8  4  4  2  1];feedback=0;
%parameters=1000,0.20,50
threshold = [53.00 ];
values = [91.00 83.00 75.00 67.00 59.00 59.00 59.00 59.00 59.00 59.00 59.00 51.00 75.00 75.00 75.00 75.00 71.00 71.00 71.00 67.00 67.00 67.00 63.00 59.00 59.00 59.00 55.00 55.00 55.00 51.00 51.00 63.00 61.00 60.00 60.00 60.00 60.00 59.00 58.00 58.00 58.00 57.00 57.00 57.00 57.00 56.00 56.00 55.00 54.00 54.00 54.00 53.00 53.00 52.00 51.00 51.00 51.00 51.00 54.00 53.00 53.00 53.00 53.00 53.00 52.00 55.00 55.00 54.00 53.00 56.00 55.00 54.00 54.00 54.00 54.00 54.00 53.00 52.00 51.00 50.00 53.00 53.00 53.00 ];
reversals = [0 0 0 0 0 0 0 0 0 0 0 1 0 0 0 -1 0 0 0 0 0 0 0 0 0 0 0 0 0 0 1 -1 0 0 0 0 0 0 0 0 0 0 0 0 0 0 0 0 0 0 0 0 0 0 0 0 0 1 -1 0 0 0 0 0 1 0 -1 0 1 -1 0 0 0 0 0 0 0 0 0 1 0 0 -1 ];
measures = [0 0 0 0 0 0 0 0 0 0 0 0 0 0 0 0 0 0 0 0 0 0 0 0 0 0 0 0 0 0 0 0 0 0 0 0 0 0 0 0 0 0 0 0 0 0 0 0 0 0 0 0 0 0 0 0 0 1 1 1 1 1 1 1 1 1 1 1 1 1 1 1 1 1 1 1 1 1 1 1 1 1 1 ];
presentations = [1 1 1 1 0 0 0 0 0 0 1 1 0 0 0 1 0 0 1 0 0 1 1 0 0 1 0 0 1 0 1 1 1 0 0 0 1 1 0 0 1 0 0 0 1 0 1 1 0 0 1 0 1 1 0 0 0 1 1 0 0 0 0 1 1 0 1 1 1 1 1 0 0 0 0 1 1 1 1 1 0 0 1 ];
answers = [1 1 1 1 0 0 0 0 0 0 1 0 0 0 0 1 0 0 1 0 0 1 1 0 0 1 0 0 1 0 0 1 1 0 0 0 1 1 0 0 1 0 0 0 1 0 1 1 0 0 1 0 1 1 0 0 0 0 1 0 0 0 0 1 0 0 1 1 0 1 1 0 0 0 0 1 1 1 1 0 0 0 1 ];
adjustments = [-8 -8 -8 -8 0 0 0 0 0 0 -8 24 0 0 0 -4 0 0 -4 0 0 -4 -4 0 0 -4 0 0 -4 0 12 -2 -1 0 0 0 -1 -1 0 0 -1 0 0 0 -1 0 -1 -1 0 0 -1 0 -1 -1 0 0 0 3 -1 0 0 0 0 -1 3 0 -1 -1 3 -1 -1 0 0 0 0 -1 -1 -1 -1 3 0 0 -1 ];

