target=0.50;discardreversals=2;startvalue=0.00;steps=[4  2  1];selfservice=0;
%parameters=icra1,65,train
threshold = [-3.00 ];
values = [0.00 -6.00 4.00 -1.00 -1.50 -3.00 -2.50 -3.00 -2.50 -3.00 -1.50 -2.00 -4.50 -3.00 -4.50 -5.00 -3.50 -1.00 -3.50 -4.00 ];
reversals = [0 1 -1 0 0 1 -1 1 -1 1 -1 0 1 -1 0 1 0 -1 0 0 ];
measures = [0 0 0 0 0 1 1 1 1 1 1 1 1 1 1 1 1 1 1 1 ];
presentations = [1 2 3 4 5 6 7 8 9 10 11 12 13 14 15 16 17 18 19 20 ];
answers = [4 0 5 3 4 2 3 2 3 1 3 5 1 4 3 1 0 5 3 3 ];
adjustments = [-6 10 -5 -0.5 -1.5 0.5 -0.5 0.5 -0.5 1.5 -0.5 -2.5 1.5 -1.5 -0.5 1.5 2.5 -2.5 -0.5 -0.5 ];
sentences = {'94067' '66127' '70565' '35209' '67850' '87713' '18502' '05413' '51779' '48832' '52988' '26626' '43285' '29394' '39994' '72141' '91451' '14040' '03676' '80338' };
offsets = [31525 34839 20590 13484 2288 153 7178 6299 6599 4386 2018 35673 25568 9321 11363 5820 21621 14707 16552 17913 ];

