target=0.50;discardreversals=2;startvalue=0.00;steps=[4  2  1];selfservice=0;
%parameters=icra5.250,65,train
threshold = [-7.25 ];
values = [0.00 -10.00 -8.00 -7.00 -6.00 -5.00 -6.00 -6.50 -5.00 -7.50 -10.00 -8.50 -7.00 -5.50 -8.00 -7.50 -9.00 -9.50 -7.00 -7.50 ];
reversals = [0 1 0 0 0 -1 0 1 -1 0 1 0 0 -1 1 -1 0 1 -1 0 ];
measures = [0 0 0 0 0 0 0 1 1 1 1 1 1 1 1 1 1 1 1 1 ];
presentations = [1 2 3 4 5 6 7 8 9 10 11 12 13 14 15 16 17 18 19 20 ];
answers = [5 2 2 2 2 3 3 1 5 5 1 1 1 5 2 4 3 0 3 3 ];
adjustments = [-10 2 1 1 1 -1 -0.5 1.5 -2.5 -2.5 1.5 1.5 1.5 -2.5 0.5 -1.5 -0.5 2.5 -0.5 -0.5 ];
sentences = {'45923' '95569' '76802' '89135' '11755' '22336' '93692' '08168' '69009' '52277' '18314' '00456' '33980' '54841' '61793' '36514' '87470' '47048' '70287' '24621' };
offsets = [1515996 3782161 3529196 681965 592613 3563067 4774726 3272453 2612782 220229 4653957 2127122 4738176 1260459 457718 632877 2957345 3285485 3716799 2023852 ];

