target=0.75;minreversals=12;discardreversals=4;minmeasures=14;startvalue=70.00;steps=[8  8  4  2];feedback=0;
%parameters=0250
threshold = [37.00 ];
threshold_dB_HL = [26.90 ];
threshold_dB_SPL = [37.00 ];
values = [70.00 62.00 54.00 46.00 38.00 30.00 54.00 46.00 42.00 38.00 34.00 34.00 46.00 44.00 44.00 44.00 42.00 42.00 42.00 40.00 40.00 40.00 38.00 38.00 38.00 36.00 42.00 42.00 42.00 40.00 38.00 36.00 34.00 34.00 32.00 30.00 30.00 36.00 36.00 42.00 42.00 42.00 40.00 38.00 38.00 36.00 36.00 34.00 34.00 34.00 32.00 38.00 38.00 38.00 36.00 36.00 34.00 32.00 38.00 ];
reversals = [0 0 0 0 0 1 -1 0 0 0 0 1 -1 0 0 0 0 0 0 0 0 0 0 0 0 1 0 0 -1 0 0 0 0 0 0 0 1 0 0 0 0 -1 0 0 0 0 0 0 0 0 1 0 0 -1 0 0 0 1 -1 ];
measures = [0 0 0 0 0 0 0 0 0 0 0 0 0 0 0 0 0 0 0 0 0 0 0 0 0 1 1 1 1 1 1 1 1 1 1 1 1 1 1 1 1 1 1 1 1 1 1 1 1 1 1 1 1 1 1 1 1 1 1 ];
presentations = [1 1 1 1 1 1 1 1 1 1 0 1 1 0 0 1 0 0 1 0 0 1 0 0 1 1 0 0 1 1 1 1 0 1 1 0 1 0 1 0 0 1 1 0 1 0 1 0 0 1 1 0 0 1 0 1 1 1 1 ];
answers = [1 1 1 1 1 0 1 1 1 1 0 0 1 0 0 1 0 0 1 0 0 1 0 0 1 0 0 0 1 1 1 1 0 1 1 0 0 0 0 0 0 1 1 0 1 0 1 0 0 1 0 0 0 1 0 1 1 0 1 ];
adjustments = [-8 -8 -8 -8 -8 24 -8 -4 -4 -4 0 12 -2 0 0 -2 0 0 -2 0 0 -2 0 0 -2 6 0 0 -2 -2 -2 -2 0 -2 -2 0 6 0 6 0 0 -2 -2 0 -2 0 -2 0 0 -2 6 0 0 -2 0 -2 -2 6 -2 ];

