target=0.50;discardreversals=2;startvalue=0.00;steps=[4  2  1];selfservice=0;
%parameters=icra1,41
threshold = [-0.75 ];
values = [0.00 -6.00 4.00 -1.00 -3.50 -1.00 1.50 -1.00 -1.50 0.00 -2.50 -1.00 0.50 0.00 1.50 1.00 -1.50 -2.00 -1.50 -3.00 ];
reversals = [0 1 -1 0 1 0 -1 0 1 -1 1 0 -1 1 -1 0 0 1 -1 0 ];
measures = [0 0 0 0 1 1 1 1 1 1 1 1 1 1 1 1 1 1 1 1 ];
presentations = [1 2 3 4 5 6 7 8 9 10 11 12 13 14 15 16 17 18 19 20 ];
answers = [4 0 5 5 0 0 5 3 1 5 1 1 3 1 3 5 3 2 4 3 ];
adjustments = [-6 10 -5 -2.5 2.5 2.5 -2.5 -0.5 1.5 -2.5 1.5 1.5 -0.5 1.5 -0.5 -2.5 -0.5 0.5 -1.5 -0.5 ];
sentences = {'82487' '15149' '18314' '95569' '77974' '48835' '66553' '47048' '76802' '33980' '90790' '03262' '89135' '31601' '61793' '24621' '24318' '00456' '59026' '52277' };
offsets = [7997 3261 11000 23080 13598 17289 2650 7631 30520 30778 5519 20274 24124 3702 658 3683 27203 7950 26148 15496 ];

