target=0.50;discardreversals=2;startvalue=0.00;steps=[4  2  1];selfservice=0;
%parameters=icra5.250,65,re
threshold = [-16.00 ];
values = [0.00 -2.00 -12.00 -18.00 -16.00 -15.00 -18.00 -17.50 -17.00 -16.50 -14.00 -16.50 -15.00 -14.50 -13.00 -15.50 -16.00 -13.50 -13.00 -11.50 ];
reversals = [0 0 0 1 0 -1 1 0 0 0 -1 1 0 0 -1 0 1 0 0 0 ];
measures = [0 0 0 0 0 0 1 1 1 1 1 1 1 1 1 1 1 1 1 1 ];
presentations = [1 2 3 4 5 6 7 8 9 10 11 12 13 14 15 16 17 18 19 20 ];
answers = [3 5 4 2 2 4 2 2 2 0 5 1 2 1 5 3 0 2 1 1 ];
adjustments = [-2 -10 -6 2 1 -3 0.5 0.5 0.5 2.5 -2.5 1.5 0.5 1.5 -2.5 -0.5 2.5 0.5 1.5 1.5 ];
sentences = {'70565' '03676' '23448' '68271' '51195' '37886' '91451' '15952' '90013' '44529' '66127' '48832' '14040' '87713' '52988' '29394' '02737' '35209' '89364' '76600' };
offsets = [264966 1503097 72575 2640703 3136038 3425111 328211 1290420 3074202 2876277 3005920 1555937 4527775 540212 2531949 3557006 1817687 3206844 2650862 1537764 ];

