target=0.50;discardreversals=2;startvalue=0.00;steps=[4  2  1];selfservice=0;
%parameters=icra1,31
threshold = [0.00 ];
values = [0.00 -6.00 4.00 -1.00 -0.50 2.00 2.50 0.00 1.50 0.00 -1.50 0.00 -2.50 0.00 2.50 1.00 0.50 0.00 0.50 2.00 ];
reversals = [0 1 -1 1 0 0 -1 1 -1 0 1 -1 1 0 -1 0 0 1 0 0 ];
measures = [0 0 0 1 1 1 1 1 1 1 1 1 1 1 1 1 1 1 1 1 ];
presentations = [1 2 3 4 5 6 7 8 9 10 11 12 13 14 15 16 17 18 19 20 ];
answers = [4 0 5 2 0 2 5 1 4 4 1 5 0 0 4 3 3 2 1 2 ];
adjustments = [-6 10 -5 0.5 2.5 0.5 -2.5 1.5 -1.5 -1.5 1.5 -2.5 2.5 2.5 -1.5 -0.5 -0.5 0.5 1.5 0.5 ];
sentences = {'90013' '44697' '23448' '68271' '44529' '15952' '33528' '12339' '50976' '69444' '06251' '76600' '89364' '85813' '02737' '98162' '21080' '51195' '77705' '37886' };
offsets = [333 19023 12776 33398 29509 4794 21600 8698 18759 10974 11319 22236 5231 9881 17826 22323 23273 8107 9901 28617 ];

