target=0.50;discardreversals=2;startvalue=0.00;steps=[4  2  1];selfservice=0;
%parameters=icra1,65
threshold = [-4.00 ];
values = [0.00 -10.00 0.00 -5.00 -2.50 -1.00 -2.50 -4.00 -3.50 -4.00 -5.50 -4.00 -5.50 -4.00 -3.50 -6.00 -3.50 -3.00 -2.50 -5.00 ];
reversals = [0 1 -1 1 0 -1 0 1 -1 0 1 -1 1 0 -1 1 0 0 -1 1 ];
measures = [0 0 0 1 1 1 1 1 1 1 1 1 1 1 1 1 1 1 1 1 ];
presentations = [1 2 3 4 5 6 7 8 9 10 11 12 13 14 15 16 17 18 19 20 ];
answers = [5 0 5 0 1 4 4 2 3 4 1 4 1 2 5 0 2 2 5 1 ];
adjustments = [-10 10 -5 2.5 1.5 -1.5 -1.5 0.5 -0.5 -1.5 1.5 -1.5 1.5 0.5 -2.5 2.5 0.5 0.5 -2.5 1.5 ];
sentences = {'08168' '54841' '45923' '36514' '11755' '22586' '74972' '22336' '99308' '69009' '87263' '68819' '70287' '03491' '93692' '30757' '16140' '87470' '41634' '55025' };
offsets = [20510 6100 22856 8205 4165 13186 23999 3799 1260 25791 18593 3738 18518 21101 535 715 21032 12134 27502 4161 ];

