target=0.50;discardreversals=2;startvalue=0.00;steps=[4  2  1];selfservice=0;
%parameters=icra5.250,65
threshold = [-12.50 ];
values = [0.00 -10.00 -8.00 -11.00 -11.50 -12.00 -12.50 -12.00 -13.50 -13.00 -14.50 -13.00 -11.50 -12.00 -12.50 -11.00 -13.50 -15.00 -14.50 -13.00 ];
reversals = [0 1 -1 0 0 0 1 -1 1 -1 1 0 -1 0 1 -1 0 1 0 0 ];
measures = [0 0 0 0 0 0 1 1 1 1 1 1 1 1 1 1 1 1 1 1 ];
presentations = [1 2 3 4 5 6 7 8 9 10 11 12 13 14 15 16 17 18 19 20 ];
answers = [5 2 4 3 3 3 2 4 2 4 1 1 3 3 1 5 4 2 1 1 ];
adjustments = [-10 2 -3 -0.5 -0.5 -0.5 0.5 -1.5 0.5 -1.5 1.5 1.5 -0.5 -0.5 1.5 -2.5 -1.5 0.5 1.5 1.5 ];
sentences = {'33980' '29744' '78835' '61793' '51417' '89135' '10681' '95569' '95162' '47048' '34226' '46393' '00456' '82009' '07970' '24621' '52277' '63558' '76802' '18314' };
offsets = [2540469 4091418 1290706 3613266 2160681 552605 837272 1602398 4800566 2716669 2817500 1791736 4603565 957510 3449640 150574 134658 3887959 1144419 2680124 ];

