target=0.50;discardreversals=2;startvalue=0.00;steps=[4  2  1];selfservice=0;
threshold = [4.00 ];
values = [0.00 10.00 12.00 2.00 7.00 6.50 5.00 4.50 4.00 3.50 3.00 3.50 6.00 4.50 3.00 2.50 4.00 3.50 3.00 4.50 ];
reversals = [0 0 -1 1 -1 0 0 0 0 0 1 0 -1 0 0 1 -1 0 1 -1 ];
measures = [0 0 0 0 1 1 1 1 1 1 1 1 1 1 1 1 1 1 1 1 ];
presentations = [1 2 3 4 5 6 7 8 9 10 11 12 13 14 15 16 17 18 19 20 ];
answers = [0 2 5 0 3 4 3 3 3 3 2 0 4 4 3 1 3 3 1 5 ];
adjustments = [10 2 -10 5 -0.5 -1.5 -0.5 -0.5 -0.5 -0.5 0.5 2.5 -1.5 -1.5 -0.5 1.5 -0.5 -0.5 1.5 -2.5 ];
sentences = {'89364' '51195' '90013' '93692' '02737' '36514' '11755' '87470' '08168' '54841' '68271' '69009' '23448' '22336' '45923' '15952' '37886' '70287' '44529' '76600' };
offsets = [17296 18139 9107 5569 6950 37862 2026 8149 9482 6058 12041 3988 20830 20493 8342 2150 8128 8119 13001 34560 ];

