target=0.50;discardreversals=2;startvalue=0.00;steps=[4  2  1];selfservice=0;
threshold = [1.00 ];
values = [0.00 2.00 8.00 -2.00 3.00 1.50 1.00 3.50 2.00 2.50 1.00 -1.50 1.00 0.50 0.00 -2.50 -1.00 -2.50 0.00 2.50 ];
reversals = [0 0 -1 1 -1 0 1 -1 1 -1 0 1 -1 0 0 1 -1 1 0 -1 ];
measures = [0 0 0 0 1 1 1 1 1 1 1 1 1 1 1 1 1 1 1 1 ];
presentations = [1 2 3 4 5 6 7 8 9 10 11 12 13 14 15 16 17 18 19 20 ];
answers = [2 1 5 0 4 3 0 4 2 4 5 0 3 3 5 1 4 0 0 5 ];
adjustments = [2 6 -10 5 -1.5 -0.5 2.5 -1.5 0.5 -1.5 -2.5 2.5 -0.5 -0.5 -2.5 1.5 -1.5 2.5 2.5 -2.5 ];
sentences = {'46393' '34226' '07970' '74972' '03491' '82009' '30757' '63558' '51417' '29744' '55025' '87263' '95162' '41634' '68819' '22586' '99308' '10681' '78835' '16140' };
offsets = [4675293 548086 1884738 675442 4316974 86931 426660 1049802 1617749 1055385 2313785 4406155 3307268 4509726 4339445 3467147 1621634 3148370 820999 3757796 ];

