target=0.50;discardreversals=2;startvalue=0.00;steps=[4  2  1];selfservice=0;
threshold = [-2.00 ];
values = [0.00 -6.00 4.00 -1.00 -1.50 -3.00 -3.50 -2.00 -2.50 -2.00 -2.50 -1.00 -2.50 -3.00 -3.50 -4.00 -1.50 -2.00 -1.50 -1.00 ];
reversals = [0 1 -1 0 0 0 1 -1 1 -1 1 -1 0 0 0 1 -1 1 0 0 ];
measures = [0 0 0 0 0 0 1 1 1 1 1 1 1 1 1 1 1 1 1 1 ];
presentations = [1 2 3 4 5 6 7 8 9 10 11 12 13 14 15 16 17 18 19 20 ];
answers = [4 0 5 3 4 3 1 3 2 3 1 4 3 3 3 0 3 2 2 2 ];
adjustments = [-6 10 -5 -0.5 -1.5 -0.5 1.5 -0.5 0.5 -0.5 1.5 -1.5 -0.5 -0.5 -0.5 2.5 -0.5 0.5 0.5 0.5 ];
sentences = {'24318' '03262' '66553' '95162' '07970' '15149' '77974' '59026' '51417' '10681' '90790' '78835' '34226' '29744' '31601' '82009' '48835' '63558' '82487' '46393' };
offsets = [10944 10783 2143 4543 5446 4009 20517 21713 216 4677 7446 31428 23113 9820 35588 5713 18445 1603 20806 36394 ];

