target=0.50;discardreversals=2;startvalue=0.00;steps=[4  2  1];selfservice=0;
threshold = [13.75 ];
values = [5.00 15.00 25.00 15.00 10.00 15.00 15.50 16.00 15.50 13.00 10.50 13.00 12.50 15.00 16.50 17.00 16.50 15.00 14.50 15.00 ];
reversals = [0 0 -1 0 1 0 0 -1 0 0 1 -1 1 0 0 -1 0 0 1 0 ];
measures = [0 0 0 0 0 0 0 1 1 1 1 1 1 1 1 1 1 1 1 1 ];
presentations = [1 2 3 4 5 6 7 8 9 10 11 12 13 14 15 16 17 18 19 20 ];
answers = [0 0 5 5 0 2 2 3 5 5 0 3 0 1 2 3 4 3 2 1 ];
adjustments = [10 10 -10 -5 5 0.5 0.5 -0.5 -2.5 -2.5 2.5 -0.5 2.5 1.5 0.5 -0.5 -1.5 -0.5 0.5 1.5 ];
sentences = {'31601' '03262' '70762' '15149' '90790' '47173' '66553' '18348' '23081' '24318' '92629' '77974' '09216' '51437' '48835' '34994' '59026' '82487' '65555' '86800' };
offsets = [91174 6903 31375 11735 16418 77089 82701 26149 5574 1459 81592 30306 48633 22719 30521 5554 59915 54929 38701 7862 ];

