target=0.50;discardreversals=2;startvalue=0.00;steps=[4  2  1];selfservice=0;
threshold = [13.50 ];
values = [0.00 10.00 20.00 10.00 13.00 15.50 14.00 13.50 14.00 14.50 15.00 13.50 12.00 11.50 12.00 13.50 11.00 10.50 12.00 13.50 ];
reversals = [0 0 -1 1 0 -1 0 1 0 0 -1 0 0 1 0 -1 0 1 0 -1 ];
measures = [0 0 0 0 0 1 1 1 1 1 1 1 1 1 1 1 1 1 1 1 ];
presentations = [1 2 3 4 5 6 7 8 9 10 11 12 13 14 15 16 17 18 19 20 ];
answers = [0 0 5 1 0 4 3 2 2 2 4 4 3 2 1 5 3 1 1 3 ];
adjustments = [10 10 -10 3 2.5 -1.5 -0.5 0.5 0.5 0.5 -1.5 -1.5 -0.5 0.5 1.5 -2.5 -0.5 1.5 1.5 -0.5 ];
sentences = {'82487' '90790' '77974' '51779' '31601' '48835' '15149' '18502' '72141' '59026' '66553' '94067' '03262' '39994' '43285' '24318' '67850' '26626' '05413' '80338' };
offsets = [3760555 2921257 3457230 3689564 1227440 1930838 2475598 692336 1840938 33865 2364251 3240730 2761404 1315721 728859 2240867 2376264 590349 1505341 716297 ];

