target=0.50;discardreversals=2;startvalue=0.00;steps=[4  2  1];selfservice=0;
threshold = [15.50 ];
values = [0.00 10.00 20.00 10.00 15.00 15.50 15.00 17.50 16.00 18.50 18.00 15.50 15.00 15.50 13.00 14.50 16.00 15.50 15.00 14.50 ];
reversals = [0 0 -1 1 0 -1 1 -1 1 -1 0 0 1 -1 1 0 -1 0 0 0 ];
measures = [0 0 0 0 0 1 1 1 1 1 1 1 1 1 1 1 1 1 1 1 ];
presentations = [1 2 3 4 5 6 7 8 9 10 11 12 13 14 15 16 17 18 19 20 ];
answers = [0 0 5 0 2 3 0 4 0 3 5 3 2 5 1 1 3 3 3 4 ];
adjustments = [10 10 -10 5 0.5 -0.5 2.5 -1.5 2.5 -0.5 -2.5 -0.5 0.5 -2.5 1.5 1.5 -0.5 -0.5 -0.5 -1.5 ];
sentences = {'89364' '86800' '23081' '23448' '65555' '18348' '09216' '15952' '51437' '76600' '47173' '51195' '02737' '68271' '90013' '92629' '34994' '70762' '37886' '44529' };
offsets = [4860 2023 28286 27868 3292 3127 28351 5125 7777 31082 2417 7633 4483 34795 15497 21042 25563 271 4174 12198 ];

