target=0.50;discardreversals=2;startvalue=0.00;steps=[4  2  1];selfservice=0;
%parameters=icra5.250,65,train
threshold = [-1.25 ];
values = [0.00 10.00 4.00 -1.00 2.00 3.50 1.00 -0.50 1.00 -1.50 -2.00 0.50 -1.00 -2.50 -4.00 -4.50 -3.00 -3.50 -3.00 -0.50 ];
reversals = [0 -1 0 1 0 -1 0 1 -1 0 1 -1 0 0 0 1 -1 1 0 0 ];
measures = [0 0 0 0 0 1 1 1 1 1 1 1 1 1 1 1 1 1 1 1 ];
presentations = [1 2 3 4 5 6 7 8 9 10 11 12 13 14 15 16 17 18 19 20 ];
answers = [0 4 5 1 1 5 4 1 5 3 0 4 4 4 3 1 3 2 0 2 ];
adjustments = [10 -6 -5 3 1.5 -2.5 -1.5 1.5 -2.5 -0.5 2.5 -1.5 -1.5 -1.5 -0.5 1.5 -0.5 0.5 2.5 0.5 ];
sentences = {'00456' '95569' '15952' '76802' '51195' '52277' '76600' '89364' '90013' '02737' '61793' '68271' '44529' '24621' '18314' '23448' '37886' '89135' '47048' '33980' };
offsets = [4387454 1077389 3633425 1081329 1424511 3631832 2082840 2120567 3819454 1582187 1811688 1764577 614394 4672708 3907638 4484848 2310847 41743 3255899 414995 ];

