target=0.50;discardreversals=2;startvalue=0.00;steps=[4  2  1];selfservice=0;
%parameters=icra1,65,train
threshold = [-2.00 ];
values = [0.00 2.00 -8.00 -3.00 -1.50 -1.00 -3.50 -4.00 -2.50 -2.00 -0.50 -3.00 -4.50 -2.00 -2.50 -1.00 -0.50 -3.00 -1.50 -2.00 ];
reversals = [0 -1 1 0 0 -1 0 1 0 0 -1 0 1 -1 1 0 -1 1 -1 0 ];
measures = [0 0 0 0 0 1 1 1 1 1 1 1 1 1 1 1 1 1 1 1 ];
presentations = [1 2 3 4 5 6 7 8 9 10 11 12 13 14 15 16 17 18 19 20 ];
answers = [2 5 0 1 2 5 3 1 2 1 5 4 0 3 1 2 5 1 3 4 ];
adjustments = [2 -10 5 1.5 0.5 -2.5 -0.5 1.5 0.5 1.5 -2.5 -1.5 2.5 -0.5 1.5 0.5 -2.5 1.5 -0.5 -1.5 ];
sentences = {'44697' '06251' '07970' '98162' '82009' '10681' '46393' '95162' '34226' '63558' '12339' '85813' '77705' '29744' '51417' '78835' '50976' '21080' '69444' '33528' };
offsets = [27071 1428 14811 7397 9391 15075 9379 11565 14011 17668 14524 529 426 3596 2877 16988 3422 8742 12190 14437 ];

