target=0.50;discardreversals=2;startvalue=0.00;steps=[4  2  1];selfservice=0;
%parameters=icra1,58
threshold = [-1.75 ];
values = [0.00 2.00 -8.00 -3.00 -0.50 0.00 -1.50 -1.00 -2.50 -1.00 -2.50 -3.00 -1.50 -1.00 -2.50 -2.00 -4.50 -3.00 -2.50 -1.00 ];
reversals = [0 -1 1 0 0 -1 1 -1 1 -1 0 1 0 -1 1 -1 1 0 0 0 ];
measures = [0 0 0 0 0 1 1 1 1 1 1 1 1 1 1 1 1 1 1 1 ];
presentations = [1 2 3 4 5 6 7 8 9 10 11 12 13 14 15 16 17 18 19 20 ];
answers = [2 5 0 0 2 4 2 4 1 4 3 1 2 4 2 5 1 2 1 2 ];
adjustments = [2 -10 5 2.5 0.5 -1.5 0.5 -1.5 1.5 -1.5 -0.5 1.5 0.5 -1.5 0.5 -2.5 1.5 0.5 1.5 0.5 ];
sentences = {'63558' '95162' '68271' '34226' '89364' '82009' '07970' '02737' '76600' '23448' '90013' '15952' '46393' '29744' '37886' '10681' '51417' '44529' '78835' '51195' };
offsets = [10801 10968 20576 6485 8862 8639 2623 4163 23458 24050 3831 2533 12293 12216 19759 6773 17149 461 21886 13927 ];

