target=0.50;discardreversals=2;startvalue=0.00;steps=[4  2  1];selfservice=0;
%parameters=icra1,65,re
threshold = [-4.00 ];
values = [0.00 -10.00 0.00 -5.00 -4.50 -3.00 -4.50 -4.00 -2.50 -4.00 -3.50 -5.00 -3.50 -3.00 -5.50 -4.00 -5.50 -5.00 -3.50 -2.00 ];
reversals = [0 1 -1 1 0 -1 1 0 -1 1 -1 1 0 -1 1 -1 1 0 0 -1 ];
measures = [0 0 0 1 1 1 1 1 1 1 1 1 1 1 1 1 1 1 1 1 ];
presentations = [1 2 3 4 5 6 7 8 9 10 11 12 13 14 15 16 17 18 19 20 ];
answers = [5 0 5 2 1 4 2 1 4 2 4 1 2 5 1 4 2 1 1 5 ];
adjustments = [-10 10 -5 0.5 1.5 -1.5 0.5 1.5 -1.5 0.5 -1.5 1.5 0.5 -2.5 1.5 -1.5 0.5 1.5 1.5 -2.5 ];
sentences = {'18348' '91451' '35209' '48832' '86800' '14040' '92629' '34994' '47173' '09216' '70762' '29394' '65555' '66127' '03676' '70565' '87713' '51437' '52988' '23081' };
offsets = [11720 33532 17858 18247 32585 6036 17248 1153 5963 14221 321 23943 4117 33216 3055 16787 5480 4596 5414 18982 ];

