target=0.50;discardreversals=2;startvalue=0.00;steps=[4  2  1];selfservice=0;
%parameters=icra1,68
threshold = [-3.25 ];
values = [0.00 -10.00 0.00 -5.00 -4.50 -2.00 -2.50 -3.00 -4.50 -2.00 -3.50 -5.00 -3.50 -3.00 -3.50 -5.00 -3.50 -1.00 -3.50 -3.00 ];
reversals = [0 1 -1 1 0 -1 0 0 1 -1 0 1 0 -1 0 1 0 -1 1 -1 ];
measures = [0 0 0 1 1 1 1 1 1 1 1 1 1 1 1 1 1 1 1 1 ];
presentations = [1 2 3 4 5 6 7 8 9 10 11 12 13 14 15 16 17 18 19 20 ];
answers = [5 0 5 2 0 3 3 4 0 4 4 1 2 3 4 1 0 5 2 5 ];
adjustments = [-10 10 -5 0.5 2.5 -0.5 -0.5 -1.5 2.5 -1.5 -1.5 1.5 0.5 -0.5 -1.5 1.5 2.5 -2.5 0.5 -2.5 ];
sentences = {'52988' '61793' '52277' '70565' '29394' '76802' '24621' '95569' '48832' '87713' '35209' '91451' '14040' '47048' '03676' '33980' '00456' '18314' '89135' '66127' };
offsets = [9669 17311 1156 19420 20538 28290 16931 17885 7520 9870 12454 2367 3231 19495 22437 24422 8201 4022 14625 36374 ];

