target=0.50;discardreversals=2;startvalue=0.00;steps=[4  2  1];selfservice=0;
%parameters=icra5.250,65,re
threshold = [-3.75 ];
values = [0.00 10.00 0.00 -5.00 -8.00 -3.00 -1.50 -3.00 -1.50 -4.00 -6.50 -6.00 -4.50 -5.00 -2.50 -2.00 -2.50 -5.00 -4.50 -3.00 ];
reversals = [0 -1 0 0 1 0 -1 1 -1 0 1 0 -1 1 0 -1 0 1 0 0 ];
measures = [0 0 0 0 0 0 1 1 1 1 1 1 1 1 1 1 1 1 1 1 ];
presentations = [1 2 3 4 5 6 7 8 9 10 11 12 13 14 15 16 17 18 19 20 ];
answers = [0 5 5 4 0 1 4 1 5 5 2 1 3 0 2 3 5 2 1 1 ];
adjustments = [10 -10 -5 -3 5 1.5 -1.5 1.5 -2.5 -2.5 0.5 1.5 -0.5 2.5 0.5 -0.5 -2.5 0.5 1.5 1.5 ];
sentences = {'29394' '07970' '87713' '29744' '35209' '03676' '14040' '34226' '95162' '52988' '63558' '51417' '46393' '48832' '82009' '66127' '10681' '78835' '70565' '91451' };
offsets = [3724684 555954 1661529 1003319 991483 3846113 1597653 3321495 1232542 3544598 2008877 446345 4567822 1903223 3731026 2225570 177508 209248 4668642 4260846 ];

