target=0.50;discardreversals=2;startvalue=0.00;steps=[4  2  1];selfservice=0;
%parameters=icra5.250,65
threshold = [-4.25 ];
values = [0.00 10.00 0.00 -1.00 -4.00 1.00 -1.50 -1.00 -1.50 -4.00 -5.50 -4.00 -4.50 -4.00 -5.50 -4.00 -5.50 -5.00 -5.50 -5.00 ];
reversals = [0 -1 0 0 1 -1 1 -1 0 0 1 -1 1 -1 1 -1 1 -1 1 0 ];
measures = [0 0 0 0 0 1 1 1 1 1 1 1 1 1 1 1 1 1 1 1 ];
presentations = [1 2 3 4 5 6 7 8 9 10 11 12 13 14 15 16 17 18 19 20 ];
answers = [0 5 3 4 0 5 2 3 5 4 1 3 2 4 1 4 2 3 2 2 ];
adjustments = [10 -10 -1 -3 5 -2.5 0.5 -0.5 -2.5 -1.5 1.5 -0.5 0.5 -1.5 1.5 -1.5 0.5 -0.5 0.5 0.5 ];
sentences = {'14040' '87713' '85813' '06251' '66127' '03676' '69444' '21080' '33528' '12339' '52988' '29394' '48832' '35209' '44697' '50976' '91451' '98162' '70565' '77705' };
offsets = [1426766 2443319 2288764 1657718 3489724 2033685 2104403 2392738 2760526 3061640 2840769 1153513 2320566 3253341 231932 3825611 4276433 2896516 4560200 602117 ];

