target=0.75;minreversals=12;discardreversals=4;minmeasures=14;startvalue=75.00;steps=[8  4  4  2  1];feedback=0;
%parameters=1000,0.10,50,train
threshold = [67.00 ];
values = [83.00 75.00 67.00 59.00 83.00 83.00 83.00 83.00 79.00 75.00 71.00 71.00 67.00 63.00 75.00 75.00 75.00 73.00 73.00 73.00 72.00 71.00 70.00 70.00 70.00 69.00 69.00 68.00 68.00 68.00 68.00 67.00 66.00 69.00 68.00 67.00 67.00 66.00 69.00 69.00 69.00 69.00 68.00 67.00 67.00 70.00 69.00 69.00 69.00 69.00 68.00 68.00 68.00 68.00 67.00 66.00 65.00 65.00 64.00 64.00 64.00 67.00 ];
reversals = [0 0 0 1 0 0 0 -1 0 0 0 0 0 1 0 0 -1 0 0 0 0 0 0 0 0 0 0 0 0 0 0 0 1 -1 0 0 0 1 0 0 0 -1 0 0 1 -1 0 0 0 0 0 0 0 0 0 0 0 0 0 0 1 -1 ];
measures = [0 0 0 0 0 0 0 0 0 0 0 0 0 0 0 0 0 0 0 0 0 0 0 0 0 0 0 0 0 0 0 0 1 1 1 1 1 1 1 1 1 1 1 1 1 1 1 1 1 1 1 1 1 1 1 1 1 1 1 1 1 1 ];
presentations = [1 1 1 1 0 0 0 1 1 1 0 1 1 1 0 0 1 0 0 1 1 1 0 0 1 0 1 0 0 0 1 1 1 1 1 0 1 1 0 0 0 1 1 0 1 1 0 0 0 1 0 0 0 1 1 1 0 1 0 0 1 1 ];
answers = [1 1 1 0 0 0 0 1 1 1 0 1 1 0 0 0 1 0 0 1 1 1 0 0 1 0 1 0 0 0 1 1 0 1 1 0 1 0 0 0 0 1 1 0 0 1 0 0 0 1 0 0 0 1 1 1 0 1 0 0 0 1 ];
adjustments = [-8 -8 -8 24 0 0 0 -4 -4 -4 0 -4 -4 12 0 0 -2 0 0 -1 -1 -1 0 0 -1 0 -1 0 0 0 -1 -1 3 -1 -1 0 -1 3 0 0 0 -1 -1 0 3 -1 0 0 0 -1 0 0 0 -1 -1 -1 0 -1 0 0 3 -1 ];

