target=0.50;discardreversals=2;startvalue=0.00;steps=[4  2  1];selfservice=0;
%parameters=babble,65
threshold = [-1.00 ];
values = [0.00 2.00 -8.00 -3.00 -1.50 0.00 0.50 -2.00 -0.50 0.00 0.50 -2.00 -2.50 -1.00 -0.50 0.00 -1.50 -3.00 -1.50 -1.00 ];
reversals = [0 -1 1 0 0 0 -1 1 0 0 -1 0 1 0 0 -1 0 1 0 0 ];
measures = [0 0 0 0 0 0 1 1 1 1 1 1 1 1 1 1 1 1 1 1 ];
presentations = [1 2 3 4 5 6 7 8 9 10 11 12 13 14 15 16 17 18 19 20 ];
answers = [2 5 0 1 1 2 5 1 2 2 5 3 1 2 2 4 4 1 2 2 ];
adjustments = [2 -10 5 1.5 1.5 0.5 -2.5 1.5 0.5 0.5 -2.5 -0.5 1.5 0.5 0.5 -1.5 -1.5 1.5 0.5 0.5 ];
sentences = {'47173' '48832' '70565' '35209' '86800' '09216' '87713' '14040' '52988' '34994' '23081' '18348' '51437' '66127' '03676' '70762' '29394' '92629' '65555' '91451' };
offsets = [13508 18712 1076 20319 34546 933 5789 11253 16820 10524 6092 9697 81 25869 34566 5004 15488 30359 12783 47618 ];

