target=0.50;discardreversals=2;startvalue=0.00;steps=[4  2  1];selfservice=0;
%parameters=quiet,65
threshold = [-15.50 ];
values = [0.00 -10.00 -20.00 -10.00 -15.00 -12.50 -15.00 -16.50 -16.00 -15.50 -18.00 -16.50 -16.00 -15.50 -15.00 -15.50 -16.00 -14.50 -17.00 -18.50 ];
reversals = [0 0 1 -1 1 -1 0 1 0 -1 1 0 0 0 -1 0 1 -1 0 1 ];
measures = [0 0 0 0 1 1 1 1 1 1 1 1 1 1 1 1 1 1 1 1 ];
presentations = [1 2 3 4 5 6 7 8 9 10 11 12 13 14 15 16 17 18 19 20 ];
answers = [5 5 0 5 0 5 4 2 2 5 1 2 2 2 3 3 1 5 4 0 ];
adjustments = [-10 -10 10 -5 2.5 -2.5 -1.5 0.5 0.5 -2.5 1.5 0.5 0.5 0.5 -0.5 -0.5 1.5 -2.5 -1.5 2.5 ];
sentences = {'76802' '99308' '47048' '03491' '33980' '95569' '68819' '22586' '74972' '55025' '41634' '87263' '89135' '61793' '00456' '24621' '16140' '30757' '52277' '18314' };
offsets = [26225 72787 43649 50134 69219 39484 27824 32999 24185 33449 90478 16301 28617 32078 19305 44213 55620 46803 68478 82605 ];

