target=0.50;discardreversals=2;startvalue=0.00;steps=[4  2  1];selfservice=0;
%parameters=icra1,65
threshold = [-2.00 ];
values = [0.00 2.00 -8.00 -3.00 -1.50 -4.00 -1.50 -1.00 -2.50 -1.00 -3.50 -5.00 -2.50 -2.00 -1.50 -2.00 -4.50 -5.00 -4.50 -2.00 ];
reversals = [0 -1 1 0 -1 1 0 -1 1 -1 0 1 0 0 -1 0 0 1 0 0 ];
measures = [0 0 0 0 1 1 1 1 1 1 1 1 1 1 1 1 1 1 1 1 ];
presentations = [1 2 3 4 5 6 7 8 9 10 11 12 13 14 15 16 17 18 19 20 ];
answers = [2 5 0 1 5 0 2 4 1 5 4 0 2 2 3 5 3 2 0 2 ];
adjustments = [2 -10 5 1.5 -2.5 2.5 0.5 -1.5 1.5 -2.5 -1.5 2.5 0.5 0.5 -0.5 -2.5 -0.5 0.5 2.5 0.5 ];
sentences = {'43285' '23448' '18502' '51779' '68271' '02737' '72141' '80338' '51195' '90013' '15952' '44529' '37886' '39994' '76600' '05413' '94067' '67850' '26626' '89364' };
offsets = [14268 12447 9395 17538 31047 22218 3280 10460 10801 2236 5402 32235 14683 6747 29656 23481 25778 9745 36733 13924 ];

