target=0.50;discardreversals=2;startvalue=0.00;steps=[4  2  1];selfservice=0;
threshold = [-4.50 ];
values = [0.00 -6.00 4.00 -1.00 -1.50 -4.00 -4.50 -6.00 -3.50 -4.00 -2.50 -5.00 -5.50 -5.00 -5.50 -3.00 -4.50 -3.00 -5.50 -6.00 ];
reversals = [0 1 -1 0 0 0 0 1 -1 1 -1 0 1 -1 1 -1 1 -1 0 1 ];
measures = [0 0 0 0 0 0 0 1 1 1 1 1 1 1 1 1 1 1 1 1 ];
presentations = [1 2 3 4 5 6 7 8 9 10 11 12 13 14 15 16 17 18 19 20 ];
answers = [4 0 5 3 5 3 4 0 3 1 5 3 2 3 0 4 1 5 3 0 ];
adjustments = [-6 10 -5 -0.5 -2.5 -0.5 -1.5 2.5 -0.5 1.5 -2.5 -0.5 0.5 -0.5 2.5 -1.5 1.5 -2.5 -0.5 2.5 ];
sentences = {'31601' '89135' '82487' '61793' '24621' '00456' '24318' '90790' '47048' '18314' '15149' '48835' '03262' '33980' '77974' '95569' '59026' '66553' '52277' '76802' };
offsets = [15785 22593 7704 10106 13835 2490 2444 9628 7690 1761 1362 17059 11307 24423 5435 17524 30211 9179 15854 31431 ];

