target=0.50;discardreversals=2;startvalue=0.00;steps=[4  2  1];selfservice=0;
threshold = [-4.50 ];
values = [0.00 -6.00 -4.00 -7.00 -5.50 -4.00 -6.50 -7.00 -4.50 -7.00 -4.50 -4.00 -4.50 -5.00 -4.50 -4.00 -4.50 -3.00 -3.50 -5.00 ];
reversals = [0 1 -1 1 0 -1 0 1 -1 1 0 -1 0 1 0 -1 1 -1 0 0 ];
measures = [0 0 0 1 1 1 1 1 1 1 1 1 1 1 1 1 1 1 1 1 ];
presentations = [1 2 3 4 5 6 7 8 9 10 11 12 13 14 15 16 17 18 19 20 ];
answers = [4 2 4 1 1 5 3 0 5 0 2 3 3 2 2 3 1 3 4 4 ];
adjustments = [-6 2 -3 1.5 1.5 -2.5 -0.5 2.5 -2.5 2.5 0.5 -0.5 -0.5 0.5 0.5 -0.5 1.5 -0.5 -1.5 -1.5 ];
sentences = {'86800' '23081' '90790' '51437' '77974' '47173' '92629' '70762' '18348' '34994' '59026' '65555' '48835' '66553' '82487' '03262' '31601' '15149' '24318' '09216' };
offsets = [5210 16315 5004 26151 9804 1022 28642 152 8945 18696 10682 16026 6000 27462 27120 23775 15472 5705 10991 3036 ];

