target=0.50;discardreversals=2;startvalue=0.00;steps=[4  2  1];selfservice=0;
threshold = [-5.00 ];
values = [0.00 -10.00 0.00 -3.00 -4.50 -4.00 -4.50 -7.00 -4.50 -4.00 -5.50 -5.00 -7.50 -5.00 -5.50 -5.00 -7.50 -5.00 -5.50 -4.00 ];
reversals = [0 1 -1 0 1 -1 0 1 0 -1 1 -1 1 -1 1 -1 1 -1 1 -1 ];
measures = [0 0 0 0 1 1 1 1 1 1 1 1 1 1 1 1 1 1 1 1 ];
presentations = [1 2 3 4 5 6 7 8 9 10 11 12 13 14 15 16 17 18 19 20 ];
answers = [5 0 4 4 2 3 5 0 2 4 2 5 0 3 2 5 0 3 1 5 ];
adjustments = [-10 10 -3 -1.5 0.5 -0.5 -2.5 2.5 0.5 -1.5 0.5 -2.5 2.5 -0.5 0.5 -2.5 2.5 -0.5 1.5 -2.5 ];
sentences = {'54841' '68819' '30757' '99308' '22586' '22336' '69009' '93692' '41634' '74972' '11755' '45923' '16140' '87470' '87263' '03491' '55025' '36514' '70287' '08168' };
offsets = [12411 38494 309 18275 15268 11348 21784 21565 13061 17854 2315 8231 2816 10835 8411 9375 14863 24434 6559 10910 ];

