target=0.50;discardreversals=2;startvalue=0.00;steps=[4  2  1];selfservice=0;
threshold = [-13.00 ];
values = [0.00 -10.00 -16.00 -22.00 -12.00 -13.00 -12.50 -14.00 -13.50 -13.00 -13.50 -13.00 -15.50 -17.00 -18.50 -17.00 -15.50 -14.00 -13.50 -12.00 ];
reversals = [0 0 0 1 -1 1 -1 1 0 -1 1 -1 0 0 1 0 0 0 0 0 ];
measures = [0 0 0 0 0 1 1 1 1 1 1 1 1 1 1 1 1 1 1 1 ];
presentations = [1 2 3 4 5 6 7 8 9 10 11 12 13 14 15 16 17 18 19 20 ];
answers = [5 4 4 0 3 2 4 2 2 3 2 5 4 4 1 1 1 2 1 2 ];
adjustments = [-10 -6 -6 10 -1 0.5 -1.5 0.5 0.5 -0.5 0.5 -2.5 -1.5 -1.5 1.5 1.5 1.5 0.5 1.5 0.5 ];
sentences = {'55025' '44697' '22586' '33528' '74972' '41634' '03491' '21080' '69444' '50976' '30757' '85813' '98162' '87263' '12339' '77705' '16140' '06251' '99308' '68819' };
offsets = [4221465 3053632 3243006 1654798 1973418 4030344 2376494 1942918 587487 1378882 2052177 4696406 2452193 2396745 3741296 996260 1310613 2836809 732157 1729043 ];

