target=0.50;discardreversals=2;startvalue=0.00;steps=[4  2  1];selfservice=0;
threshold = [-4.00 ];
values = [0.00 -10.00 0.00 -5.00 -3.50 -6.00 -3.50 -4.00 -4.50 -2.00 -4.50 -5.00 -7.50 -5.00 -2.50 -4.00 -1.50 -2.00 -3.50 -6.00 ];
reversals = [0 1 -1 1 -1 1 -1 0 1 -1 0 0 1 0 -1 1 -1 0 0 1 ];
measures = [0 0 0 1 1 1 1 1 1 1 1 1 1 1 1 1 1 1 1 1 ];
presentations = [1 2 3 4 5 6 7 8 9 10 11 12 13 14 15 16 17 18 19 20 ];
answers = [5 0 5 1 5 0 3 3 0 5 3 5 0 0 4 0 3 4 5 2 ];
adjustments = [-10 10 -5 1.5 -2.5 2.5 -0.5 -0.5 2.5 -2.5 -0.5 -2.5 2.5 2.5 -1.5 2.5 -0.5 -1.5 -2.5 0.5 ];
sentences = {'35209' '05413' '67850' '70565' '18502' '51779' '43285' '52988' '66127' '48832' '03676' '14040' '94067' '72141' '29394' '87713' '91451' '39994' '26626' '80338' };
offsets = [15086 7212 8007 3883 8004 16563 11622 2852 36288 36725 3161 6690 9784 25 17883 3704 6202 3375 1430 22840 ];

