target=0.50;discardreversals=2;startvalue=0.00;steps=[4  2  1];selfservice=0;
threshold = [-14.00 ];
values = [0.00 -10.00 -8.00 -13.00 -13.50 -15.00 -16.50 -15.00 -15.50 -14.00 -13.50 -15.00 -12.50 -11.00 -11.50 -13.00 -11.50 -14.00 -13.50 -16.00 ];
reversals = [0 1 -1 0 0 0 1 -1 1 0 -1 1 0 -1 0 1 -1 1 -1 1 ];
measures = [0 0 0 0 0 0 1 1 1 1 1 1 1 1 1 1 1 1 1 1 ];
presentations = [1 2 3 4 5 6 7 8 9 10 11 12 13 14 15 16 17 18 19 20 ];
answers = [5 2 5 3 4 4 1 3 1 2 4 0 1 3 4 1 5 2 5 0 ];
adjustments = [-10 2 -5 -0.5 -1.5 -1.5 1.5 -0.5 1.5 0.5 -1.5 2.5 1.5 -0.5 -1.5 1.5 -2.5 0.5 -2.5 2.5 ];
sentences = {'74972' '89364' '15952' '87263' '23448' '55025' '02737' '51195' '68271' '44529' '16140' '30757' '37886' '41634' '68819' '76600' '22586' '99308' '03491' '90013' };
offsets = [3891889 4502290 1281864 4526610 2383186 2396823 3503639 953556 4021345 836953 1419200 3083255 2067426 497209 1240316 582790 3546380 2750173 1476702 1798886 ];

