target=0.50;discardreversals=2;startvalue=0.00;steps=[4  2  1];selfservice=0;
threshold = [-36.25 ];
values = [5.00 -5.00 -15.00 -25.00 -35.00 -41.00 -31.00 -34.00 -33.50 -36.00 -37.50 -36.00 -36.50 -38.00 -38.50 -37.00 -36.50 -38.00 -35.50 -36.00 ];
reversals = [0 0 0 0 0 1 -1 1 -1 0 1 -1 0 0 1 0 -1 1 -1 0 ];
measures = [0 0 0 0 0 0 0 1 1 1 1 1 1 1 1 1 1 1 1 1 ];
presentations = [1 2 3 4 5 6 7 8 9 10 11 12 13 14 15 16 17 18 19 20 ];
answers = [5 5 5 5 4 0 4 2 5 4 1 3 4 3 1 2 4 0 3 5 ];
adjustments = [-10 -10 -10 -10 -6 10 -3 0.5 -2.5 -1.5 1.5 -0.5 -1.5 -0.5 1.5 0.5 -1.5 2.5 -0.5 -2.5 ];
sentences = {'76600' '89364' '76802' '51195' '89135' '44529' '33980' '23448' '95569' '47048' '37886' '68271' '02737' '52277' '18314' '61793' '24621' '90013' '00456' '15952' };
offsets = [71246 1892 33251 70635 33486 29682 41096 41960 73837 2779 57654 40290 38300 66146 82537 72594 60493 80018 69409 34492 ];

