target=0.50;discardreversals=2;startvalue=0.00;steps=[4  2  1];selfservice=0;
threshold = [-10.25 ];
values = [0.00 -10.00 -4.00 -7.00 -9.50 -12.00 -13.50 -12.00 -12.50 -10.00 -8.50 -10.00 -8.50 -10.00 -10.50 -10.00 -12.50 -10.00 -11.50 -9.00 ];
reversals = [0 1 -1 0 0 0 1 -1 1 0 -1 1 -1 0 1 -1 1 -1 1 -1 ];
measures = [0 0 0 0 0 0 1 1 1 1 1 1 1 1 1 1 1 1 1 1 ];
presentations = [1 2 3 4 5 6 7 8 9 10 11 12 13 14 15 16 17 18 19 20 ];
answers = [5 1 4 5 5 4 1 3 0 1 4 1 4 3 2 5 0 4 0 4 ];
adjustments = [-10 6 -3 -2.5 -2.5 -1.5 1.5 -0.5 2.5 1.5 -1.5 1.5 -1.5 -0.5 0.5 -2.5 2.5 -1.5 2.5 -1.5 ];
sentences = {'18502' '09216' '67850' '26626' '47173' '65555' '51437' '94067' '34994' '43285' '23081' '80338' '92629' '51779' '39994' '05413' '70762' '72141' '86800' '18348' };
offsets = [4666341 4154020 3262388 871790 102051 3202098 4725989 2513305 4205707 1357786 437549 216181 3906225 747217 3198459 3950394 1525578 3006671 3018973 3357356 ];

