target=0.50;discardreversals=2;startvalue=0.00;steps=[4  2  1];selfservice=0;
threshold = [-35.25 ];
values = [5.00 -5.00 -11.00 -21.00 -23.00 -33.00 -39.00 -29.00 -34.00 -35.50 -36.00 -33.50 -35.00 -37.50 -37.00 -34.50 -36.00 -34.50 -37.00 -34.50 ];
reversals = [0 0 0 0 0 0 1 -1 0 0 1 -1 0 1 0 -1 1 -1 1 -1 ];
measures = [0 0 0 0 0 0 0 0 0 0 1 1 1 1 1 1 1 1 1 1 ];
presentations = [1 2 3 4 5 6 7 8 9 10 11 12 13 14 15 16 17 18 19 20 ];
answers = [5 4 5 3 5 4 0 5 4 3 0 4 5 2 0 4 1 5 0 4 ];
adjustments = [-10 -6 -10 -2 -10 -6 10 -5 -1.5 -0.5 2.5 -1.5 -2.5 0.5 2.5 -1.5 1.5 -2.5 2.5 -1.5 ];
sentences = {'08168' '51417' '54841' '11755' '82009' '45923' '29744' '10681' '87470' '63558' '46393' '36514' '78835' '34226' '07970' '70287' '93692' '22336' '95162' '69009' };
offsets = [41070 24003 55233 50418 75503 10309 67884 69049 68834 49251 32813 54357 2238 78512 15735 33152 10896 28426 62542 20737 ];

