target=0.50;discardreversals=2;startvalue=0.00;steps=[4  2  1];selfservice=0;
threshold = [-9.50 ];
values = [0.00 -10.00 -12.00 -10.00 -7.00 -8.00 -7.50 -10.00 -11.50 -11.00 -11.50 -10.00 -10.50 -8.00 -8.50 -9.00 -8.50 -11.00 -11.50 -9.00 ];
reversals = [0 0 1 0 -1 1 -1 0 1 -1 1 -1 1 -1 0 1 -1 0 1 -1 ];
measures = [0 0 0 0 0 1 1 1 1 1 1 1 1 1 1 1 1 1 1 1 ];
presentations = [1 2 3 4 5 6 7 8 9 10 11 12 13 14 15 16 17 18 19 20 ];
answers = [5 3 2 1 3 2 5 4 2 3 1 3 0 3 3 2 5 3 0 3 ];
adjustments = [-10 -2 2 3 -1 0.5 -2.5 -1.5 0.5 -0.5 1.5 -0.5 2.5 -0.5 -0.5 0.5 -2.5 -0.5 2.5 -0.5 ];
sentences = {'34226' '47048' '82009' '33980' '95162' '07970' '18314' '76802' '61793' '95569' '00456' '63558' '24621' '46393' '52277' '10681' '29744' '78835' '89135' '51417' };
offsets = [4657006 4011546 4057484 2803921 3322778 634875 2734118 2625700 2798148 1901723 3058591 4370426 3719248 2389703 268183 2686073 1062849 628889 325449 2102657 ];

