target=0.50;discardreversals=2;startvalue=0.00;steps=[4  2  1];selfservice=0;
threshold = [-5.50 ];
values = [0.00 -6.00 4.00 -1.00 -3.50 -4.00 -5.50 -5.00 -6.50 -4.00 -3.50 -3.00 -4.50 -6.00 -8.50 -6.00 -6.50 -5.00 -3.50 -5.00 ];
reversals = [0 1 -1 0 0 0 1 -1 1 0 0 -1 0 0 1 -1 1 0 -1 1 ];
measures = [0 0 0 0 0 0 1 1 1 1 1 1 1 1 1 1 1 1 1 1 ];
presentations = [1 2 3 4 5 6 7 8 9 10 11 12 13 14 15 16 17 18 19 20 ];
answers = [4 0 5 5 3 4 2 4 0 2 2 4 4 5 0 3 1 1 4 2 ];
adjustments = [-6 10 -5 -2.5 -0.5 -1.5 0.5 -1.5 2.5 0.5 0.5 -1.5 -1.5 -2.5 2.5 -0.5 1.5 1.5 -1.5 0.5 ];
sentences = {'87713' '51779' '43285' '67850' '80338' '29394' '48832' '03676' '72141' '18502' '91451' '35209' '26626' '94067' '05413' '14040' '70565' '39994' '52988' '66127' };
offsets = [4972 10151 988 8445 2662 21344 934 26182 7614 8128 3552 3456 1830 17506 21218 9301 5790 21257 2783 5210 ];

