target=0.50;discardreversals=2;startvalue=0.00;steps=[4  2  1];selfservice=0;
threshold = [-4.75 ];
values = [0.00 -10.00 0.00 -5.00 -2.50 -1.00 -3.50 -4.00 -2.50 -5.00 -2.50 -5.00 -4.50 -6.00 -5.50 -5.00 -3.50 -5.00 -6.50 -5.00 ];
reversals = [0 1 -1 1 0 -1 0 1 -1 1 -1 1 -1 1 0 0 -1 0 1 -1 ];
measures = [0 0 0 1 1 1 1 1 1 1 1 1 1 1 1 1 1 1 1 1 ];
presentations = [1 2 3 4 5 6 7 8 9 10 11 12 13 14 15 16 17 18 19 20 ];
answers = [5 0 5 0 1 5 3 1 5 0 5 2 4 2 2 1 4 4 1 3 ];
adjustments = [-10 10 -5 2.5 1.5 -2.5 -0.5 1.5 -2.5 2.5 -2.5 0.5 -1.5 0.5 0.5 1.5 -1.5 -1.5 1.5 -0.5 ];
sentences = {'52988' '77974' '48832' '29394' '70565' '14040' '24318' '66127' '03676' '82487' '66553' '91451' '15149' '03262' '87713' '35209' '48835' '59026' '31601' '90790' };
offsets = [2354 6456 1653 22589 10496 13239 20703 32320 23269 21731 24447 12407 4161 22991 2487 19430 9911 19486 34549 2724 ];

