target=0.50;discardreversals=2;startvalue=0.00;steps=[4  2  1];selfservice=0;
%parameters=quiet,65
threshold = [-9.25 ];
values = [0.00 -6.00 -12.00 -6.00 -7.00 -9.50 -9.00 -9.50 -9.00 -11.50 -12.00 -9.50 -7.00 -6.50 -7.00 -8.50 -10.00 -10.50 -9.00 -6.50 ];
reversals = [0 0 1 -1 0 1 -1 1 -1 0 1 0 0 -1 0 0 0 1 0 -1 ];
measures = [0 0 0 0 0 1 1 1 1 1 1 1 1 1 1 1 1 1 1 1 ];
presentations = [1 2 3 4 5 6 7 8 9 10 11 12 13 14 15 16 17 18 19 20 ];
answers = [4 4 1 3 5 2 3 2 5 3 0 0 2 3 4 4 3 1 0 4 ];
adjustments = [-6 -6 6 -1 -2.5 0.5 -0.5 0.5 -2.5 -0.5 2.5 2.5 0.5 -0.5 -1.5 -1.5 -0.5 1.5 2.5 -1.5 ];
sentences = {'30757' '08168' '68819' '99308' '70287' '69009' '41634' '22336' '93692' '16140' '45923' '74972' '11755' '54841' '03491' '36514' '55025' '87263' '87470' '22586' };
offsets = [19602 37090 32648 37726 49592 51143 91943 68306 16998 2319 77353 7002 70225 37637 29734 24567 60664 48173 24599 6025 ];

