target=0.50;discardreversals=2;startvalue=0.00;steps=[4  2  1];selfservice=0;
%parameters=icra1,65
threshold = [-0.50 ];
values = [0.00 -2.00 -4.00 6.00 1.00 0.50 -2.00 0.50 1.00 0.50 -1.00 -0.50 2.00 0.50 -2.00 -1.50 0.00 -1.50 0.00 -0.50 ];
reversals = [0 0 1 -1 0 0 1 0 -1 0 1 0 -1 0 1 0 -1 1 -1 1 ];
measures = [0 0 0 0 0 0 1 1 1 1 1 1 1 1 1 1 1 1 1 1 ];
presentations = [1 2 3 4 5 6 7 8 9 10 11 12 13 14 15 16 17 18 19 20 ];
answers = [3 3 0 5 3 5 0 2 3 4 2 0 4 5 2 1 4 1 3 2 ];
adjustments = [-2 -2 10 -5 -0.5 -2.5 2.5 0.5 -0.5 -1.5 0.5 2.5 -1.5 -2.5 0.5 1.5 -1.5 1.5 -0.5 0.5 ];
sentences = {'09216' '18348' '23081' '92629' '65555' '72141' '26626' '47173' '05413' '86800' '39994' '34994' '51779' '94067' '80338' '67850' '70762' '51437' '43285' '18502' };
offsets = [25091 6276 8250 17806 12748 4914 42199 24615 6354 3758 2506 22654 13585 1625 5863 12853 156 3971 21671 1104 ];

