target=0.50;discardreversals=2;startvalue=0.00;steps=[4  2  1];selfservice=0;
%parameters=icra1,65
threshold = [-1.25 ];
values = [0.00 -6.00 4.00 -1.00 -1.50 -1.00 -1.50 -2.00 -1.50 -1.00 0.50 0.00 -0.50 -2.00 -2.50 -1.00 -1.50 -3.00 -2.50 0.00 ];
reversals = [0 1 -1 0 1 -1 0 1 0 0 -1 0 0 0 1 -1 0 1 0 -1 ];
measures = [0 0 0 0 1 1 1 1 1 1 1 1 1 1 1 1 1 1 1 1 ];
presentations = [1 2 3 4 5 6 7 8 9 10 11 12 13 14 15 16 17 18 19 20 ];
answers = [4 0 5 3 2 3 3 2 2 1 3 3 4 3 1 3 4 2 0 3 ];
adjustments = [-6 10 -5 -0.5 0.5 -0.5 -0.5 0.5 0.5 1.5 -0.5 -0.5 -1.5 -0.5 1.5 -0.5 -1.5 0.5 2.5 -0.5 ];
sentences = {'89364' '74972' '68271' '02737' '76600' '41634' '22586' '16140' '44529' '90013' '99308' '03491' '15952' '87263' '68819' '51195' '55025' '23448' '30757' '37886' };
offsets = [5959 15487 15061 2043 21022 24686 8097 26731 27452 23450 26608 26328 1331 22393 4386 19535 19138 14568 3890 23720 ];

