target=0.50;discardreversals=2;startvalue=0.00;steps=[4  2  1];selfservice=0;
%parameters=icra1,65,train
threshold = [-0.50 ];
values = [0.00 10.00 4.00 1.00 -4.00 1.00 -0.50 0.00 -1.50 -1.00 -1.50 0.00 2.50 1.00 -0.50 -2.00 -3.50 -1.00 0.50 -2.00 ];
reversals = [0 -1 0 0 1 -1 1 -1 1 -1 1 0 -1 0 0 0 1 0 -1 0 ];
measures = [0 0 0 0 0 1 1 1 1 1 1 1 1 1 1 1 1 1 1 1 ];
presentations = [1 2 3 4 5 6 7 8 9 10 11 12 13 14 15 16 17 18 19 20 ];
answers = [0 4 4 5 0 4 2 4 2 3 1 0 4 4 4 4 0 1 5 3 ];
adjustments = [10 -6 -3 -5 5 -1.5 0.5 -1.5 0.5 -0.5 1.5 2.5 -1.5 -1.5 -1.5 -1.5 2.5 1.5 -2.5 -0.5 ];
sentences = {'44529' '89364' '77705' '76600' '02737' '98162' '85813' '51195' '37886' '21080' '50976' '23448' '06251' '69444' '33528' '90013' '44697' '15952' '68271' '12339' };
offsets = [986 17180 15330 6642 19557 25437 939 7233 28617 24642 6468 14023 37670 14490 36325 5156 26247 5583 7535 5983 ];

