target=0.50;discardreversals=2;startvalue=0.00;steps=[4  2  1];selfservice=0;
%parameters=icra5.250,65
threshold = [-1.25 ];
values = [0.00 10.00 4.00 1.00 0.00 3.00 2.50 2.00 1.50 1.00 -1.50 1.00 0.50 -2.00 -0.50 -2.00 -1.50 -3.00 -0.50 -1.00 ];
reversals = [0 -1 0 0 1 -1 0 0 0 0 1 -1 0 1 -1 1 -1 1 -1 1 ];
measures = [0 0 0 0 0 1 1 1 1 1 1 1 1 1 1 1 1 1 1 1 ];
presentations = [1 2 3 4 5 6 7 8 9 10 11 12 13 14 15 16 17 18 19 20 ];
answers = [0 4 4 3 1 3 3 3 3 5 0 3 5 1 4 2 4 0 3 2 ];
adjustments = [10 -6 -3 -1 3 -0.5 -0.5 -0.5 -0.5 -2.5 2.5 -0.5 -2.5 1.5 -1.5 0.5 -1.5 2.5 -0.5 0.5 ];
sentences = {'33980' '59026' '00456' '95569' '52277' '18314' '48835' '61793' '90790' '82487' '24318' '24621' '15149' '66553' '47048' '76802' '89135' '31601' '03262' '77974' };
offsets = [1529880 1121618 2934703 1988501 396802 493883 3588252 1751150 3178625 1208975 1934155 3617313 1743371 784521 3023619 87841 3649328 181479 3177650 1641505 ];

