target=0.50;discardreversals=2;startvalue=0.00;steps=[4  2  1];selfservice=0;
%parameters=icra1,75
threshold = [-2.50 ];
values = [0.00 -6.00 4.00 -1.00 -1.50 -3.00 -1.50 0.00 0.50 -2.00 -2.50 -4.00 -2.50 -3.00 -2.50 -3.00 -2.50 0.00 -1.50 0.00 ];
reversals = [0 1 -1 0 0 1 0 0 -1 0 0 1 -1 1 -1 1 0 -1 1 0 ];
measures = [0 0 0 0 0 1 1 1 1 1 1 1 1 1 1 1 1 1 1 1 ];
presentations = [1 2 3 4 5 6 7 8 9 10 11 12 13 14 15 16 17 18 19 20 ];
answers = [4 0 5 3 4 1 1 2 5 3 4 1 3 2 3 2 0 4 1 2 ];
adjustments = [-6 10 -5 -0.5 -1.5 1.5 1.5 0.5 -2.5 -0.5 -1.5 1.5 -0.5 0.5 -0.5 0.5 2.5 -1.5 1.5 0.5 ];
sentences = {'35209' '68819' '70565' '16140' '14040' '91451' '99308' '41634' '29394' '87713' '03491' '52988' '55025' '48832' '66127' '74972' '03676' '22586' '87263' '30757' };
offsets = [6649 8890 15861 16163 14419 21631 6818 4497 21430 13304 33533 4259 1091 11831 31663 8966 8910 2558 8358 2561 ];

