target=0.75;minreversals=12;discardreversals=4;minmeasures=14;startvalue=60.00;steps=[8  8  4  2];feedback=0;
%parameters=6000
threshold = [106.00 ];
threshold_dB_HL = [102.08 ];
threshold_dB_SPL = [106.00 ];
values = [132.00 124.00 116.00 108.00 108.00 100.00 124.00 116.00 116.00 112.00 108.00 104.00 100.00 100.00 112.00 110.00 108.00 106.00 104.00 102.00 108.00 108.00 108.00 108.00 106.00 104.00 104.00 110.00 108.00 106.00 106.00 106.00 106.00 106.00 104.00 102.00 108.00 108.00 108.00 106.00 106.00 104.00 110.00 110.00 110.00 108.00 ];
reversals = [0 0 0 0 0 1 -1 0 0 0 0 0 0 1 -1 0 0 0 0 1 0 0 0 -1 0 0 1 -1 0 0 0 0 0 0 0 1 0 0 -1 0 0 1 0 0 -1 0 ];
measures = [0 0 0 0 0 0 0 0 0 0 0 0 0 0 0 0 0 0 0 1 1 1 1 1 1 1 1 1 1 1 1 1 1 1 1 1 1 1 1 1 1 1 1 1 1 1 ];
presentations = [1 1 1 0 1 1 1 0 1 1 1 1 0 1 1 1 1 1 1 1 0 0 0 1 1 0 1 1 1 0 0 0 0 1 1 1 0 0 1 0 1 1 0 0 1 1 ];
answers = [1 1 1 0 1 0 1 0 1 1 1 1 0 0 1 1 1 1 1 0 0 0 0 1 1 0 0 1 1 0 0 0 0 1 1 0 0 0 1 0 1 0 0 0 1 1 ];
adjustments = [-8 -8 -8 0 -8 24 -8 0 -4 -4 -4 -4 0 12 -2 -2 -2 -2 -2 6 0 0 0 -2 -2 0 6 -2 -2 0 0 0 0 -2 -2 6 0 0 -2 0 -2 6 0 0 -2 -2 ];

