target=0.50;discardreversals=2;startvalue=0.00;steps=[4  2  1];selfservice=0;
%parameters=icra1,65,re
threshold = [-1.25 ];
values = [0.00 -6.00 4.00 1.00 -1.50 -2.00 -1.50 0.00 -0.50 0.00 -0.50 -1.00 -1.50 -1.00 -1.50 -1.00 -1.50 -1.00 -3.50 -2.00 ];
reversals = [0 1 -1 0 0 1 0 -1 1 -1 0 0 1 -1 1 -1 1 -1 1 -1 ];
measures = [0 0 0 0 0 1 1 1 1 1 1 1 1 1 1 1 1 1 1 1 ];
presentations = [1 2 3 4 5 6 7 8 9 10 11 12 13 14 15 16 17 18 19 20 ];
answers = [4 0 4 5 3 2 1 3 2 3 3 3 2 3 2 3 2 5 1 5 ];
adjustments = [-6 10 -3 -2.5 -0.5 0.5 1.5 -0.5 0.5 -0.5 -0.5 -0.5 0.5 -0.5 0.5 -0.5 0.5 -2.5 1.5 -2.5 ];
sentences = {'95569' '51437' '00456' '70762' '33980' '92629' '76802' '86800' '24621' '23081' '61793' '18348' '34994' '18314' '09216' '47048' '89135' '52277' '47173' '65555' };
offsets = [15977 12536 33431 381 30588 23182 39357 36609 3757 21440 5998 122 9501 16832 20303 11217 4779 5703 14908 15277 ];

