target=0.50;discardreversals=2;startvalue=0.00;steps=[4  2  1];selfservice=0;
%parameters=icra5.250,65,re
threshold = [-3.00 ];
values = [0.00 10.00 0.00 1.00 1.50 1.00 -0.50 0.00 -1.50 -3.00 -3.50 -6.00 -5.50 -7.00 -5.50 -5.00 -2.50 -3.00 -3.50 -3.00 ];
reversals = [0 -1 1 0 -1 0 1 -1 0 0 0 1 -1 1 0 0 -1 0 1 0 ];
measures = [0 0 0 0 1 1 1 1 1 1 1 1 1 1 1 1 1 1 1 1 ];
presentations = [1 2 3 4 5 6 7 8 9 10 11 12 13 14 15 16 17 18 19 20 ];
answers = [0 5 2 2 3 4 2 4 4 3 5 2 4 1 2 0 3 3 2 2 ];
adjustments = [10 -10 1 0.5 -0.5 -1.5 0.5 -1.5 -1.5 -0.5 -2.5 0.5 -1.5 1.5 0.5 2.5 -0.5 -0.5 0.5 0.5 ];
sentences = {'44697' '61793' '33980' '76802' '18314' '52277' '89135' '21080' '33528' '12339' '69444' '95569' '85813' '77705' '24621' '50976' '06251' '98162' '00456' '47048' };
offsets = [4043763 1010136 4748524 3732971 4431249 694334 3457445 865404 4278142 2110874 1439685 275034 3919440 2353101 2545688 2905316 3281155 2411615 4731840 3286844 ];

