target=0.75;minreversals=12;discardreversals=4;minmeasures=14;startvalue=70.00;steps=[8  8  4  2];feedback=0;
%parameters=4000
threshold = [88.00 ];
threshold_dB_HL = [93.03 ];
threshold_dB_SPL = [88.00 ];
values = [94.00 86.00 78.00 70.00 94.00 86.00 82.00 82.00 82.00 82.00 94.00 94.00 94.00 94.00 94.00 92.00 90.00 90.00 88.00 86.00 86.00 84.00 84.00 84.00 84.00 84.00 84.00 90.00 88.00 88.00 86.00 92.00 90.00 88.00 88.00 86.00 86.00 84.00 90.00 90.00 88.00 86.00 84.00 90.00 98.00 98.00 98.00 ];
reversals = [0 0 0 1 -1 0 0 0 0 1 0 0 0 0 -1 0 0 0 0 0 0 0 0 0 0 0 1 -1 0 0 1 -1 0 0 0 0 0 1 0 -1 0 0 1 0 0 0 -1 ];
measures = [0 0 0 0 0 0 0 0 0 0 0 0 0 0 0 0 0 0 0 0 0 0 0 0 0 0 1 1 1 1 1 1 1 1 1 1 1 1 1 1 1 1 1 1 1 1 1 ];
presentations = [1 1 1 1 1 1 0 0 0 1 0 0 0 0 1 1 0 1 1 0 1 0 0 0 0 0 1 1 0 1 1 1 1 0 1 0 1 1 0 1 1 1 1 0 0 0 1 ];
answers = [1 1 1 0 1 1 0 0 0 0 0 0 0 0 1 1 0 1 1 0 1 0 0 0 0 0 0 1 0 1 0 1 1 0 1 0 1 0 0 1 1 1 0 1 0 0 1 ];
adjustments = [-8 -8 -8 24 -8 -4 0 0 0 12 0 0 0 0 -2 -2 0 -2 -2 0 -2 0 0 0 0 0 6 -2 0 -2 6 -2 -2 0 -2 0 -2 6 0 -2 -2 -2 6 8 0 0 -2 ];

