target=0.50;discardreversals=2;startvalue=0.00;steps=[4  2  1];selfservice=0;
%parameters=babble,65
threshold = [-2.00 ];
values = [0.00 -2.00 0.00 1.00 -2.00 -2.50 -2.00 -3.50 -1.00 -2.50 -1.00 -0.50 -2.00 -0.50 -1.00 -3.50 -1.00 1.50 1.00 0.50 ];
reversals = [0 1 0 -1 0 1 -1 1 -1 1 0 -1 1 -1 0 1 0 -1 0 1 ];
measures = [0 0 0 0 0 1 1 1 1 1 1 1 1 1 1 1 1 1 1 1 ];
presentations = [1 2 3 4 5 6 7 8 9 10 11 12 13 14 15 16 17 18 19 20 ];
answers = [3 2 2 4 3 2 4 0 4 1 2 4 1 3 5 0 0 3 3 2 ];
adjustments = [-2 2 1 -3 -0.5 0.5 -1.5 2.5 -1.5 1.5 0.5 -1.5 1.5 -0.5 -2.5 2.5 2.5 -0.5 -0.5 0.5 ];
sentences = {'87470' '14040' '45923' '03676' '69009' '36514' '29394' '91451' '93692' '11755' '22336' '87713' '54841' '70565' '70287' '66127' '08168' '52988' '48832' '35209' };
offsets = [9737 12030 30307 6071 28444 31412 21079 25512 5060 18311 30017 20279 9640 22060 2434 20738 13394 20294 25382 20043 ];

