target=0.50;discardreversals=2;startvalue=0.00;steps=[4  2  1];selfservice=0;
%parameters=icra5.250,65,train
threshold = [-1.00 ];
values = [0.00 -2.00 4.00 -1.00 -2.50 -5.00 -3.50 -4.00 -2.50 0.00 -1.50 1.00 -0.50 0.00 -0.50 -1.00 -0.50 -1.00 0.50 3.00 ];
reversals = [0 1 -1 0 0 1 -1 1 0 -1 1 -1 1 -1 0 1 -1 1 0 0 ];
measures = [0 0 0 0 0 1 1 1 1 1 1 1 1 1 1 1 1 1 1 1 ];
presentations = [1 2 3 4 5 6 7 8 9 10 11 12 13 14 15 16 17 18 19 20 ];
answers = [3 1 5 4 5 1 3 1 0 4 0 4 2 3 3 2 3 1 0 2 ];
adjustments = [-2 6 -5 -1.5 -2.5 1.5 -0.5 1.5 2.5 -1.5 2.5 -1.5 0.5 -0.5 -0.5 0.5 -0.5 1.5 2.5 0.5 ];
sentences = {'52988' '44697' '98162' '85813' '69444' '87713' '70565' '35209' '66127' '12339' '91451' '50976' '21080' '33528' '77705' '29394' '14040' '48832' '03676' '06251' };
offsets = [4779566 3141094 3373453 2040451 2438493 1116398 1091393 372454 827083 884391 943434 255394 1200387 1183231 2336927 2482555 3928123 652239 3387253 1635858 ];

