target=0.50;discardreversals=2;startvalue=0.00;steps=[4  2  1];selfservice=0;
threshold = [-32.25 ];
values = [5.00 -5.00 -15.00 -5.00 -10.00 -12.50 -15.00 -16.50 -19.00 -21.50 -24.00 -24.50 -26.00 -28.50 -30.00 -31.50 -33.00 -31.50 -34.00 -35.50 ];
reversals = [0 0 1 -1 0 0 0 0 0 0 0 0 0 0 0 0 1 -1 0 0 ];
measures = [0 0 0 0 0 0 0 0 0 0 0 0 0 0 0 0 1 1 1 1 ];
presentations = [1 2 3 4 5 6 7 8 9 10 11 12 13 14 15 16 17 18 19 20 ];
answers = [5 5 0 5 5 5 4 5 5 5 3 4 5 4 4 4 1 5 4 3 ];
adjustments = [-10 -10 10 -5 -2.5 -2.5 -1.5 -2.5 -2.5 -2.5 -0.5 -1.5 -2.5 -1.5 -1.5 -1.5 1.5 -2.5 -1.5 -0.5 ];
sentences = {'24318' '65555' '48835' '15149' '90790' '77974' '03262' '82487' '92629' '70762' '51437' '34994' '66553' '47173' '23081' '09216' '18348' '86800' '59026' '31601' };
offsets = [7799 36673 42417 8207 57153 50871 87016 78446 90039 14713 46059 73597 67930 69604 1232 58582 49537 29663 14993 29284 ];

