target=0.50;discardreversals=2;startvalue=0.00;steps=[4  2  1];selfservice=0;
threshold = [-1.50 ];
values = [0.00 -10.00 0.00 -5.00 -2.50 0.00 -1.50 -1.00 -3.50 -3.00 -1.50 -4.00 -1.50 -3.00 -5.50 -3.00 -1.50 -2.00 -1.50 -1.00 ];
reversals = [0 1 -1 1 0 -1 1 -1 1 0 -1 1 -1 0 1 0 -1 1 0 0 ];
measures = [0 0 0 1 1 1 1 1 1 1 1 1 1 1 1 1 1 1 1 1 ];
presentations = [1 2 3 4 5 6 7 8 9 10 11 12 13 14 15 16 17 18 19 20 ];
answers = [5 0 5 0 0 4 2 5 2 1 5 0 4 5 0 1 3 2 2 0 ];
adjustments = [-10 10 -5 2.5 2.5 -1.5 0.5 -2.5 0.5 1.5 -2.5 2.5 -1.5 -2.5 2.5 1.5 -0.5 0.5 0.5 2.5 ];
sentences = {'51437' '76802' '92629' '33980' '47173' '34994' '61793' '24621' '18348' '70762' '52277' '86800' '47048' '23081' '95569' '09216' '18314' '65555' '00456' '89135' };
offsets = [8279 6902 24302 13267 6576 18200 5279 16594 19062 413 14469 34179 30594 29129 18748 26298 14148 3676 17008 13072 ];

