target=0.50;discardreversals=2;startvalue=0.00;steps=[4  2  1];selfservice=0;
threshold = [-8.50 ];
values = [0.00 -6.00 -4.00 -9.00 -10.50 -8.00 -9.50 -9.00 -9.50 -7.00 -6.50 -9.00 -7.50 -10.00 -7.50 -5.00 -5.50 -8.00 -5.50 -7.00 ];
reversals = [0 1 -1 0 1 -1 1 -1 1 0 -1 1 -1 1 0 -1 0 1 -1 0 ];
measures = [0 0 0 0 1 1 1 1 1 1 1 1 1 1 1 1 1 1 1 1 ];
presentations = [1 2 3 4 5 6 7 8 9 10 11 12 13 14 15 16 17 18 19 20 ];
answers = [4 2 5 4 0 4 2 3 0 2 5 1 5 0 0 3 5 0 4 3 ];
adjustments = [-6 2 -5 -1.5 2.5 -1.5 0.5 -0.5 2.5 0.5 -2.5 1.5 -2.5 2.5 2.5 -0.5 -2.5 2.5 -1.5 -0.5 ];
sentences = {'47048' '21080' '24621' '69444' '77705' '95569' '89135' '33980' '50976' '52277' '00456' '61793' '44697' '18314' '98162' '76802' '33528' '85813' '12339' '06251' };
offsets = [1500626 3561813 3337483 1264595 4144445 4357092 2432001 190369 474595 3910683 2734755 2861438 4489896 1773298 1908134 2655097 1309032 279370 2304760 3654130 ];

