target=0.50;discardreversals=2;startvalue=0.00;steps=[4  2  1];selfservice=0;
threshold = [-9.00 ];
values = [0.00 -10.00 0.00 -3.00 -4.50 -6.00 -3.50 -5.00 -6.50 -9.00 -10.50 -8.00 -9.50 -9.00 -6.50 -9.00 -8.50 -11.00 -10.50 -12.00 ];
reversals = [0 1 -1 0 0 1 -1 0 0 0 1 -1 1 0 -1 1 -1 1 -1 1 ];
measures = [0 0 0 0 0 1 1 1 1 1 1 1 1 1 1 1 1 1 1 1 ];
presentations = [1 2 3 4 5 6 7 8 9 10 11 12 13 14 15 16 17 18 19 20 ];
answers = [5 0 4 4 4 0 4 4 5 4 0 4 2 0 5 2 5 2 4 0 ];
adjustments = [-10 10 -3 -1.5 -1.5 2.5 -1.5 -1.5 -2.5 -1.5 2.5 -1.5 0.5 2.5 -2.5 0.5 -2.5 0.5 -1.5 2.5 ];
sentences = {'48832' '51417' '29394' '91451' '87713' '46393' '82009' '52988' '70565' '35209' '07970' '95162' '14040' '29744' '10681' '63558' '66127' '78835' '03676' '34226' };
offsets = [2252206 1328673 266690 795444 320634 1431114 2163044 140907 1566222 4105612 394715 725075 779590 344518 2337701 299129 3268102 1236827 3135238 412414 ];

