target=0.50;discardreversals=2;startvalue=0.00;steps=[4  2  1];selfservice=0;
threshold = [-3.00 ];
values = [0.00 -6.00 4.00 -1.00 -2.50 -3.00 -0.50 -2.00 -4.50 -2.00 -4.50 -3.00 -4.50 -4.00 -6.50 -6.00 -3.50 -1.00 -2.50 0.00 ];
reversals = [0 1 -1 0 0 1 -1 0 1 -1 1 -1 1 -1 1 0 0 -1 1 -1 ];
measures = [0 0 0 0 0 1 1 1 1 1 1 1 1 1 1 1 1 1 1 1 ];
presentations = [1 2 3 4 5 6 7 8 9 10 11 12 13 14 15 16 17 18 19 20 ];
answers = [4 0 5 4 3 0 4 5 0 5 1 4 2 5 2 0 0 4 0 4 ];
adjustments = [-6 10 -5 -1.5 -0.5 2.5 -1.5 -2.5 2.5 -2.5 1.5 -1.5 0.5 -2.5 0.5 2.5 2.5 -1.5 2.5 -1.5 ];
sentences = {'23448' '37886' '63558' '78835' '29744' '51417' '44529' '95162' '46393' '02737' '82009' '68271' '10681' '90013' '07970' '15952' '76600' '34226' '89364' '51195' };
offsets = [23167 3628 7252 8787 8810 10894 1084 10815 16613 13777 18772 26990 8078 27903 14940 7216 22395 8714 13420 21233 ];

