target=0.50;discardreversals=2;startvalue=0.00;steps=[4  2  1];selfservice=0;
threshold = [0.00 ];
values = [0.00 -6.00 4.00 1.00 2.50 0.00 -1.50 -3.00 -0.50 1.00 0.50 0.00 0.50 -2.00 -4.50 -4.00 -1.50 -3.00 -3.50 -4.00 ];
reversals = [0 1 -1 1 -1 0 0 1 0 -1 0 1 -1 0 1 0 -1 0 0 1 ];
measures = [0 0 0 1 1 1 1 1 1 1 1 1 1 1 1 1 1 1 1 1 ];
presentations = [1 2 3 4 5 6 7 8 9 10 11 12 13 14 15 16 17 18 19 20 ];
answers = [4 0 4 1 5 4 4 0 1 3 3 2 5 5 2 0 4 3 3 0 ];
adjustments = [-6 10 -3 1.5 -2.5 -1.5 -1.5 2.5 1.5 -0.5 -0.5 0.5 -2.5 -2.5 0.5 2.5 -1.5 -0.5 -0.5 2.5 ];
sentences = {'69444' '09216' '21080' '33528' '65555' '12339' '06251' '44697' '98162' '34994' '50976' '86800' '77705' '18348' '23081' '70762' '51437' '92629' '85813' '47173' };
offsets = [12924 899 15940 36323 14599 13439 9138 32034 14655 3071 7874 29425 8667 18187 8398 109 23207 11690 7694 13878 ];

