target=0.75;minreversals=14;discardreversals=4;minmeasures=25;startvalue=70.00;steps=[4  4  2  1];feedback=0;
threshold = [65.50 ];
values = [74.00 70.00 66.00 62.00 58.00 54.00 70.00 86.00 82.00 80.00 80.00 78.00 78.00 76.00 74.00 72.00 70.00 70.00 68.00 66.00 66.00 64.00 64.00 64.00 70.00 70.00 70.00 70.00 69.00 68.00 67.00 66.00 69.00 68.00 67.00 67.00 66.00 66.00 65.00 64.00 63.00 62.00 65.00 64.00 64.00 64.00 64.00 63.00 66.00 65.00 65.00 64.00 63.00 66.00 66.00 65.00 65.00 64.00 64.00 63.00 66.00 66.00 65.00 64.00 64.00 64.00 63.00 62.00 ];
reversals = [0 0 0 0 0 1 0 -1 0 0 0 0 0 0 0 0 0 0 0 0 0 0 0 1 0 0 0 -1 0 0 0 1 -1 0 0 0 0 0 0 0 0 1 -1 0 0 0 0 1 -1 0 0 0 1 0 -1 0 0 0 0 1 0 -1 0 0 0 0 0 0 ];
measures = [0 0 0 0 0 0 0 0 0 0 0 0 0 0 0 0 0 0 0 0 0 0 0 0 0 0 0 0 0 0 0 1 1 1 1 1 1 1 1 1 1 1 1 1 1 1 1 1 1 1 1 1 1 1 1 1 1 1 1 1 1 1 1 1 1 1 1 1 ];
presentations = [1 1 1 1 1 0 0 1 1 0 1 0 1 1 1 1 0 1 1 0 1 0 0 1 0 0 0 1 1 1 1 1 1 1 0 1 0 1 1 1 1 1 1 0 0 0 1 1 1 0 1 1 1 0 1 0 1 0 1 1 0 1 1 0 0 1 1 1 ];
answers = [1 1 1 1 1 1 1 1 1 0 1 0 1 1 1 1 0 1 1 0 1 0 0 0 0 0 0 1 1 1 1 0 1 1 0 1 0 1 1 1 1 0 1 0 0 0 1 0 1 0 1 1 0 0 1 0 1 0 1 0 0 1 1 0 0 1 1 1 ];
adjustments = [-4 -4 -4 -4 -4 16 16 -4 -2 0 -2 0 -2 -2 -2 -2 0 -2 -2 0 -2 0 0 6 0 0 0 -1 -1 -1 -1 3 -1 -1 0 -1 0 -1 -1 -1 -1 3 -1 0 0 0 -1 3 -1 0 -1 -1 3 0 -1 0 -1 0 -1 3 0 -1 -1 0 0 -1 -1 -1 ];

