target=0.50;discardreversals=2;startvalue=0.00;steps=[4  2  1];selfservice=0;
threshold = [-3.25 ];
values = [0.00 -10.00 0.00 -3.00 -5.50 -3.00 -2.50 -5.00 -4.50 -2.00 -2.50 -4.00 -5.50 -3.00 -3.50 -2.00 -3.50 -5.00 -2.50 -3.00 ];
reversals = [0 1 -1 0 1 0 -1 1 0 -1 0 0 1 -1 1 -1 0 1 -1 0 ];
measures = [0 0 0 0 1 1 1 1 1 1 1 1 1 1 1 1 1 1 1 1 ];
presentations = [1 2 3 4 5 6 7 8 9 10 11 12 13 14 15 16 17 18 19 20 ];
answers = [5 0 4 5 0 2 5 2 0 3 4 4 0 3 1 4 4 0 3 4 ];
adjustments = [-10 10 -3 -2.5 2.5 0.5 -2.5 0.5 2.5 -0.5 -1.5 -1.5 2.5 -0.5 1.5 -1.5 -1.5 2.5 -0.5 -1.5 ];
sentences = {'51779' '03676' '66127' '26626' '70565' '43285' '87713' '48832' '39994' '67850' '29394' '52988' '18502' '94067' '35209' '80338' '14040' '72141' '91451' '05413' };
offsets = [10763 30785 25534 9576 11137 6162 3699 36836 5446 6084 13901 10897 16174 15372 12675 11736 2195 4554 32213 240 ];

