target=0.50;discardreversals=2;startvalue=0.00;steps=[4  2  1];selfservice=0;
threshold = [-23.75 ];
values = [5.00 -5.00 -11.00 -21.00 -27.00 -17.00 -20.00 -22.50 -22.00 -23.50 -24.00 -25.50 -26.00 -24.50 -25.00 -22.50 -24.00 -24.50 -23.00 -24.50 ];
reversals = [0 0 0 0 1 -1 0 1 -1 0 0 0 1 -1 1 -1 0 1 -1 0 ];
measures = [0 0 0 0 0 0 0 1 1 1 1 1 1 1 1 1 1 1 1 1 ];
presentations = [1 2 3 4 5 6 7 8 9 10 11 12 13 14 15 16 17 18 19 20 ];
answers = [5 4 5 4 0 4 5 2 4 3 4 3 1 3 0 4 3 1 4 4 ];
adjustments = [-10 -6 -10 -6 10 -3 -2.5 0.5 -1.5 -0.5 -1.5 -0.5 1.5 -0.5 2.5 -1.5 -0.5 1.5 -1.5 -1.5 ];
sentences = {'34994' '51437' '24318' '66553' '15149' '90790' '86800' '48835' '59026' '23081' '31601' '77974' '03262' '92629' '70762' '47173' '65555' '09216' '18348' '82487' };
offsets = [14667 11159 41123 62982 59518 39921 80104 50196 20868 2836 3065 14560 65547 53481 40113 72381 46409 52819 36811 42925 ];

