target=0.50;discardreversals=2;startvalue=0.00;steps=[4  2  1];selfservice=0;
threshold = [-7.75 ];
values = [0.00 -10.00 -4.00 -7.00 -8.50 -9.00 -7.50 -6.00 -7.50 -7.00 -5.50 -8.00 -8.50 -10.00 -8.50 -8.00 -8.50 -6.00 -5.50 -7.00 ];
reversals = [0 1 -1 0 0 1 0 -1 1 0 -1 0 0 1 0 -1 1 0 -1 0 ];
measures = [0 0 0 0 0 1 1 1 1 1 1 1 1 1 1 1 1 1 1 1 ];
presentations = [1 2 3 4 5 6 7 8 9 10 11 12 13 14 15 16 17 18 19 20 ];
answers = [5 1 4 4 3 1 1 4 2 1 5 3 4 1 2 3 0 2 4 4 ];
adjustments = [-10 6 -3 -1.5 -0.5 1.5 1.5 -1.5 0.5 1.5 -2.5 -0.5 -1.5 1.5 0.5 -0.5 2.5 0.5 -1.5 -1.5 ];
sentences = {'15149' '47048' '89135' '18314' '66553' '24318' '76802' '95569' '00456' '24621' '03262' '59026' '52277' '61793' '90790' '77974' '48835' '33980' '31601' '82487' };
offsets = [3833067 4017858 75782 484030 3792454 3865036 1006708 2814656 3725450 603303 2221178 4247341 2183973 3374682 1948962 1833912 3615827 1863539 481493 775849 ];

