target=0.50;discardreversals=2;startvalue=0.00;steps=[4  2  1];selfservice=0;
threshold = [-2.50 ];
values = [0.00 10.00 4.00 -1.00 0.00 -1.50 -2.00 -1.50 0.00 -1.50 -4.00 -2.50 -3.00 -2.50 -1.00 -0.50 -1.00 -2.50 -3.00 -2.50 ];
reversals = [0 -1 0 1 -1 0 1 0 -1 0 1 -1 1 0 0 -1 0 0 1 -1 ];
measures = [0 0 0 0 1 1 1 1 1 1 1 1 1 1 1 1 1 1 1 1 ];
presentations = [1 2 3 4 5 6 7 8 9 10 11 12 13 14 15 16 17 18 19 20 ];
answers = [0 4 5 2 4 3 2 1 4 5 1 3 2 1 2 3 4 3 2 4 ];
adjustments = [10 -6 -5 1 -1.5 -0.5 0.5 1.5 -1.5 -2.5 1.5 -0.5 0.5 1.5 0.5 -0.5 -1.5 -0.5 0.5 -1.5 ];
sentences = {'48835' '90790' '15149' '31601' '78835' '66553' '77974' '10681' '46393' '82487' '95162' '29744' '03262' '63558' '51417' '07970' '82009' '59026' '24318' '34226' };
offsets = [2359 5257 1662 27696 33536 28482 20687 13419 36619 24981 8641 10331 21332 26844 15755 10527 2689 32167 25069 13497 ];

