target=0.50;discardreversals=2;startvalue=0.00;steps=[4  2  1];selfservice=0;
threshold = [-7.25 ];
values = [0.00 -10.00 -16.00 -6.00 -7.00 -5.50 -7.00 -8.50 -7.00 -8.50 -10.00 -12.50 -14.00 -11.50 -9.00 -7.50 -8.00 -7.50 -7.00 -5.50 ];
reversals = [0 0 1 -1 1 -1 0 1 -1 0 0 0 1 0 0 -1 1 0 0 -1 ];
measures = [0 0 0 0 1 1 1 1 1 1 1 1 1 1 1 1 1 1 1 1 ];
presentations = [1 2 3 4 5 6 7 8 9 10 11 12 13 14 15 16 17 18 19 20 ];
answers = [5 4 0 3 1 4 4 1 4 4 5 4 0 0 1 3 2 2 1 3 ];
adjustments = [-10 -6 10 -1 1.5 -1.5 -1.5 1.5 -1.5 -1.5 -2.5 -1.5 2.5 2.5 1.5 -0.5 0.5 0.5 1.5 -0.5 ];
sentences = {'03676' '22336' '70565' '08168' '45923' '93692' '54841' '66127' '36514' '48832' '14040' '70287' '52988' '87713' '11755' '29394' '35209' '69009' '91451' '87470' };
offsets = [3958239 1632899 1954712 4652989 2073724 3797115 1915795 3451737 290732 2402205 4291458 2386782 4756929 2109015 1450421 2769164 3791754 2857790 457603 1974041 ];

