target=0.50;discardreversals=2;startvalue=0.00;steps=[4  2  1];selfservice=0;
threshold = [-26.00 ];
values = [5.00 -5.00 -15.00 -21.00 -31.00 -21.00 -26.00 -23.50 -25.00 -27.50 -27.00 -24.50 -25.00 -24.50 -26.00 -28.50 -27.00 -27.50 -25.00 -26.50 ];
reversals = [0 0 0 0 1 -1 1 -1 0 1 0 -1 1 -1 0 1 -1 1 -1 1 ];
measures = [0 0 0 0 0 0 1 1 1 1 1 1 1 1 1 1 1 1 1 1 ];
presentations = [1 2 3 4 5 6 7 8 9 10 11 12 13 14 15 16 17 18 19 20 ];
answers = [5 5 4 5 0 5 0 4 5 2 0 3 2 4 5 1 3 0 4 2 ];
adjustments = [-10 -10 -6 -10 10 -5 2.5 -1.5 -2.5 0.5 2.5 -0.5 0.5 -1.5 -2.5 1.5 -0.5 2.5 -1.5 0.5 ];
sentences = {'69444' '89364' '37886' '85813' '76600' '12339' '44697' '44529' '90013' '68271' '33528' '77705' '06251' '21080' '02737' '50976' '23448' '51195' '15952' '98162' };
offsets = [5779 9862 40236 42756 86161 23049 42807 13024 11249 57294 94696 8013 39877 37414 6074 28990 42697 47700 56258 47302 ];

