target=0.50;discardreversals=2;startvalue=0.00;steps=[4  2  1];selfservice=0;
threshold = [-5.00 ];
values = [0.00 -10.00 0.00 -3.00 -5.50 -3.00 -0.50 -3.00 -5.50 -6.00 -4.50 -7.00 -5.50 -3.00 -1.50 -4.00 -5.50 -3.00 -2.50 -3.00 ];
reversals = [0 1 -1 0 1 0 -1 0 0 1 -1 1 0 0 -1 0 1 0 -1 0 ];
measures = [0 0 0 0 1 1 1 1 1 1 1 1 1 1 1 1 1 1 1 1 ];
presentations = [1 2 3 4 5 6 7 8 9 10 11 12 13 14 15 16 17 18 19 20 ];
answers = [5 0 4 5 0 0 5 5 3 1 5 1 0 1 5 4 0 2 3 4 ];
adjustments = [-10 10 -3 -2.5 2.5 2.5 -2.5 -2.5 -0.5 1.5 -2.5 1.5 2.5 1.5 -2.5 -1.5 2.5 0.5 -0.5 -1.5 ];
sentences = {'24318' '21080' '85813' '82487' '03262' '77974' '50976' '90790' '59026' '69444' '44697' '48835' '66553' '77705' '33528' '15149' '12339' '98162' '06251' '31601' };
offsets = [15785 14388 13963 4201 25588 2390 904 486 34133 17867 19387 32024 5973 16216 15649 9869 10949 1920 10717 18152 ];

