target=0.50;discardreversals=2;startvalue=0.00;steps=[4  2  1];selfservice=0;
threshold = [-11.75 ];
values = [0.00 -10.00 -12.00 -6.00 -11.00 -13.50 -11.00 -11.50 -14.00 -11.50 -11.00 -12.50 -11.00 -11.50 -11.00 -11.50 -13.00 -13.50 -12.00 -13.50 ];
reversals = [0 0 1 -1 0 1 -1 0 1 0 -1 1 -1 1 -1 0 0 1 -1 0 ];
measures = [0 0 0 0 0 1 1 1 1 1 1 1 1 1 1 1 1 1 1 1 ];
presentations = [1 2 3 4 5 6 7 8 9 10 11 12 13 14 15 16 17 18 19 20 ];
answers = [5 3 1 5 5 0 3 5 0 2 4 1 3 2 3 4 3 1 4 3 ];
adjustments = [-10 -2 6 -5 -2.5 2.5 -0.5 -2.5 2.5 0.5 -1.5 1.5 -0.5 0.5 -0.5 -1.5 -0.5 1.5 -1.5 -0.5 ];
sentences = {'24318' '18348' '59026' '66553' '82487' '70762' '51437' '77974' '90790' '31601' '23081' '48835' '03262' '65555' '15149' '09216' '86800' '92629' '47173' '34994' };
offsets = [2941315 1559460 600005 608642 3292232 504990 878075 4485358 343337 1136177 85917 4522552 3986009 4436826 3162763 3181833 1634858 4417598 1233818 2361259 ];

