target=0.50;discardreversals=2;startvalue=0.00;steps=[4  2  1];selfservice=0;
threshold = [-3.00 ];
values = [0.00 -2.00 -4.00 6.00 1.00 0.50 -2.00 -3.50 -1.00 -3.50 -4.00 -2.50 -5.00 -4.50 -2.00 -2.50 -4.00 -2.50 -3.00 -3.50 ];
reversals = [0 0 1 -1 0 0 0 1 -1 0 1 -1 1 0 -1 0 1 -1 0 0 ];
measures = [0 0 0 0 0 0 0 1 1 1 1 1 1 1 1 1 1 1 1 1 ];
presentations = [1 2 3 4 5 6 7 8 9 10 11 12 13 14 15 16 17 18 19 20 ];
answers = [3 3 0 5 3 5 4 0 5 3 1 5 2 0 3 4 1 3 3 5 ];
adjustments = [-2 -2 10 -5 -0.5 -2.5 -1.5 2.5 -2.5 -0.5 1.5 -2.5 0.5 2.5 -0.5 -1.5 1.5 -0.5 -0.5 -2.5 ];
sentences = {'52988' '35209' '70287' '22336' '08168' '66127' '54841' '87470' '29394' '14040' '70565' '69009' '03676' '93692' '87713' '91451' '11755' '36514' '48832' '45923' };
offsets = [10963 18167 14013 17686 19760 18819 1830 3227 2252 4080 2940 7432 34680 30058 11583 19763 13333 31444 30006 13772 ];

