target=0.50;discardreversals=2;startvalue=0.00;steps=[4  2  1];selfservice=0;
threshold = [-4.00 ];
values = [0.00 -10.00 0.00 -5.00 -2.50 -4.00 -1.50 -4.00 -1.50 -3.00 -4.50 -5.00 -3.50 -5.00 -2.50 -5.00 -5.50 -3.00 -1.50 -4.00 ];
reversals = [0 1 -1 1 -1 1 -1 1 -1 0 0 1 -1 1 -1 0 1 0 -1 1 ];
measures = [0 0 0 1 1 1 1 1 1 1 1 1 1 1 1 1 1 1 1 1 ];
presentations = [1 2 3 4 5 6 7 8 9 10 11 12 13 14 15 16 17 18 19 20 ];
answers = [5 0 5 0 4 0 5 0 4 4 3 1 4 0 5 3 0 1 5 1 ];
adjustments = [-10 10 -5 2.5 -1.5 2.5 -2.5 2.5 -1.5 -1.5 -0.5 1.5 -1.5 2.5 -2.5 -0.5 2.5 1.5 -2.5 1.5 ];
sentences = {'16140' '33980' '00456' '87263' '68819' '76802' '55025' '89135' '41634' '03491' '22586' '30757' '61793' '52277' '95569' '24621' '99308' '74972' '47048' '18314' };
offsets = [13434 20716 34072 7778 31527 22978 9910 15487 34048 16123 29341 5578 17755 237 23496 18590 11802 638 20335 8504 ];

