target=0.50;discardreversals=2;startvalue=0.00;steps=[4  2  1];selfservice=0;
threshold = [-4.75 ];
values = [0.00 -6.00 0.00 -5.00 -3.50 -6.00 -4.50 -4.00 -6.50 -4.00 -5.50 -4.00 -4.50 -7.00 -4.50 -5.00 -3.50 -5.00 -4.50 -4.00 ];
reversals = [0 1 -1 1 -1 1 0 -1 1 -1 1 -1 0 1 -1 1 -1 1 0 -1 ];
measures = [0 0 0 1 1 1 1 1 1 1 1 1 1 1 1 1 1 1 1 1 ];
presentations = [1 2 3 4 5 6 7 8 9 10 11 12 13 14 15 16 17 18 19 20 ];
answers = [4 1 5 1 5 1 2 5 0 4 1 3 5 0 3 1 4 2 2 4 ];
adjustments = [-6 6 -5 1.5 -2.5 1.5 0.5 -2.5 2.5 -1.5 1.5 -0.5 -2.5 2.5 -0.5 1.5 -1.5 0.5 0.5 -1.5 ];
sentences = {'34994' '23081' '68271' '51195' '90013' '15952' '18348' '47173' '70762' '92629' '86800' '23448' '37886' '44529' '02737' '76600' '09216' '65555' '89364' '51437' };
offsets = [3833 3963 24911 16763 21219 8482 22611 27051 660 4226 30645 5544 33774 43504 7490 22742 7558 10506 2003 24608 ];

