target=0.50;discardreversals=2;startvalue=0.00;steps=[4  2  1];selfservice=0;
threshold = [-11.00 ];
values = [0.00 -10.00 -20.00 -10.00 -15.00 -12.50 -11.00 -11.50 -10.00 -7.50 -10.00 -10.50 -11.00 -10.50 -11.00 -12.50 -13.00 -14.50 -12.00 -10.50 ];
reversals = [0 0 1 -1 1 0 -1 1 0 -1 0 0 1 -1 0 0 0 1 0 -1 ];
measures = [0 0 0 0 1 1 1 1 1 1 1 1 1 1 1 1 1 1 1 1 ];
presentations = [1 2 3 4 5 6 7 8 9 10 11 12 13 14 15 16 17 18 19 20 ];
answers = [5 5 0 5 0 1 3 1 0 5 3 3 2 3 4 3 4 0 1 4 ];
adjustments = [-10 -10 10 -5 2.5 1.5 -0.5 1.5 2.5 -2.5 -0.5 -0.5 0.5 -0.5 -1.5 -0.5 -1.5 2.5 1.5 -1.5 ];
sentences = {'23448' '26626' '72141' '76600' '51779' '02737' '90013' '39994' '51195' '37886' '89364' '67850' '15952' '80338' '43285' '94067' '05413' '44529' '18502' '68271' };
offsets = [596271 4784991 2086647 2440490 3930445 405112 2211054 2534202 2920974 4383878 2140922 4393015 3183341 3400062 2947650 1544289 1212308 4560525 3255823 1646741 ];

