target=0.50;discardreversals=2;startvalue=0.00;steps=[4  2  1];selfservice=0;
threshold = [-5.00 ];
values = [0.00 -6.00 0.00 -3.00 -2.50 -5.00 -4.50 -6.00 -3.50 -5.00 -4.50 -7.00 -4.50 -5.00 -7.50 -7.00 -7.50 -5.00 -6.50 -5.00 ];
reversals = [0 1 -1 1 -1 1 -1 1 -1 1 -1 1 -1 0 1 -1 1 -1 1 -1 ];
measures = [0 0 0 1 1 1 1 1 1 1 1 1 1 1 1 1 1 1 1 1 ];
presentations = [1 2 3 4 5 6 7 8 9 10 11 12 13 14 15 16 17 18 19 20 ];
answers = [4 1 4 2 5 2 4 0 4 2 5 0 3 5 2 3 0 4 1 4 ];
adjustments = [-6 6 -3 0.5 -2.5 0.5 -1.5 2.5 -1.5 0.5 -2.5 2.5 -0.5 -2.5 0.5 -0.5 2.5 -1.5 1.5 -1.5 ];
sentences = {'48835' '18502' '31601' '80338' '15149' '39994' '90790' '72141' '24318' '03262' '05413' '82487' '43285' '26626' '77974' '67850' '59026' '51779' '66553' '94067' };
offsets = [16591 8907 3988 18587 5569 4609 6943 6061 15256 25057 6487 5179 2705 14400 16183 6691 3508 15773 21936 395 ];

