target=0.50;discardreversals=2;startvalue=0.00;steps=[4  2  1];selfservice=0;
threshold = [-1.50 ];
values = [0.00 -10.00 0.00 -1.00 -1.50 0.00 -2.50 -2.00 -2.50 -1.00 -1.50 -1.00 -1.50 -1.00 -0.50 -3.00 -2.50 -2.00 -1.50 1.00 ];
reversals = [0 1 -1 0 1 -1 1 -1 1 -1 1 -1 1 0 -1 1 0 0 0 -1 ];
measures = [0 0 0 0 1 1 1 1 1 1 1 1 1 1 1 1 1 1 1 1 ];
presentations = [1 2 3 4 5 6 7 8 9 10 11 12 13 14 15 16 17 18 19 20 ];
answers = [5 0 3 3 1 5 2 3 1 3 2 3 2 2 5 2 2 2 0 3 ];
adjustments = [-10 10 -1 -0.5 1.5 -2.5 0.5 -0.5 1.5 -0.5 0.5 -0.5 0.5 0.5 -2.5 0.5 0.5 0.5 2.5 -0.5 ];
sentences = {'07970' '78835' '44529' '02737' '51417' '68271' '89364' '51195' '76600' '37886' '34226' '15952' '90013' '82009' '10681' '23448' '63558' '29744' '95162' '46393' };
offsets = [21170 29288 19986 11122 4080 6431 16084 9350 1658 25432 21596 5870 28102 10452 13224 28099 20904 8872 2825 30884 ];

