target=0.50;discardreversals=2;startvalue=0.00;steps=[4  2  1];selfservice=0;
threshold = [6.00 ];
values = [0.00 6.00 4.00 7.00 9.50 7.00 4.50 4.00 6.50 7.00 4.50 7.00 4.50 2.00 4.50 6.00 3.50 6.00 6.50 5.00 ];
reversals = [0 -1 1 0 -1 0 0 1 0 -1 1 -1 0 1 0 -1 1 0 -1 0 ];
measures = [0 0 0 0 1 1 1 1 1 1 1 1 1 1 1 1 1 1 1 1 ];
presentations = [1 2 3 4 5 6 7 8 9 10 11 12 13 14 15 16 17 18 19 20 ];
answers = [1 3 1 0 5 5 3 0 2 5 0 5 5 0 1 5 0 2 4 4 ];
adjustments = [6 -2 3 2.5 -2.5 -2.5 -0.5 2.5 0.5 -2.5 2.5 -2.5 -2.5 2.5 1.5 -2.5 2.5 0.5 -1.5 -1.5 ];
sentences = {'23448' '90013' '51195' '76600' '02737' '68271' '16140' '89364' '03491' '74972' '37886' '55025' '41634' '44529' '68819' '99308' '30757' '15952' '87263' '22586' };
offsets = [4618842 638975 4391023 578740 4215442 2995498 1804353 519402 1208413 1510230 4079181 91765 2448064 3197535 19922 142526 3877551 1399895 230914 3724258 ];

