target=0.75;minreversals=14;discardreversals=4;minmeasures=25;startvalue=60.00;steps=[8  8  4  2];feedback=0;
threshold = [60.00 ];
values = [60.00 52.00 44.00 68.00 60.00 56.00 52.00 52.00 52.00 52.00 52.00 52.00 64.00 62.00 60.00 58.00 58.00 58.00 56.00 54.00 60.00 60.00 60.00 58.00 58.00 58.00 58.00 58.00 56.00 54.00 60.00 58.00 56.00 54.00 60.00 58.00 58.00 58.00 56.00 62.00 62.00 62.00 62.00 62.00 62.00 62.00 60.00 68.00 76.00 82.00 82.00 82.00 80.00 88.00 96.00 102.00 102.00 100.00 100.00 100.00 98.00 98.00 98.00 98.00 96.00 94.00 92.00 92.00 90.00 88.00 86.00 86.00 ];
reversals = [0 0 1 -1 0 0 0 0 0 0 0 1 -1 0 0 0 0 0 0 1 0 0 -1 0 0 0 0 0 0 1 -1 0 0 1 -1 0 0 0 1 0 0 0 0 0 0 -1 1 0 0 0 0 -1 1 0 0 0 -1 0 0 0 0 0 0 0 0 0 0 0 0 0 0 0 ];
measures = [0 0 0 0 0 0 0 0 0 0 0 0 0 0 0 0 0 0 0 1 1 1 1 1 1 1 1 1 1 1 1 1 1 1 1 1 1 1 1 1 1 1 1 1 1 1 1 1 1 1 1 1 1 1 1 1 1 1 1 1 1 1 1 1 1 1 1 1 1 1 1 1 ];
presentations = [1 1 1 1 1 1 0 0 0 0 0 1 1 1 1 0 0 1 1 1 0 0 1 0 0 0 0 1 1 1 1 1 1 1 1 0 0 1 1 0 0 0 0 0 0 1 0 0 1 0 0 1 0 0 1 0 1 0 0 1 0 0 0 1 1 1 0 1 1 1 0 1 ];
answers = [1 1 0 1 1 1 0 0 0 0 0 0 1 1 1 0 0 1 1 0 0 0 1 0 0 0 0 1 1 0 1 1 1 0 1 0 0 1 0 0 0 0 0 0 0 1 1 1 0 0 0 1 1 1 0 0 1 0 0 1 0 0 0 1 1 1 0 1 1 1 0 1 ];
adjustments = [-8 -8 24 -8 -4 -4 0 0 0 0 0 12 -2 -2 -2 0 0 -2 -2 6 0 0 -2 0 0 0 0 -2 -2 6 -2 -2 -2 6 -2 0 0 -2 6 0 0 0 0 0 0 -2 8 8 6 0 0 -2 8 8 6 0 -2 0 0 -2 0 0 0 -2 -2 -2 0 -2 -2 -2 0 -2 ];

