target=0.50;discardreversals=2;startvalue=0.00;steps=[4  2  1];selfservice=0;
threshold = [-8.25 ];
values = [0.00 -10.00 0.00 -3.00 -4.50 -5.00 -7.50 -9.00 -8.50 -10.00 -7.50 -8.00 -7.50 -10.00 -7.50 -8.00 -10.50 -10.00 -8.50 -6.00 ];
reversals = [0 1 -1 0 0 0 0 1 -1 1 -1 1 -1 1 -1 0 1 0 0 -1 ];
measures = [0 0 0 0 0 0 0 1 1 1 1 1 1 1 1 1 1 1 1 1 ];
presentations = [1 2 3 4 5 6 7 8 9 10 11 12 13 14 15 16 17 18 19 20 ];
answers = [5 0 4 4 3 5 4 2 4 0 3 2 5 0 3 5 2 1 0 5 ];
adjustments = [-10 10 -3 -1.5 -0.5 -2.5 -1.5 0.5 -1.5 2.5 -0.5 0.5 -2.5 2.5 -0.5 -2.5 0.5 1.5 2.5 -2.5 ];
sentences = {'61793' '24621' '76802' '82487' '77974' '59026' '52277' '03262' '47048' '33980' '48835' '66553' '18314' '00456' '90790' '95569' '15149' '31601' '89135' '24318' };
offsets = [4472757 661410 2692416 2739677 377754 3607380 204934 1532069 1632678 4470800 3659518 427288 2023442 761667 291809 2417514 398040 2472649 3427562 4361758 ];

