target=0.50;discardreversals=2;startvalue=0.00;steps=[4  2  1];selfservice=0;
threshold = [3.00 ];
values = [0.00 10.00 0.00 3.00 1.50 3.00 2.50 0.00 2.50 4.00 3.50 2.00 1.50 1.00 3.50 4.00 5.50 4.00 2.50 1.00 ];
reversals = [0 -1 1 -1 1 -1 0 1 0 -1 0 0 0 1 0 0 -1 0 0 0 ];
measures = [0 0 0 1 1 1 1 1 1 1 1 1 1 1 1 1 1 1 1 1 ];
presentations = [1 2 3 4 5 6 7 8 9 10 11 12 13 14 15 16 17 18 19 20 ];
answers = [0 5 1 4 1 3 5 0 1 3 4 3 3 0 2 1 4 4 4 4 ];
adjustments = [10 -10 3 -1.5 1.5 -0.5 -2.5 2.5 1.5 -0.5 -1.5 -0.5 -0.5 2.5 0.5 1.5 -1.5 -1.5 -1.5 -1.5 ];
sentences = {'23081' '87470' '51437' '45923' '65555' '22336' '18348' '09216' '93692' '70762' '36514' '70287' '47173' '11755' '34994' '86800' '69009' '54841' '92629' '08168' };
offsets = [1199727 2273671 3622491 2215770 4427373 1756592 3282332 1030617 63951 1368174 132747 2574218 1353517 4669667 1564621 4581457 1134480 1157610 1567076 1548118 ];

