target=0.50;discardreversals=2;startvalue=0.00;steps=[4  2  1];selfservice=0;
threshold = [-5.75 ];
values = [0.00 -10.00 0.00 -3.00 -4.50 -7.00 -4.50 -3.00 -4.50 -7.00 -5.50 -3.00 -4.50 -6.00 -6.50 -7.00 -5.50 -6.00 -3.50 -3.00 ];
reversals = [0 1 -1 0 0 1 0 -1 0 1 0 -1 0 0 0 1 -1 1 0 -1 ];
measures = [0 0 0 0 0 1 1 1 1 1 1 1 1 1 1 1 1 1 1 1 ];
presentations = [1 2 3 4 5 6 7 8 9 10 11 12 13 14 15 16 17 18 19 20 ];
answers = [5 0 4 4 5 0 1 4 5 1 0 4 4 3 3 1 3 0 2 4 ];
adjustments = [-10 10 -3 -1.5 -2.5 2.5 1.5 -1.5 -2.5 1.5 2.5 -1.5 -1.5 -0.5 -0.5 1.5 -0.5 2.5 0.5 -1.5 ];
sentences = {'99308' '63558' '03491' '16140' '46393' '10681' '34226' '82009' '95162' '22586' '41634' '30757' '74972' '29744' '87263' '55025' '07970' '78835' '68819' '51417' };
offsets = [30343 26555 2921 9879 42730 15959 9867 8808 6359 5463 6829 4198 20537 8908 1848 15895 35168 2753 5943 19564 ];

