target=0.50;discardreversals=2;startvalue=0.00;steps=[4  2  1];selfservice=0;
threshold = [-3.50 ];
values = [0.00 -2.00 -12.00 -2.00 -7.00 -4.50 -2.00 -1.50 -1.00 -3.50 -2.00 -3.50 -1.00 -1.50 -4.00 -2.50 -2.00 -1.50 -3.00 -5.50 ];
reversals = [0 0 1 -1 1 0 0 0 -1 1 -1 1 -1 0 1 0 0 -1 0 1 ];
measures = [0 0 0 0 1 1 1 1 1 1 1 1 1 1 1 1 1 1 1 1 ];
presentations = [1 2 3 4 5 6 7 8 9 10 11 12 13 14 15 16 17 18 19 20 ];
answers = [3 5 0 5 0 0 2 2 5 1 4 0 3 5 1 2 2 4 5 1 ];
adjustments = [-2 -10 10 -5 2.5 2.5 0.5 0.5 -2.5 1.5 -1.5 2.5 -0.5 -2.5 1.5 0.5 0.5 -1.5 -2.5 1.5 ];
sentences = {'67850' '05413' '33980' '24621' '52277' '39994' '43285' '51779' '76802' '18502' '47048' '89135' '61793' '26626' '72141' '80338' '94067' '18314' '95569' '00456' };
offsets = [9854 19995 898 5594 12271 8097 1447 17523 5287 22008 33941 11192 5140 25287 11716 13719 20622 1979 9675 14744 ];

