target=0.50;discardreversals=2;startvalue=0.00;steps=[4  2  1];selfservice=0;
threshold = [-5.75 ];
values = [0.00 -2.00 -8.00 -2.00 -3.00 -5.50 -6.00 -8.50 -7.00 -6.50 -8.00 -6.50 -4.00 -3.50 -5.00 -4.50 -6.00 -6.50 -5.00 -5.50 ];
reversals = [0 0 1 -1 0 0 0 1 0 -1 1 0 0 -1 1 -1 0 1 -1 0 ];
measures = [0 0 0 0 0 0 0 1 1 1 1 1 1 1 1 1 1 1 1 1 ];
presentations = [1 2 3 4 5 6 7 8 9 10 11 12 13 14 15 16 17 18 19 20 ];
answers = [3 4 1 3 5 3 5 1 2 4 1 0 2 4 2 4 3 1 3 5 ];
adjustments = [-2 -6 6 -1 -2.5 -0.5 -2.5 1.5 0.5 -1.5 1.5 2.5 0.5 -1.5 0.5 -1.5 -0.5 1.5 -0.5 -2.5 ];
sentences = {'66553' '21080' '59026' '50976' '15149' '06251' '24318' '98162' '03262' '69444' '44697' '12339' '77705' '77974' '82487' '31601' '33528' '85813' '90790' '48835' };
offsets = [1037244 197762 1740673 2959444 318934 2053766 2689869 2748637 1315298 1700464 4292566 4223598 4128553 263948 3906817 2049220 4367554 1579755 1616225 3424944 ];

