target=0.50;discardreversals=2;startvalue=0.00;steps=[4  2  1];selfservice=0;
threshold = [3.25 ];
values = [0.00 10.00 0.00 3.00 1.50 3.00 5.50 3.00 3.50 1.00 2.50 4.00 3.50 3.00 4.50 6.00 5.50 6.00 3.50 3.00 ];
reversals = [0 -1 1 -1 1 0 -1 1 -1 1 0 -1 0 1 0 -1 1 -1 0 1 ];
measures = [0 0 0 1 1 1 1 1 1 1 1 1 1 1 1 1 1 1 1 1 ];
presentations = [1 2 3 4 5 6 7 8 9 10 11 12 13 14 15 16 17 18 19 20 ];
answers = [0 5 1 4 1 0 5 2 5 1 1 3 3 1 1 3 2 5 3 2 ];
adjustments = [10 -10 3 -1.5 1.5 2.5 -2.5 0.5 -2.5 1.5 1.5 -0.5 -0.5 1.5 1.5 -0.5 0.5 -2.5 -0.5 0.5 ];
sentences = {'24318' '63558' '10681' '34226' '29744' '90790' '77974' '95162' '07970' '31601' '82487' '15149' '66553' '82009' '78835' '03262' '51417' '46393' '59026' '48835' };
offsets = [2058 25736 11710 31091 3501 5338 716 9367 23380 20380 14998 6840 11538 20265 1141 18625 4315 14955 26896 16769 ];

