target=0.50;discardreversals=2;startvalue=0.00;steps=[4  2  1];selfservice=0;
threshold = [-3.50 ];
values = [0.00 -6.00 4.00 -1.00 -3.50 -6.00 -4.50 -6.00 -3.50 -5.00 -2.50 -3.00 -4.50 -2.00 -3.50 -3.00 -3.50 -3.00 -2.50 -3.00 ];
reversals = [0 1 -1 0 0 1 -1 1 -1 1 -1 0 1 -1 1 -1 1 0 -1 1 ];
measures = [0 0 0 0 0 1 1 1 1 1 1 1 1 1 1 1 1 1 1 1 ];
presentations = [1 2 3 4 5 6 7 8 9 10 11 12 13 14 15 16 17 18 19 20 ];
answers = [4 0 5 5 5 1 4 0 4 0 3 4 0 4 2 3 2 2 3 2 ];
adjustments = [-6 10 -5 -2.5 -2.5 1.5 -1.5 2.5 -1.5 2.5 -0.5 -1.5 2.5 -1.5 0.5 -0.5 0.5 0.5 -0.5 0.5 ];
sentences = {'18348' '34226' '95162' '07970' '10681' '46393' '92629' '47173' '09216' '78835' '23081' '29744' '51437' '82009' '34994' '51417' '65555' '86800' '63558' '70762' };
offsets = [1279 18729 8490 16234 12042 25273 12921 12511 34219 19507 19664 4057 23166 2991 18614 7446 11412 23430 27044 432 ];

