target=0.50;discardreversals=2;startvalue=0.00;steps=[4  2  1];selfservice=0;
threshold = [5.00 ];
values = [5.00 7.00 17.00 7.00 8.00 5.50 7.00 6.50 4.00 4.50 3.00 3.50 4.00 3.50 6.00 5.50 6.00 4.50 6.00 3.50 ];
reversals = [0 0 -1 1 -1 1 -1 0 1 -1 1 0 -1 1 -1 1 -1 1 -1 1 ];
measures = [0 0 0 0 1 1 1 1 1 1 1 1 1 1 1 1 1 1 1 1 ];
presentations = [1 2 3 4 5 6 7 8 9 10 11 12 13 14 15 16 17 18 19 20 ];
answers = [2 0 5 2 5 1 3 5 2 4 2 2 3 0 3 2 4 1 5 2 ];
adjustments = [2 10 -10 1 -2.5 1.5 -0.5 -2.5 0.5 -1.5 0.5 0.5 -0.5 2.5 -0.5 0.5 -1.5 1.5 -2.5 0.5 ];
sentences = {'65555' '70762' '52277' '00456' '34994' '23081' '61793' '95569' '51437' '47048' '76802' '92629' '47173' '09216' '33980' '89135' '18314' '86800' '18348' '24621' };
offsets = [46155 54584 20459 86989 15701 45440 58069 11645 33566 88556 84548 13917 40907 38245 21504 79289 17650 85912 8145 72069 ];

