target=0.50;discardreversals=2;startvalue=0.00;steps=[4  2  1];selfservice=0;
threshold = [-0.75 ];
values = [5.00 -5.00 5.00 2.00 -0.50 -3.00 -0.50 -1.00 0.50 -2.00 0.50 0.00 -2.50 -1.00 -1.50 0.00 0.50 2.00 0.50 2.00 ];
reversals = [0 1 -1 0 0 1 -1 1 -1 1 -1 0 1 -1 1 0 0 -1 1 -1 ];
measures = [0 0 0 0 0 1 1 1 1 1 1 1 1 1 1 1 1 1 1 1 ];
presentations = [1 2 3 4 5 6 7 8 9 10 11 12 13 14 15 16 17 18 19 20 ];
answers = [5 0 4 5 5 0 3 1 5 0 3 5 1 3 1 2 1 4 1 4 ];
adjustments = [-10 10 -3 -2.5 -2.5 2.5 -0.5 1.5 -2.5 2.5 -0.5 -2.5 1.5 -0.5 1.5 0.5 1.5 -1.5 1.5 -1.5 ];
sentences = {'06251' '09216' '33528' '69444' '47173' '85813' '51437' '34994' '98162' '92629' '44697' '18348' '86800' '65555' '50976' '77705' '12339' '21080' '23081' '70762' };
offsets = [84056 67082 7250 45869 67569 80317 55180 65282 12441 22002 53829 38037 65475 46552 51854 34472 74995 54335 12520 16705 ];

