target=0.50;discardreversals=2;startvalue=0.00;steps=[4  2  1];selfservice=0;
threshold = [-30.50 ];
values = [5.00 -5.00 -15.00 -25.00 -31.00 -25.00 -30.00 -31.50 -30.00 -30.50 -29.00 -27.50 -28.00 -29.50 -30.00 -31.50 -31.00 -29.50 -31.00 -30.50 ];
reversals = [0 0 0 0 1 -1 0 1 -1 1 0 -1 0 0 0 1 0 -1 1 0 ];
measures = [0 0 0 0 0 0 0 1 1 1 1 1 1 1 1 1 1 1 1 1 ];
presentations = [1 2 3 4 5 6 7 8 9 10 11 12 13 14 15 16 17 18 19 20 ];
answers = [5 5 5 4 1 5 4 1 3 1 1 3 4 3 4 2 1 4 2 1 ];
adjustments = [-10 -10 -10 -6 6 -5 -1.5 1.5 -0.5 1.5 1.5 -0.5 -1.5 -0.5 -1.5 0.5 1.5 -1.5 0.5 1.5 ];
sentences = {'41634' '03491' '74972' '76600' '68271' '02737' '51195' '44529' '99308' '15952' '68819' '87263' '22586' '90013' '37886' '23448' '16140' '55025' '30757' '89364' };
offsets = [19316 51591 76397 18875 77793 27594 22855 53898 17185 9408 56728 95 77388 40229 82408 31422 39016 7669 3185 15240 ];

