target=0.50;discardreversals=2;startvalue=0.00;steps=[4  2  1];selfservice=0;
threshold = [-1.00 ];
values = [0.00 10.00 0.00 3.00 0.50 -2.00 -0.50 -1.00 -0.50 -2.00 -2.50 -2.00 -3.50 -3.00 -1.50 0.00 0.50 -2.00 -0.50 -2.00 ];
reversals = [0 -1 1 -1 0 1 -1 1 -1 0 1 -1 1 0 0 0 -1 1 -1 0 ];
measures = [0 0 0 1 1 1 1 1 1 1 1 1 1 1 1 1 1 1 1 1 ];
presentations = [1 2 3 4 5 6 7 8 9 10 11 12 13 14 15 16 17 18 19 20 ];
answers = [0 5 1 5 5 1 3 2 4 3 2 4 2 1 1 2 5 1 4 4 ];
adjustments = [10 -10 3 -2.5 -2.5 1.5 -0.5 0.5 -1.5 -0.5 0.5 -1.5 0.5 1.5 1.5 0.5 -2.5 1.5 -1.5 -1.5 ];
sentences = {'91451' '87713' '76802' '95569' '66127' '48832' '52988' '35209' '29394' '14040' '70565' '47048' '24621' '61793' '33980' '89135' '03676' '18314' '00456' '52277' };
offsets = [39498 9088 34027 8005 20077 5515 5366 13387 14016 8482 11926 12303 1255 1705 12087 14098 39683 15352 31381 14689 ];

