target=0.50;discardreversals=2;startvalue=0.00;steps=[4  2  1];selfservice=0;
threshold = [-10.00 ];
values = [0.00 -6.00 -16.00 -14.00 -9.00 -12.00 -12.50 -12.00 -10.50 -10.00 -8.50 -7.00 -7.50 -10.00 -9.50 -9.00 -8.50 -10.00 -8.50 -10.00 ];
reversals = [0 0 1 0 -1 0 1 0 0 0 0 -1 0 1 0 0 -1 1 -1 1 ];
measures = [0 0 0 0 0 0 1 1 1 1 1 1 1 1 1 1 1 1 1 1 ];
presentations = [1 2 3 4 5 6 7 8 9 10 11 12 13 14 15 16 17 18 19 20 ];
answers = [4 5 2 0 4 3 2 1 2 1 1 3 5 2 2 2 4 1 4 2 ];
adjustments = [-6 -10 2 5 -3 -0.5 0.5 1.5 0.5 1.5 1.5 -0.5 -2.5 0.5 0.5 0.5 -1.5 1.5 -1.5 0.5 ];
sentences = {'52277' '00456' '03262' '77974' '47048' '61793' '89135' '76802' '90790' '59026' '24621' '18314' '33980' '48835' '24318' '31601' '66553' '15149' '95569' '82487' };
offsets = [1039242 4589175 4018284 217266 2720231 4730561 1270059 1697641 2171788 971594 675703 4747083 4266723 3961274 175162 3793790 2566413 1026212 691112 1304021 ];

