target=0.50;discardreversals=2;startvalue=0.00;steps=[4  2  1];selfservice=0;
threshold = [-3.50 ];
values = [0.00 -10.00 0.00 -1.00 -3.50 -4.00 -3.50 -5.00 -4.50 -4.00 -2.50 -2.00 -1.50 0.00 -2.50 0.00 -1.50 -2.00 -4.50 -4.00 ];
reversals = [0 1 -1 0 0 1 -1 1 0 0 0 0 0 -1 1 -1 0 0 1 0 ];
measures = [0 0 0 0 0 1 1 1 1 1 1 1 1 1 1 1 1 1 1 1 ];
presentations = [1 2 3 4 5 6 7 8 9 10 11 12 13 14 15 16 17 18 19 20 ];
answers = [5 0 3 5 3 2 4 2 2 1 2 2 1 5 0 4 3 5 2 0 ];
adjustments = [-10 10 -1 -2.5 -0.5 0.5 -1.5 0.5 0.5 1.5 0.5 0.5 1.5 -2.5 2.5 -1.5 -0.5 -2.5 0.5 2.5 ];
sentences = {'02737' '91451' '51195' '37886' '90013' '89364' '35209' '76600' '29394' '14040' '87713' '52988' '70565' '68271' '48832' '15952' '03676' '66127' '23448' '44529' };
offsets = [635 23326 17002 17859 21930 25703 5355 32935 21135 2967 12744 7842 14127 27107 31839 4449 32407 13083 26598 22031 ];

