target=0.50;discardreversals=2;startvalue=0.00;steps=[4  2  1];selfservice=0;
threshold = [-8.50 ];
values = [0.00 -2.00 -8.00 -10.00 -16.00 -6.00 -7.00 -8.50 -7.00 -8.50 -8.00 -10.50 -8.00 -10.50 -10.00 -8.50 -9.00 -10.50 -10.00 -10.50 ];
reversals = [0 0 0 0 1 -1 0 1 -1 1 -1 1 -1 1 0 -1 0 1 -1 1 ];
measures = [0 0 0 0 0 0 0 1 1 1 1 1 1 1 1 1 1 1 1 1 ];
presentations = [1 2 3 4 5 6 7 8 9 10 11 12 13 14 15 16 17 18 19 20 ];
answers = [3 4 3 4 0 3 4 1 4 2 5 0 5 2 1 3 4 2 3 2 ];
adjustments = [-2 -6 -2 -6 10 -1 -1.5 1.5 -1.5 0.5 -2.5 2.5 -2.5 0.5 1.5 -0.5 -1.5 0.5 -0.5 0.5 ];
sentences = {'98162' '39994' '50976' '26626' '80338' '67850' '21080' '94067' '51779' '77705' '72141' '43285' '85813' '44697' '33528' '12339' '69444' '05413' '06251' '18502' };
offsets = [2273731 49126 568293 2555589 3748255 3979496 822699 3825684 1526401 2930800 4262054 2917667 3093594 1768253 3725325 1466136 1740747 2481382 279682 4588002 ];

