target=0.75;minreversals=14;discardreversals=4;minmeasures=25;startvalue=70.00;steps=[4  4  2  1];feedback=0;
threshold = [113.50 ];
values = [74.00 70.00 66.00 62.00 58.00 74.00 90.00 106.00 102.00 100.00 98.00 98.00 98.00 98.00 98.00 98.00 98.00 104.00 107.00 111.00 111.00 111.00 111.00 111.00 114.00 113.00 112.00 111.00 111.00 110.00 113.00 117.00 117.00 116.00 116.00 115.00 115.00 115.00 115.00 114.00 113.00 116.00 115.00 115.00 115.00 114.00 117.00 117.00 117.00 116.00 116.00 116.00 116.00 115.00 114.00 113.00 112.00 112.00 115.00 118.00 117.00 116.00 115.00 114.00 113.00 113.00 113.00 112.00 112.00 111.00 111.00 110.00 113.00 ];
reversals = [0 0 0 0 1 0 0 -1 0 0 0 0 0 0 0 0 1 0 0 0 0 0 0 0 -1 0 0 0 0 1 0 0 -1 0 0 0 0 0 0 0 1 -1 0 0 0 1 0 0 -1 0 0 0 0 0 0 0 0 1 0 -1 0 0 0 0 0 0 0 0 0 0 0 1 -1 ];
measures = [0 0 0 0 0 0 0 0 0 0 0 0 0 0 0 0 0 0 0 0 0 0 0 0 0 0 0 0 0 1 1 1 1 1 1 1 1 1 1 1 1 1 1 1 1 1 1 1 1 1 1 1 1 1 1 1 1 1 1 1 1 1 1 1 1 1 1 1 1 1 1 1 1 ];
presentations = [1 1 1 1 0 0 0 1 1 1 0 0 0 0 0 0 1 1 0 0 0 0 0 1 1 1 1 0 1 1 0 0 1 0 1 0 0 0 1 1 1 1 0 0 1 1 0 0 1 0 0 0 1 1 1 1 0 1 1 1 1 1 1 1 0 0 1 0 1 0 1 1 1 ];
answers = [1 1 1 1 1 1 1 1 1 1 0 0 0 0 0 0 0 0 1 0 0 0 0 0 1 1 1 0 1 0 1 0 1 0 1 0 0 0 1 1 0 1 0 0 1 0 0 0 1 0 0 0 1 1 1 1 0 0 0 1 1 1 1 1 0 0 1 0 1 0 1 0 1 ];
adjustments = [-4 -4 -4 -4 16 16 16 -4 -2 -2 0 0 0 0 0 0 6 3 4 0 0 0 0 3 -1 -1 -1 0 -1 3 4 0 -1 0 -1 0 0 0 -1 -1 3 -1 0 0 -1 3 0 0 -1 0 0 0 -1 -1 -1 -1 0 3 3 -1 -1 -1 -1 -1 0 0 -1 0 -1 0 -1 3 -1 ];

