target=0.75;minreversals=14;discardreversals=4;minmeasures=25;startvalue=70.00;steps=[4  4  2  1];feedback=0;
threshold = [105.50 ];
values = [78.00 74.00 70.00 66.00 66.00 78.00 74.00 74.00 74.00 74.00 74.00 74.00 80.00 84.00 87.00 91.00 91.00 95.00 98.00 101.00 101.00 104.00 103.00 103.00 103.00 102.00 102.00 102.00 102.00 102.00 102.00 102.00 102.00 105.00 109.00 109.00 108.00 108.00 107.00 110.00 109.00 108.00 108.00 107.00 106.00 106.00 105.00 105.00 104.00 103.00 102.00 101.00 100.00 99.00 98.00 97.00 97.00 97.00 97.00 100.00 99.00 98.00 101.00 105.00 104.00 107.00 106.00 110.00 110.00 110.00 ];
reversals = [0 0 0 0 1 -1 0 0 0 0 0 1 0 0 0 0 0 0 0 0 0 -1 0 0 0 0 0 0 0 0 0 0 1 0 0 -1 0 0 1 -1 0 0 0 0 0 0 0 0 0 0 0 0 0 0 0 0 0 0 1 -1 0 1 0 -1 1 -1 1 0 0 -1 ];
measures = [0 0 0 0 0 0 0 0 0 0 0 0 0 0 0 0 0 0 0 0 0 0 0 0 0 0 0 0 0 0 0 0 1 1 1 1 1 1 1 1 1 1 1 1 1 1 1 1 1 1 1 1 1 1 1 1 1 1 1 1 1 1 1 1 1 1 1 1 1 1 ];
presentations = [1 1 1 0 1 1 0 0 0 0 0 1 0 1 0 0 0 1 1 0 1 1 0 0 1 0 0 0 0 0 0 0 1 0 0 1 0 1 1 1 1 0 1 1 0 1 0 1 1 1 1 1 1 1 1 0 0 0 1 1 1 1 0 1 1 1 0 0 0 1 ];
answers = [1 1 1 0 0 1 0 0 0 0 0 0 1 0 1 0 1 0 0 0 0 1 0 0 1 0 0 0 0 0 0 0 0 1 0 1 0 1 0 1 1 0 1 1 0 1 0 1 1 1 1 1 1 1 1 0 0 0 0 1 1 0 1 1 0 1 1 0 0 1 ];
adjustments = [-4 -4 -4 0 12 -4 0 0 0 0 0 6 4 3 4 0 4 3 3 0 3 -1 0 0 -1 0 0 0 0 0 0 0 3 4 0 -1 0 -1 3 -1 -1 0 -1 -1 0 -1 0 -1 -1 -1 -1 -1 -1 -1 -1 0 0 0 3 -1 -1 3 4 -1 3 -1 4 0 0 -1 ];

