target=0.50;discardreversals=2;startvalue=0.00;steps=[4  2  1];selfservice=0;
threshold = [-2.25 ];
values = [0.00 -6.00 -4.00 -1.00 -6.00 -3.50 -3.00 -1.50 -1.00 -1.50 0.00 0.50 -2.00 -3.50 -3.00 -1.50 -4.00 -4.50 -3.00 -3.50 ];
reversals = [0 1 0 -1 1 0 0 0 -1 1 0 -1 0 1 0 -1 0 1 -1 0 ];
measures = [0 0 0 0 1 1 1 1 1 1 1 1 1 1 1 1 1 1 1 1 ];
presentations = [1 2 3 4 5 6 7 8 9 10 11 12 13 14 15 16 17 18 19 20 ];
answers = [4 2 1 5 0 2 1 2 3 1 2 5 4 2 1 5 3 1 3 4 ];
adjustments = [-6 2 3 -5 2.5 0.5 1.5 0.5 -0.5 1.5 0.5 -2.5 -1.5 0.5 1.5 -2.5 -0.5 1.5 -0.5 -1.5 ];
sentences = {'44529' '15952' '51195' '90013' '68271' '26626' '51779' '72141' '23448' '89364' '37886' '94067' '02737' '67850' '80338' '05413' '43285' '76600' '18502' '39994' };
offsets = [21377 3907 9172 22201 19544 24281 10148 9472 8734 21236 18779 1691 2484 14067 16765 7689 25548 8745 17003 8275 ];

