target=0.50;discardreversals=2;startvalue=0.00;steps=[4  2  1];selfservice=0;
%parameters=icra1,65,train
threshold = [-4.00 ];
values = [0.00 -2.00 -8.00 2.00 -3.00 -0.50 -3.00 -4.50 -6.00 -4.50 -4.00 -5.50 -3.00 -4.50 -3.00 -5.50 -4.00 -6.50 -6.00 -5.50 ];
reversals = [0 0 1 -1 1 -1 0 0 1 0 -1 1 -1 1 -1 1 -1 1 0 0 ];
measures = [0 0 0 0 1 1 1 1 1 1 1 1 1 1 1 1 1 1 1 1 ];
presentations = [1 2 3 4 5 6 7 8 9 10 11 12 13 14 15 16 17 18 19 20 ];
answers = [3 4 0 5 0 5 4 4 1 2 4 0 4 1 5 1 5 2 2 2 ];
adjustments = [-2 -6 10 -5 2.5 -2.5 -1.5 -1.5 1.5 0.5 -1.5 2.5 -1.5 1.5 -2.5 1.5 -2.5 0.5 0.5 0.5 ];
sentences = {'46393' '29744' '78835' '63558' '51417' '08168' '69009' '87470' '22336' '54841' '95162' '34226' '11755' '36514' '07970' '70287' '10681' '93692' '45923' '82009' };
offsets = [2350 11938 23110 10358 3168 14901 14408 4914 26642 10111 10577 10642 11913 22772 22287 12560 11550 7133 12611 6819 ];

