target=0.50;discardreversals=2;startvalue=0.00;steps=[4  2  1];selfservice=0;
%parameters=icra1,63
threshold = [-4.50 ];
values = [0.00 -10.00 0.00 -3.00 -1.50 -2.00 -2.50 -4.00 -5.50 -4.00 -3.50 -5.00 -4.50 -3.00 -4.50 -4.00 -4.50 -7.00 -4.50 -5.00 ];
reversals = [0 1 -1 1 -1 0 0 0 1 0 -1 1 0 -1 1 -1 0 1 -1 1 ];
measures = [0 0 0 1 1 1 1 1 1 1 1 1 1 1 1 1 1 1 1 1 ];
presentations = [1 2 3 4 5 6 7 8 9 10 11 12 13 14 15 16 17 18 19 20 ];
answers = [5 0 4 1 3 3 4 4 1 2 4 2 1 4 2 3 5 0 3 0 ];
adjustments = [-10 10 -3 1.5 -0.5 -0.5 -1.5 -1.5 1.5 0.5 -1.5 0.5 1.5 -1.5 0.5 -0.5 -2.5 2.5 -0.5 2.5 ];
sentences = {'26626' '89364' '39994' '51195' '67850' '68271' '76600' '94067' '80338' '02737' '90013' '51779' '72141' '44529' '43285' '05413' '37886' '15952' '23448' '18502' };
offsets = [45552 7339 25247 4652 2391 12980 5156 17609 12397 9460 13949 15666 4237 21222 5724 8173 27592 8432 25349 4760 ];

