target=0.50;discardreversals=2;startvalue=0.00;steps=[4  2  1];selfservice=0;
%parameters=quiet,65
threshold = [-23.00 ];
values = [0.00 -10.00 -20.00 -26.00 -16.00 -21.00 -20.50 -22.00 -23.50 -22.00 -22.50 -24.00 -25.50 -23.00 -23.50 -24.00 -21.50 -23.00 -25.50 -26.00 ];
reversals = [0 0 0 1 -1 1 -1 0 1 -1 0 0 1 -1 0 1 -1 0 0 1 ];
measures = [0 0 0 0 0 1 1 1 1 1 1 1 1 1 1 1 1 1 1 1 ];
presentations = [1 2 3 4 5 6 7 8 9 10 11 12 13 14 15 16 17 18 19 20 ];
answers = [5 5 4 0 5 2 4 4 1 3 4 4 0 3 3 0 4 5 3 2 ];
adjustments = [-10 -10 -6 10 -5 0.5 -1.5 -1.5 1.5 -0.5 -1.5 -1.5 2.5 -0.5 -0.5 2.5 -1.5 -2.5 -0.5 0.5 ];
sentences = {'61793' '46393' '76802' '95569' '78835' '34226' '29744' '10681' '33980' '47048' '89135' '07970' '63558' '82009' '00456' '51417' '18314' '95162' '52277' '24621' };
offsets = [75259 104253 52416 747 30083 83339 1446 31369 75848 47391 22250 32123 49640 17960 86648 55171 14666 24981 73573 83464 ];

