target=0.50;discardreversals=2;startvalue=0.00;steps=[4  2  1];selfservice=0;
%parameters=babble,65
threshold = [-1.75 ];
values = [0.00 2.00 -4.00 -1.00 -1.50 -1.00 0.50 -2.00 -1.50 -4.00 -1.50 -4.00 -2.50 -2.00 -3.50 -1.00 -2.50 -5.00 -5.50 -5.00 ];
reversals = [0 -1 1 -1 1 0 -1 1 -1 1 -1 1 0 -1 1 -1 0 0 1 0 ];
measures = [0 0 0 1 1 1 1 1 1 1 1 1 1 1 1 1 1 1 1 1 ];
presentations = [1 2 3 4 5 6 7 8 9 10 11 12 13 14 15 16 17 18 19 20 ];
answers = [2 4 1 3 2 1 5 2 5 0 5 1 2 4 0 4 5 3 2 0 ];
adjustments = [2 -6 3 -0.5 0.5 1.5 -2.5 0.5 -2.5 2.5 -2.5 1.5 0.5 -1.5 2.5 -1.5 -2.5 -0.5 0.5 2.5 ];
sentences = {'65555' '74972' '16140' '86800' '22586' '34994' '99308' '51437' '03491' '30757' '09216' '92629' '55025' '18348' '70762' '68819' '41634' '87263' '47173' '23081' };
offsets = [16972 22862 3838 30165 19154 25868 35103 19542 22809 9937 22842 30522 973 13369 3108 20489 3922 11209 34013 1821 ];

