target=0.50;discardreversals=2;startvalue=0.00;steps=[4  2  1];selfservice=0;
%parameters=icra5.250,65
threshold = [-7.50 ];
values = [0.00 -6.00 4.00 -1.00 -2.50 -5.00 -6.50 -8.00 -9.50 -8.00 -5.50 -5.00 -6.50 -8.00 -8.50 -8.00 -6.50 -7.00 -8.50 -6.00 ];
reversals = [0 1 -1 0 0 0 0 0 1 0 0 -1 0 0 1 0 -1 0 1 -1 ];
measures = [0 0 0 0 0 0 0 0 1 1 1 1 1 1 1 1 1 1 1 1 ];
presentations = [1 2 3 4 5 6 7 8 9 10 11 12 13 14 15 16 17 18 19 20 ];
answers = [4 0 5 4 5 4 4 4 1 0 2 4 4 3 2 1 3 4 0 4 ];
adjustments = [-6 10 -5 -1.5 -2.5 -1.5 -1.5 -1.5 1.5 2.5 0.5 -1.5 -1.5 -0.5 0.5 1.5 -0.5 -1.5 2.5 -1.5 ];
sentences = {'39994' '93692' '11755' '43285' '87470' '05413' '69009' '94067' '18502' '54841' '80338' '72141' '36514' '67850' '51779' '22336' '26626' '70287' '45923' '08168' };
offsets = [4011086 3459676 1196238 1260924 111472 2778161 4280592 3147528 2248256 3648553 151268 563259 2970918 4401122 3730801 4444348 3086933 459197 4161656 3083142 ];

