target=0.50;discardreversals=2;startvalue=0.00;steps=[4  2  1];selfservice=0;
%parameters=icra1,53
threshold = [-3.00 ];
values = [0.00 -6.00 0.00 -5.00 -4.50 -4.00 -4.50 -2.00 -2.50 -3.00 -1.50 -2.00 -0.50 -1.00 -1.50 -4.00 -2.50 -3.00 -3.50 -2.00 ];
reversals = [0 1 -1 1 0 -1 1 -1 0 1 -1 1 -1 0 0 1 -1 0 1 0 ];
measures = [0 0 0 1 1 1 1 1 1 1 1 1 1 1 1 1 1 1 1 1 ];
presentations = [1 2 3 4 5 6 7 8 9 10 11 12 13 14 15 16 17 18 19 20 ];
answers = [4 1 5 2 2 3 0 3 3 1 3 1 3 3 5 1 3 3 1 2 ];
adjustments = [-6 6 -5 0.5 0.5 -0.5 2.5 -0.5 -0.5 1.5 -0.5 1.5 -0.5 -0.5 -2.5 1.5 -0.5 -0.5 1.5 0.5 ];
sentences = {'22336' '11755' '69009' '90013' '02737' '45923' '76600' '68271' '15952' '51195' '37886' '89364' '23448' '70287' '44529' '93692' '87470' '08168' '54841' '36514' };
offsets = [547 119 26956 12135 21127 12030 28387 20314 3205 21402 9964 26820 24715 24283 11045 33125 7450 26396 11922 6900 ];

