target=0.50;discardreversals=2;startvalue=0.00;steps=[4  2  1];selfservice=0;
%parameters=icra1,65
threshold = [-5.00 ];
values = [0.00 -10.00 0.00 -5.00 -6.50 -8.00 -5.50 -5.00 -3.50 -5.00 -2.50 -5.00 -6.50 -4.00 -2.50 -4.00 -5.50 -5.00 -6.50 -7.00 ];
reversals = [0 1 -1 0 0 1 0 0 -1 1 -1 0 1 0 -1 0 1 -1 0 1 ];
measures = [0 0 0 0 0 1 1 1 1 1 1 1 1 1 1 1 1 1 1 1 ];
presentations = [1 2 3 4 5 6 7 8 9 10 11 12 13 14 15 16 17 18 19 20 ];
answers = [5 0 5 4 4 0 2 1 4 0 5 4 0 1 4 4 2 4 3 0 ];
adjustments = [-10 10 -5 -1.5 -1.5 2.5 0.5 1.5 -1.5 2.5 -2.5 -1.5 2.5 1.5 -1.5 -1.5 0.5 -1.5 -0.5 2.5 ];
sentences = {'76600' '36514' '15952' '37886' '69009' '89364' '68271' '23448' '54841' '51195' '87470' '45923' '02737' '70287' '08168' '22336' '44529' '90013' '93692' '11755' };
offsets = [24991 31754 7526 25686 8021 3525 10762 17202 8633 2634 3470 15861 20026 22499 24482 18658 37417 26554 13279 6720 ];

