target=0.50;discardreversals=2;startvalue=0.00;steps=[4  2  1];selfservice=0;
%parameters=icra5.250,65,train
threshold = [-7.75 ];
values = [0.00 -10.00 0.00 -5.00 -7.50 -9.00 -8.50 -10.00 -7.50 -10.00 -10.50 -10.00 -7.50 -8.00 -5.50 -5.00 -5.50 -6.00 -6.50 -5.00 ];
reversals = [0 1 -1 0 0 1 -1 1 -1 0 1 0 -1 1 0 -1 0 0 1 -1 ];
measures = [0 0 0 0 0 1 1 1 1 1 1 1 1 1 1 1 1 1 1 1 ];
presentations = [1 2 3 4 5 6 7 8 9 10 11 12 13 14 15 16 17 18 19 20 ];
answers = [5 0 5 5 4 2 4 0 5 3 2 0 3 0 2 3 3 3 1 4 ];
adjustments = [-10 10 -5 -2.5 -1.5 0.5 -1.5 2.5 -2.5 -0.5 0.5 2.5 -0.5 2.5 0.5 -0.5 -0.5 -0.5 1.5 -1.5 ];
sentences = {'78835' '51417' '21080' '10681' '82009' '63558' '07970' '46393' '50976' '95162' '98162' '29744' '69444' '77705' '33528' '44697' '34226' '06251' '12339' '85813' };
offsets = [487822 3733196 936193 2508034 3108711 2491072 2299913 670964 1081060 1204185 4561574 2191979 809326 3519600 3058900 883809 2971445 3550860 3693888 1831948 ];

