target=0.50;discardreversals=2;startvalue=0.00;steps=[4  2  1];selfservice=0;
%parameters=icra5.250,65,re
threshold = [-7.00 ];
values = [0.00 -10.00 0.00 -5.00 -7.50 -8.00 -6.50 -7.00 -7.50 -7.00 -6.50 -6.00 -7.50 -8.00 -9.50 -10.00 -9.50 -8.00 -6.50 -7.00 ];
reversals = [0 1 -1 0 0 1 -1 0 1 0 0 -1 0 0 0 1 0 0 -1 1 ];
measures = [0 0 0 0 0 1 1 1 1 1 1 1 1 1 1 1 1 1 1 1 ];
presentations = [1 2 3 4 5 6 7 8 9 10 11 12 13 14 15 16 17 18 19 20 ];
answers = [5 0 5 5 3 1 3 3 2 2 2 4 3 4 3 2 1 1 3 1 ];
adjustments = [-10 10 -5 -2.5 -0.5 1.5 -0.5 -0.5 0.5 0.5 0.5 -1.5 -0.5 -1.5 -0.5 0.5 1.5 1.5 -0.5 1.5 ];
sentences = {'15952' '37886' '03262' '15149' '23448' '68271' '59026' '89364' '24318' '90790' '51195' '76600' '77974' '44529' '90013' '02737' '82487' '31601' '48835' '66553' };
offsets = [2240657 4151681 472278 2416646 313103 3305607 3572363 4034019 2795909 1597650 2856254 4278418 4541721 1327970 3541195 2680111 3554902 1327226 2549259 1161462 ];

