target=0.50;discardreversals=2;startvalue=0.00;steps=[4  2  1];selfservice=0;
%parameters=icra1,65,re
threshold = [-4.75 ];
values = [0.00 -10.00 0.00 -5.00 -6.50 -6.00 -6.50 -8.00 -7.50 -6.00 -4.50 -4.00 -3.50 -5.00 -3.50 -6.00 -5.50 -4.00 -4.50 -4.00 ];
reversals = [0 1 -1 0 1 -1 0 1 0 0 0 0 -1 1 -1 1 0 -1 1 -1 ];
measures = [0 0 0 0 1 1 1 1 1 1 1 1 1 1 1 1 1 1 1 1 ];
presentations = [1 2 3 4 5 6 7 8 9 10 11 12 13 14 15 16 17 18 19 20 ];
answers = [5 0 5 4 2 3 4 2 1 1 2 2 4 1 5 2 1 3 2 4 ];
adjustments = [-10 10 -5 -1.5 0.5 -0.5 -1.5 0.5 1.5 1.5 0.5 0.5 -1.5 1.5 -2.5 0.5 1.5 -0.5 0.5 -1.5 ];
sentences = {'30757' '67850' '41634' '03491' '68819' '94067' '26626' '43285' '18502' '16140' '80338' '87263' '39994' '74972' '05413' '55025' '99308' '72141' '51779' '22586' };
offsets = [132 2818 28083 25313 33459 1815 12642 447 3140 23286 6732 15005 25952 28425 26955 14254 12874 3266 11347 17951 ];

