target=0.50;discardreversals=2;startvalue=0.00;steps=[4  2  1];selfservice=0;
%parameters=icra1,65,re
threshold = [0.00 ];
values = [0.00 -2.00 4.00 1.00 -0.50 -1.00 1.50 2.00 3.50 1.00 0.50 0.00 2.50 0.00 0.50 -2.00 -0.50 1.00 -1.50 1.00 ];
reversals = [0 1 -1 0 0 1 0 0 -1 0 0 1 -1 1 -1 1 0 -1 1 0 ];
measures = [0 0 0 0 0 1 1 1 1 1 1 1 1 1 1 1 1 1 1 1 ];
presentations = [1 2 3 4 5 6 7 8 9 10 11 12 13 14 15 16 17 18 19 20 ];
answers = [3 1 4 4 3 0 2 1 5 3 3 0 5 2 5 1 1 5 0 0 ];
adjustments = [-2 6 -3 -1.5 -0.5 2.5 0.5 1.5 -2.5 -0.5 -0.5 2.5 -2.5 0.5 -2.5 1.5 1.5 -2.5 2.5 2.5 ];
sentences = {'22586' '76600' '44529' '90013' '68819' '55025' '23448' '37886' '68271' '51195' '30757' '99308' '15952' '03491' '89364' '74972' '16140' '02737' '87263' '41634' };
offsets = [3886 20913 40634 9852 17503 12940 20559 20219 1551 20362 2357 11277 5237 45787 2364 8357 4832 12403 17750 2136 ];

