target=0.50;discardreversals=2;startvalue=0.00;steps=[4  2  1];selfservice=0;
%parameters=icra5.250,65,re
threshold = [4.00 ];
values = [0.00 10.00 4.00 9.00 7.50 5.00 2.50 5.00 2.50 2.00 1.50 2.00 4.50 3.00 5.50 4.00 2.50 4.00 2.50 1.00 ];
reversals = [0 -1 1 -1 0 0 1 -1 0 0 1 0 -1 1 -1 0 1 -1 0 0 ];
measures = [0 0 0 1 1 1 1 1 1 1 1 1 1 1 1 1 1 1 1 1 ];
presentations = [1 2 3 4 5 6 7 8 9 10 11 12 13 14 15 16 17 18 19 20 ];
answers = [0 4 0 4 5 5 0 5 3 3 2 0 4 0 4 4 1 4 4 3 ];
adjustments = [10 -6 5 -1.5 -2.5 -2.5 2.5 -2.5 -0.5 -0.5 0.5 2.5 -1.5 2.5 -1.5 -1.5 1.5 -1.5 -1.5 -0.5 ];
sentences = {'89364' '23448' '44529' '76600' '07970' '34226' '51195' '15952' '46393' '63558' '29744' '68271' '10681' '51417' '90013' '82009' '78835' '37886' '02737' '95162' };
offsets = [3242110 125001 3786298 2594232 1280934 4484115 2770633 2329137 2007156 3673285 2118209 2971618 4730309 794967 4396957 2547730 3719774 3571616 1406020 912084 ];

