target=0.50;discardreversals=2;startvalue=0.00;steps=[4  2  1];selfservice=0;
%parameters=babble,65
threshold = [6.00 ];
values = [0.00 10.00 8.00 3.00 6.00 5.50 4.00 5.50 4.00 2.50 5.00 7.50 9.00 6.50 6.00 7.50 6.00 6.50 6.00 4.50 ];
reversals = [0 -1 0 1 -1 0 1 -1 0 1 0 0 -1 0 1 -1 1 -1 0 1 ];
measures = [0 0 0 0 1 1 1 1 1 1 1 1 1 1 1 1 1 1 1 1 ];
presentations = [1 2 3 4 5 6 7 8 9 10 11 12 13 14 15 16 17 18 19 20 ];
answers = [0 3 5 1 3 4 1 4 4 0 0 1 5 3 1 4 2 3 4 2 ];
adjustments = [10 -2 -5 3 -0.5 -1.5 1.5 -1.5 -1.5 2.5 2.5 1.5 -2.5 -0.5 1.5 -1.5 0.5 -0.5 -1.5 0.5 ];
sentences = {'15149' '18348' '70762' '77974' '03262' '92629' '09216' '86800' '66553' '31601' '48835' '59026' '82487' '23081' '65555' '34994' '24318' '47173' '51437' '90790' };
offsets = [10317 24486 790 14726 38769 2579 966 11864 7611 9091 45757 39408 22564 28148 19757 18934 3051 35792 1530 15860 ];

