target=0.50;discardreversals=2;startvalue=0.00;steps=[4  2  1];selfservice=0;
%parameters=icra1,65,train
threshold = [3.50 ];
values = [0.00 10.00 4.00 1.00 6.00 4.50 3.00 0.50 3.00 3.50 3.00 2.50 5.00 4.50 2.00 3.50 3.00 3.50 3.00 4.50 ];
reversals = [0 -1 0 1 -1 0 0 1 0 -1 0 1 -1 0 1 -1 1 -1 1 -1 ];
measures = [0 0 0 0 1 1 1 1 1 1 1 1 1 1 1 1 1 1 1 1 ];
presentations = [1 2 3 4 5 6 7 8 9 10 11 12 13 14 15 16 17 18 19 20 ];
answers = [0 4 4 0 4 4 5 0 2 3 3 0 3 5 1 3 2 3 1 3 ];
adjustments = [10 -6 -3 5 -1.5 -1.5 -2.5 2.5 0.5 -0.5 -0.5 2.5 -0.5 -2.5 1.5 -0.5 0.5 -0.5 1.5 -0.5 ];
sentences = {'18348' '54841' '86800' '11755' '87470' '36514' '70287' '47173' '22336' '23081' '92629' '69009' '08168' '70762' '34994' '93692' '45923' '51437' '09216' '65555' };
offsets = [23596 2153 27773 7057 6134 36129 8195 8935 12037 24823 16300 3949 3722 115 16678 31859 13820 9321 44728 837 ];

