target=0.75;minreversals=12;discardreversals=4;minmeasures=14;startvalue=60.00;steps=[8  8  4  2];feedback=0;
%parameters=0500
threshold = [49.00 ];
threshold_dB_HL = [44.93 ];
threshold_dB_SPL = [49.00 ];
values = [68.00 60.00 52.00 44.00 68.00 68.00 68.00 68.00 68.00 68.00 60.00 56.00 52.00 48.00 60.00 58.00 56.00 56.00 56.00 54.00 52.00 52.00 52.00 50.00 50.00 48.00 48.00 48.00 48.00 48.00 48.00 46.00 44.00 44.00 50.00 48.00 54.00 52.00 52.00 50.00 50.00 48.00 46.00 46.00 46.00 46.00 52.00 52.00 50.00 50.00 48.00 48.00 46.00 46.00 44.00 44.00 44.00 44.00 50.00 50.00 ];
reversals = [0 0 0 1 0 0 0 0 0 -1 0 0 0 1 -1 0 0 0 0 0 0 0 0 0 0 0 0 0 0 0 0 0 0 1 -1 1 -1 0 0 0 0 0 0 0 0 1 0 -1 0 0 0 0 0 0 0 0 0 1 0 -1 ];
measures = [0 0 0 0 0 0 0 0 0 0 0 0 0 0 0 0 0 0 0 0 0 0 0 0 0 0 0 0 0 0 0 0 0 1 1 1 1 1 1 1 1 1 1 1 1 1 1 1 1 1 1 1 1 1 1 1 1 1 1 1 ];
presentations = [1 1 1 1 0 0 0 0 0 1 1 1 1 1 1 1 0 0 1 1 0 0 1 0 1 0 0 0 0 0 1 1 0 1 1 1 1 0 1 0 1 1 0 0 0 1 0 1 0 1 0 1 0 1 0 0 0 1 0 1 ];
answers = [1 1 1 0 0 0 0 0 0 1 1 1 1 0 1 1 0 0 1 1 0 0 1 0 1 0 0 0 0 0 1 1 0 0 1 0 1 0 1 0 1 1 0 0 0 0 0 1 0 1 0 1 0 1 0 0 0 0 0 1 ];
adjustments = [-8 -8 -8 24 0 0 0 0 0 -8 -4 -4 -4 12 -2 -2 0 0 -2 -2 0 0 -2 0 -2 0 0 0 0 0 -2 -2 0 6 -2 6 -2 0 -2 0 -2 -2 0 0 0 6 0 -2 0 -2 0 -2 0 -2 0 0 0 6 0 -2 ];

