target=0.50;discardreversals=2;startvalue=0.00;steps=[4  2  1];selfservice=0;
%parameters=icra5.250,65
threshold = [1.50 ];
values = [0.00 2.00 -8.00 -3.00 -0.50 -1.00 1.50 0.00 1.50 1.00 1.50 3.00 3.50 3.00 3.50 1.00 3.50 2.00 1.50 2.00 ];
reversals = [0 -1 1 0 -1 1 -1 1 -1 1 0 0 -1 1 -1 1 -1 0 1 0 ];
measures = [0 0 0 0 1 1 1 1 1 1 1 1 1 1 1 1 1 1 1 1 ];
presentations = [1 2 3 4 5 6 7 8 9 10 11 12 13 14 15 16 17 18 19 20 ];
answers = [2 5 0 0 3 0 4 1 3 2 1 2 3 2 5 0 4 3 2 0 ];
adjustments = [2 -10 5 2.5 -0.5 2.5 -1.5 1.5 -0.5 0.5 1.5 0.5 -0.5 0.5 -2.5 2.5 -1.5 -0.5 0.5 2.5 ];
sentences = {'02737' '15952' '89364' '11755' '08168' '54841' '45923' '90013' '44529' '76600' '23448' '93692' '36514' '70287' '87470' '51195' '22336' '69009' '37886' '68271' };
offsets = [677518 1501805 2367669 4779212 2583993 3622532 3877359 2252268 93985 4191110 1567194 788139 128497 1400821 366981 1768347 2132404 335005 4082657 2173595 ];

