target=0.75;minreversals=12;discardreversals=4;minmeasures=14;startvalue=70.00;steps=[8  4  4  2  1];feedback=0;
%parameters=0500, 40
threshold = [66.50 ];
values = [70.00 62.00 86.00 82.00 82.00 78.00 74.00 70.00 70.00 70.00 66.00 62.00 62.00 74.00 72.00 72.00 71.00 71.00 70.00 69.00 68.00 67.00 67.00 67.00 67.00 66.00 66.00 69.00 68.00 68.00 68.00 67.00 67.00 67.00 66.00 66.00 66.00 69.00 68.00 67.00 67.00 66.00 66.00 66.00 66.00 69.00 69.00 68.00 67.00 66.00 66.00 65.00 65.00 64.00 64.00 67.00 67.00 ];
reversals = [0 1 -1 0 0 0 0 0 0 0 0 0 1 -1 0 0 0 0 0 0 0 0 0 0 0 0 1 -1 0 0 0 0 0 0 0 0 1 -1 0 0 0 0 0 0 1 0 -1 0 0 0 0 0 0 0 1 0 -1 ];
measures = [0 0 0 0 0 0 0 0 0 0 0 0 0 0 0 0 0 0 0 0 0 0 0 0 0 0 1 1 1 1 1 1 1 1 1 1 1 1 1 1 1 1 1 1 1 1 1 1 1 1 1 1 1 1 1 1 1 ];
presentations = [1 1 1 0 1 1 1 0 0 1 1 0 1 1 0 1 0 1 1 1 1 0 0 0 1 0 1 1 0 0 1 0 0 1 0 0 1 1 1 0 1 0 0 0 1 0 1 1 1 0 1 0 1 0 1 0 1 ];
answers = [1 0 1 0 1 1 1 0 0 1 1 0 0 1 0 1 0 1 1 1 1 0 0 0 1 0 0 1 0 0 1 0 0 1 0 0 0 1 1 0 1 0 0 0 0 0 1 1 1 0 1 0 1 0 0 0 1 ];
adjustments = [-8 24 -4 0 -4 -4 -4 0 0 -4 -4 0 12 -2 0 -1 0 -1 -1 -1 -1 0 0 0 -1 0 3 -1 0 0 -1 0 0 -1 0 0 3 -1 -1 0 -1 0 0 0 3 0 -1 -1 -1 0 -1 0 -1 0 3 0 -1 ];

