target=0.50;discardreversals=2;startvalue=0.00;steps=[4  2  1];selfservice=0;
%parameters=quiet,65
threshold = [-16.00 ];
values = [0.00 -6.00 -16.00 -22.00 -12.00 -15.00 -16.50 -19.00 -17.50 -18.00 -18.50 -16.00 -14.50 -17.00 -14.50 -16.00 -13.50 -13.00 -13.50 -15.00 ];
reversals = [0 0 0 1 -1 0 0 1 -1 0 1 0 -1 1 -1 1 0 -1 0 1 ];
measures = [0 0 0 0 0 0 0 1 1 1 1 1 1 1 1 1 1 1 1 1 ];
presentations = [1 2 3 4 5 6 7 8 9 10 11 12 13 14 15 16 17 18 19 20 ];
answers = [4 5 4 0 4 4 5 1 3 3 0 1 5 0 4 0 2 3 4 1 ];
adjustments = [-6 -10 -6 10 -3 -1.5 -2.5 1.5 -0.5 -0.5 2.5 1.5 -2.5 2.5 -1.5 2.5 0.5 -0.5 -1.5 1.5 ];
sentences = {'77974' '82487' '59026' '24318' '23081' '03262' '90790' '65555' '92629' '51437' '18348' '15149' '70762' '31601' '47173' '34994' '09216' '86800' '66553' '48835' };
offsets = [58618 45469 27737 38029 15847 19248 58282 30142 9530 45512 8491 48950 33055 48382 21881 37149 54098 9514 91927 94119 ];

