target=0.50;discardreversals=2;startvalue=0.00;steps=[4  2  1];selfservice=0;
%parameters=icra5.250,65,train
threshold = [1.00 ];
values = [0.00 10.00 20.00 10.00 5.00 4.00 -1.00 -4.00 1.00 0.50 1.00 0.50 2.00 3.50 3.00 2.50 5.00 2.50 1.00 3.50 ];
reversals = [0 0 -1 0 0 0 0 1 -1 1 -1 1 0 -1 0 1 -1 0 1 0 ];
measures = [0 0 0 0 0 0 0 0 1 1 1 1 1 1 1 1 1 1 1 1 ];
presentations = [1 2 3 4 5 6 7 8 9 10 11 12 13 14 15 16 17 18 19 20 ];
answers = [0 0 5 5 3 5 4 0 3 2 3 1 1 3 3 0 5 4 0 2 ];
adjustments = [10 10 -10 -5 -1 -5 -3 5 -0.5 0.5 -0.5 1.5 1.5 -0.5 -0.5 2.5 -2.5 -1.5 2.5 0.5 ];
sentences = {'69009' '11755' '31601' '08168' '36514' '82487' '15149' '48835' '87470' '90790' '45923' '66553' '24318' '03262' '54841' '22336' '70287' '59026' '93692' '77974' };
offsets = [1172986 1949365 4135923 3405176 2349402 1047227 4796661 4208296 4605662 182001 4191731 1586975 2896491 1253373 4701500 4184735 440207 3450838 4019513 620882 ];

