target=0.50;discardreversals=2;startvalue=0.00;steps=[4  2  1];selfservice=0;
%parameters=icra1,61
threshold = [2.00 ];
values = [0.00 10.00 0.00 5.00 3.50 2.00 4.50 2.00 3.50 6.00 3.50 3.00 4.50 2.00 1.50 -1.00 -0.50 2.00 0.50 2.00 ];
reversals = [0 -1 1 -1 0 1 -1 1 0 -1 0 1 -1 0 0 1 0 -1 1 -1 ];
measures = [0 0 0 1 1 1 1 1 1 1 1 1 1 1 1 1 1 1 1 1 ];
presentations = [1 2 3 4 5 6 7 8 9 10 11 12 13 14 15 16 17 18 19 20 ];
answers = [0 5 0 4 4 0 5 1 0 5 3 1 5 3 5 2 0 4 1 3 ];
adjustments = [10 -10 5 -1.5 -1.5 2.5 -2.5 1.5 2.5 -2.5 -0.5 1.5 -2.5 -0.5 -2.5 0.5 2.5 -1.5 1.5 -0.5 ];
sentences = {'12339' '39994' '44697' '77705' '26626' '33528' '51779' '43285' '06251' '67850' '94067' '80338' '50976' '69444' '05413' '85813' '98162' '72141' '18502' '21080' };
offsets = [5359 23226 12375 11353 25277 21870 15109 2544 12744 11855 7341 2238 4045 15429 17456 16747 7173 15029 6962 7573 ];

