target=0.50;discardreversals=2;startvalue=0.00;steps=[4  2  1];selfservice=0;
%parameters=icra1,65
threshold = [0.75 ];
values = [0.00 -2.00 -8.00 2.00 3.00 -2.00 0.50 3.00 2.50 0.00 -0.50 2.00 0.50 1.00 -1.50 0.00 1.50 4.00 2.50 1.00 ];
reversals = [0 0 1 0 -1 1 0 -1 0 0 1 -1 1 -1 1 0 0 -1 0 0 ];
measures = [0 0 0 0 0 1 1 1 1 1 1 1 1 1 1 1 1 1 1 1 ];
presentations = [1 2 3 4 5 6 7 8 9 10 11 12 13 14 15 16 17 18 19 20 ];
answers = [3 4 0 2 5 0 0 3 5 3 0 4 2 5 1 1 0 4 4 4 ];
adjustments = [-2 -6 10 1 -5 2.5 2.5 -0.5 -2.5 -0.5 2.5 -1.5 0.5 -2.5 1.5 1.5 2.5 -1.5 -1.5 -1.5 ];
sentences = {'77974' '44697' '06251' '50976' '15149' '12339' '33528' '69444' '85813' '90790' '31601' '24318' '48835' '82487' '59026' '03262' '98162' '77705' '66553' '21080' };
offsets = [668 3932 43502 10912 28 4358 23658 18138 721 9506 38341 19990 34564 18877 2826 26728 11002 1466 2342 5057 ];

