target=0.75;minreversals=12;discardreversals=4;minmeasures=14;startvalue=77.00;steps=[8  4  4  2  1];feedback=0;
%parameters=4000, 47
threshold = [82.50 ];
values = [93.00 85.00 77.00 101.00 97.00 93.00 93.00 89.00 89.00 85.00 85.00 85.00 81.00 81.00 93.00 93.00 91.00 91.00 90.00 90.00 90.00 90.00 90.00 89.00 88.00 88.00 88.00 87.00 86.00 86.00 85.00 84.00 83.00 82.00 85.00 84.00 84.00 83.00 82.00 82.00 82.00 81.00 81.00 80.00 83.00 83.00 83.00 82.00 82.00 82.00 81.00 84.00 83.00 82.00 86.00 86.00 85.00 ];
reversals = [0 0 1 -1 0 0 0 0 0 0 0 0 0 1 0 -1 0 0 0 0 0 0 0 0 0 0 0 0 0 0 0 0 0 1 -1 0 0 0 0 0 0 0 0 1 0 0 -1 0 0 0 1 -1 0 1 0 -1 0 ];
measures = [0 0 0 0 0 0 0 0 0 0 0 0 0 0 0 0 0 0 0 0 0 0 0 0 0 0 0 0 0 0 0 0 0 1 1 1 1 1 1 1 1 1 1 1 1 1 1 1 1 1 1 1 1 1 1 1 1 ];
presentations = [1 1 1 1 1 0 1 0 1 0 0 1 0 1 0 1 0 1 0 0 0 0 1 1 0 0 1 1 0 1 1 1 1 1 1 0 1 1 0 0 1 0 1 1 0 0 1 0 0 1 1 1 1 0 0 1 1 ];
answers = [1 1 0 1 1 0 1 0 1 0 0 1 0 0 0 1 0 1 0 0 0 0 1 1 0 0 1 1 0 1 1 1 1 0 1 0 1 1 0 0 1 0 1 0 0 0 1 0 0 1 0 1 1 1 0 1 1 ];
adjustments = [-8 -8 24 -4 -4 0 -4 0 -4 0 0 -4 0 12 0 -2 0 -1 0 0 0 0 -1 -1 0 0 -1 -1 0 -1 -1 -1 -1 3 -1 0 -1 -1 0 0 -1 0 -1 3 0 0 -1 0 0 -1 3 -1 -1 4 0 -1 -1 ];

