target=0.50;discardreversals=2;startvalue=0.00;steps=[4  2  1];selfservice=0;
%parameters=icra1,71
threshold = [0.75 ];
values = [0.00 -2.00 -12.00 -2.00 -1.00 -2.00 -0.50 0.00 1.50 2.00 4.50 2.00 -0.50 2.00 0.50 1.00 0.50 1.00 2.50 0.00 ];
reversals = [0 0 1 0 -1 1 0 0 0 0 -1 0 1 -1 1 -1 1 0 -1 0 ];
measures = [0 0 0 0 0 1 1 1 1 1 1 1 1 1 1 1 1 1 1 1 ];
presentations = [1 2 3 4 5 6 7 8 9 10 11 12 13 14 15 16 17 18 19 20 ];
answers = [3 5 0 2 3 1 2 1 2 0 5 5 0 4 2 3 2 1 5 5 ];
adjustments = [-2 -10 10 1 -1 1.5 0.5 1.5 0.5 2.5 -2.5 -2.5 2.5 -1.5 0.5 -0.5 0.5 1.5 -2.5 -2.5 ];
sentences = {'21080' '50976' '85813' '44697' '43285' '77705' '18502' '51779' '12339' '33528' '05413' '67850' '98162' '72141' '39994' '69444' '06251' '80338' '26626' '94067' };
offsets = [3949 9032 11825 25915 14815 8514 17338 11829 16476 24444 8346 3404 13218 7687 1963 21928 28338 5829 31122 2637 ];

