target=0.50;discardreversals=2;startvalue=0.00;steps=[4  2  1];selfservice=0;
threshold = [-2.50 ];
values = [0.00 -10.00 0.00 -5.00 -3.50 -4.00 -1.50 -3.00 -2.50 -1.00 -1.50 -2.00 -0.50 -3.00 -1.50 -4.00 -2.50 0.00 1.50 0.00 ];
reversals = [0 1 -1 1 -1 1 -1 1 0 -1 0 1 -1 1 -1 1 0 0 -1 0 ];
measures = [0 0 0 1 1 1 1 1 1 1 1 1 1 1 1 1 1 1 1 1 ];
presentations = [1 2 3 4 5 6 7 8 9 10 11 12 13 14 15 16 17 18 19 20 ];
answers = [5 0 5 1 3 0 4 2 1 3 3 1 5 1 5 1 0 1 4 5 ];
adjustments = [-10 10 -5 1.5 -0.5 2.5 -1.5 0.5 1.5 -0.5 -0.5 1.5 -2.5 1.5 -2.5 1.5 2.5 1.5 -1.5 -2.5 ];
sentences = {'90013' '86800' '18348' '09216' '65555' '89364' '02737' '70762' '51437' '44529' '15952' '76600' '23448' '37886' '47173' '68271' '23081' '51195' '34994' '92629' };
offsets = [27454 20220 7152 9544 14797 22990 3560 170 20800 6946 9216 5243 23112 15567 9584 12738 29362 11458 9754 4925 ];

