target=0.75;minreversals=14;discardreversals=4;minmeasures=25;startvalue=70.00;steps=[4  4  2  1];feedback=0;
threshold = [318.00 ];
values = [90.00 102.00 114.00 126.00 126.00 138.00 138.00 150.00 150.00 162.00 174.00 170.00 166.00 182.00 188.00 188.00 188.00 194.00 194.00 200.00 200.00 206.00 206.00 206.00 212.00 212.00 212.00 212.00 212.00 218.00 224.00 230.00 236.00 236.00 242.00 242.00 242.00 242.00 248.00 248.00 254.00 254.00 254.00 254.00 254.00 254.00 260.00 266.00 266.00 274.00 280.00 280.00 286.00 292.00 290.00 290.00 290.00 290.00 293.00 296.00 296.00 299.00 299.00 302.00 305.00 305.00 304.00 303.00 303.00 302.00 302.00 301.00 304.00 307.00 307.00 310.00 314.00 313.00 313.00 316.00 315.00 315.00 318.00 317.00 320.00 320.00 320.00 320.00 320.00 320.00 323.00 322.00 326.00 325.00 324.00 328.00 331.00 331.00 331.00 331.00 330.00 330.00 330.00 329.00 329.00 329.00 329.00 329.00 328.00 328.00 328.00 328.00 328.00 328.00 327.00 327.00 327.00 330.00 329.00 ];
reversals = [0 0 0 0 0 0 0 0 0 0 -1 0 1 0 0 0 0 0 0 0 0 0 0 0 0 0 0 0 0 0 0 0 0 0 0 0 0 0 0 0 0 0 0 0 0 0 0 0 0 0 0 0 0 -1 0 0 0 1 0 0 0 0 0 0 0 -1 0 0 0 0 0 1 0 0 0 0 -1 0 1 -1 0 1 -1 1 0 0 0 0 0 0 -1 1 -1 0 1 0 0 0 0 -1 0 0 0 0 0 0 0 0 0 0 0 0 0 0 0 0 1 -1 0 ];
measures = [0 0 0 0 0 0 0 0 0 0 0 0 0 0 0 0 0 0 0 0 0 0 0 0 0 0 0 0 0 0 0 0 0 0 0 0 0 0 0 0 0 0 0 0 0 0 0 0 0 0 0 0 0 0 0 0 0 0 0 0 0 0 0 0 0 1 1 1 1 1 1 1 1 1 1 1 1 1 1 1 1 1 1 1 1 1 1 1 1 1 1 1 1 1 1 1 1 1 1 1 1 1 1 1 1 1 1 1 1 1 1 1 1 1 1 1 1 1 1 ];
presentations = [1 1 1 0 1 0 1 0 1 1 1 1 0 1 0 0 1 0 1 0 1 0 0 1 0 0 0 0 1 1 1 1 0 1 0 0 0 1 0 1 0 0 0 0 0 1 1 0 0 1 0 1 1 1 0 0 0 1 1 0 1 0 1 1 0 1 1 0 1 0 1 1 1 0 1 0 1 0 1 1 0 1 1 1 0 0 0 0 0 1 1 0 1 1 0 1 0 0 0 1 0 0 1 0 0 0 0 1 0 0 0 0 0 1 0 0 1 1 1 ];
answers = [0 0 0 0 0 0 0 0 0 0 1 1 1 0 0 0 0 0 0 0 0 0 0 0 0 0 0 0 0 0 0 0 0 0 0 0 0 0 0 0 0 0 0 0 0 0 0 0 1 0 0 0 0 1 0 0 0 0 0 0 0 0 0 0 0 1 1 0 1 0 1 0 0 0 0 1 1 0 0 1 0 0 1 0 0 0 0 0 0 0 1 1 1 1 1 0 0 0 0 1 0 0 1 0 0 0 0 1 0 0 0 0 0 1 0 0 0 1 1 ];
adjustments = [12 12 12 0 12 0 12 0 12 12 -4 -4 16 6 0 0 6 0 6 0 6 0 0 6 0 0 0 0 6 6 6 6 0 6 0 0 0 6 0 6 0 0 0 0 0 6 6 0 8 6 0 6 6 -2 0 0 0 3 3 0 3 0 3 3 0 -1 -1 0 -1 0 -1 3 3 0 3 4 -1 0 3 -1 0 3 -1 3 0 0 0 0 0 3 -1 4 -1 -1 4 3 0 0 0 -1 0 0 -1 0 0 0 0 -1 0 0 0 0 0 -1 0 0 3 -1 -1 ];

