target=0.50;discardreversals=2;startvalue=0.00;steps=[4  2  1];selfservice=0;
threshold = [-4.00 ];
values = [0.00 -10.00 0.00 -5.00 -7.50 -6.00 -4.50 -7.00 -4.50 -5.00 -2.50 -5.00 -3.50 -2.00 -4.50 -2.00 -3.50 -2.00 -2.50 -1.00 ];
reversals = [0 1 -1 0 1 0 -1 1 -1 1 -1 1 0 -1 1 -1 1 -1 1 -1 ];
measures = [0 0 0 0 1 1 1 1 1 1 1 1 1 1 1 1 1 1 1 1 ];
presentations = [1 2 3 4 5 6 7 8 9 10 11 12 13 14 15 16 17 18 19 20 ];
answers = [5 0 5 5 1 1 5 0 3 0 5 1 1 5 0 4 1 3 1 4 ];
adjustments = [-10 10 -5 -2.5 1.5 1.5 -2.5 2.5 -0.5 2.5 -2.5 1.5 1.5 -2.5 2.5 -1.5 1.5 -0.5 1.5 -1.5 ];
sentences = {'22586' '51417' '82009' '07970' '63558' '30757' '95162' '03491' '55025' '46393' '10681' '78835' '29744' '87263' '34226' '74972' '16140' '68819' '41634' '99308' };
offsets = [8665 11628 467 2533 14148 3151 9306 47376 18559 12040 1902 13421 6191 6899 5997 28477 15545 29829 12025 12693 ];

