target=0.50;discardreversals=2;startvalue=0.00;steps=[4  2  1];selfservice=0;
threshold = [-8.50 ];
values = [0.00 -10.00 -4.00 -9.00 -7.50 -9.00 -8.50 -9.00 -9.50 -7.00 -9.50 -11.00 -9.50 -8.00 -8.50 -7.00 -4.50 -7.00 -9.50 -10.00 ];
reversals = [0 1 -1 1 -1 1 -1 0 1 -1 0 1 0 -1 1 0 -1 0 0 1 ];
measures = [0 0 0 1 1 1 1 1 1 1 1 1 1 1 1 1 1 1 1 1 ];
presentations = [1 2 3 4 5 6 7 8 9 10 11 12 13 14 15 16 17 18 19 20 ];
answers = [5 1 5 1 4 2 3 3 0 5 4 1 1 3 1 0 5 5 3 1 ];
adjustments = [-10 6 -5 1.5 -1.5 0.5 -0.5 -0.5 2.5 -2.5 -1.5 1.5 1.5 -0.5 1.5 2.5 -2.5 -2.5 -0.5 1.5 ];
sentences = {'09216' '70762' '92629' '44529' '65555' '51195' '37886' '23081' '23448' '34994' '47173' '02737' '89364' '86800' '51437' '76600' '15952' '18348' '90013' '68271' };
offsets = [3271383 191403 4062895 311736 3398368 1602735 534524 3542485 359060 644912 4253103 4359227 768338 496369 3366253 3880876 1867238 2069799 422569 1934058 ];

