target=0.75;minreversals=14;discardreversals=4;minmeasures=25;startvalue=70.00;steps=[4  4  2  1];feedback=0;
threshold = [99.50 ];
values = [82.00 78.00 74.00 70.00 82.00 82.00 94.00 90.00 90.00 90.00 88.00 86.00 84.00 82.00 88.00 88.00 88.00 88.00 87.00 87.00 86.00 86.00 86.00 86.00 86.00 85.00 85.00 85.00 88.00 87.00 86.00 85.00 84.00 88.00 91.00 94.00 93.00 92.00 96.00 99.00 99.00 99.00 102.00 105.00 109.00 113.00 113.00 113.00 112.00 111.00 110.00 110.00 110.00 109.00 109.00 108.00 107.00 107.00 107.00 107.00 107.00 106.00 105.00 108.00 107.00 111.00 110.00 110.00 109.00 ];
reversals = [0 0 0 1 0 0 -1 0 0 0 0 0 0 1 0 0 0 -1 0 0 0 0 0 0 0 0 0 1 -1 0 0 0 1 0 0 -1 0 1 0 0 0 0 0 0 0 0 0 -1 0 0 0 0 0 0 0 0 0 0 0 0 0 0 1 -1 1 -1 0 0 0 ];
measures = [0 0 0 0 0 0 0 0 0 0 0 0 0 0 0 0 0 0 0 0 0 0 0 0 0 0 0 1 1 1 1 1 1 1 1 1 1 1 1 1 1 1 1 1 1 1 1 1 1 1 1 1 1 1 1 1 1 1 1 1 1 1 1 1 1 1 1 1 1 ];
presentations = [1 1 1 1 0 1 1 0 0 1 1 1 1 1 0 0 0 1 0 1 0 0 0 0 1 0 0 1 1 1 1 1 0 1 1 1 1 0 1 0 0 1 1 0 0 0 0 1 1 1 0 0 1 0 1 1 0 0 0 0 1 1 1 1 0 1 0 1 1 ];
answers = [1 1 1 0 0 0 1 0 0 1 1 1 1 0 0 0 0 1 0 1 0 0 0 0 1 0 0 0 1 1 1 1 1 0 0 1 1 1 0 0 0 0 0 1 1 0 0 1 1 1 0 0 1 0 1 1 0 0 0 0 1 1 0 1 1 1 0 1 1 ];
adjustments = [-4 -4 -4 12 0 12 -4 0 0 -2 -2 -2 -2 6 0 0 0 -1 0 -1 0 0 0 0 -1 0 0 3 -1 -1 -1 -1 4 3 3 -1 -1 4 3 0 0 3 3 4 4 0 0 -1 -1 -1 0 0 -1 0 -1 -1 0 0 0 0 -1 -1 3 -1 4 -1 0 -1 -1 ];

