target=0.75;minreversals=14;discardreversals=4;minmeasures=25;startvalue=60.00;steps=[8  8  4  2];feedback=0;
threshold = [254.00 ];
values = [140.00 132.00 156.00 180.00 204.00 196.00 208.00 208.00 214.00 222.00 222.00 228.00 236.00 242.00 242.00 240.00 246.00 254.00 252.00 250.00 256.00 262.00 260.00 260.00 258.00 258.00 258.00 256.00 254.00 260.00 260.00 258.00 258.00 258.00 256.00 256.00 254.00 262.00 262.00 260.00 258.00 256.00 254.00 254.00 252.00 250.00 250.00 250.00 248.00 246.00 244.00 244.00 244.00 250.00 250.00 256.00 ];
reversals = [0 1 0 0 -1 1 0 0 0 0 0 0 0 0 -1 1 0 -1 0 1 0 -1 0 0 0 0 0 0 1 0 -1 0 0 0 0 0 1 0 -1 0 0 0 0 0 0 0 0 0 0 0 0 0 1 0 0 -1 ];
measures = [0 0 0 0 0 0 0 0 0 0 0 0 0 0 0 1 1 1 1 1 1 1 1 1 1 1 1 1 1 1 1 1 1 1 1 1 1 1 1 1 1 1 1 1 1 1 1 1 1 1 1 1 1 1 1 1 ];
presentations = [1 1 1 1 1 1 0 1 0 0 1 0 1 0 1 1 0 1 1 1 1 1 0 1 0 0 1 1 1 0 1 0 0 1 0 1 0 0 1 1 1 1 0 1 1 0 0 1 1 1 0 0 1 0 1 1 ];
answers = [1 0 0 0 1 0 0 0 1 0 0 1 0 0 1 0 1 1 1 0 0 1 0 1 0 0 1 1 0 0 1 0 0 1 0 1 1 0 1 1 1 1 0 1 1 0 0 1 1 1 0 0 0 0 0 1 ];
adjustments = [-8 24 24 24 -8 12 0 6 8 0 6 8 6 0 -2 6 8 -2 -2 6 6 -2 0 -2 0 0 -2 -2 6 0 -2 0 0 -2 0 -2 8 0 -2 -2 -2 -2 0 -2 -2 0 0 -2 -2 -2 0 0 6 0 6 -2 ];

