target=0.75;minreversals=14;discardreversals=4;minmeasures=25;startvalue=70.00;steps=[4  4  2  1];feedback=0;
threshold = [115.00 ];
values = [86.00 82.00 78.00 74.00 74.00 74.00 86.00 102.00 102.00 114.00 110.00 108.00 114.00 114.00 114.00 117.00 121.00 120.00 119.00 118.00 117.00 116.00 115.00 115.00 118.00 118.00 118.00 117.00 117.00 117.00 116.00 115.00 115.00 115.00 114.00 113.00 112.00 115.00 114.00 114.00 114.00 114.00 113.00 113.00 112.00 111.00 110.00 109.00 109.00 112.00 111.00 115.00 115.00 114.00 114.00 113.00 113.00 112.00 111.00 110.00 109.00 109.00 109.00 109.00 109.00 109.00 109.00 112.00 116.00 115.00 119.00 ];
reversals = [0 0 0 0 0 1 0 0 0 -1 0 1 0 0 0 0 -1 0 0 0 0 0 0 1 0 0 -1 0 0 0 0 0 0 0 0 0 1 -1 0 0 0 0 0 0 0 0 0 0 1 -1 1 0 -1 0 0 0 0 0 0 0 0 0 0 0 0 0 1 0 -1 1 0 ];
measures = [0 0 0 0 0 0 0 0 0 0 0 0 0 0 0 0 0 0 0 0 0 0 0 1 1 1 1 1 1 1 1 1 1 1 1 1 1 1 1 1 1 1 1 1 1 1 1 1 1 1 1 1 1 1 1 1 1 1 1 1 1 1 1 1 1 1 1 1 1 1 1 ];
presentations = [1 1 1 0 0 1 0 0 1 1 1 1 0 0 1 0 1 1 1 1 1 1 0 1 0 0 1 0 0 1 1 0 0 1 1 1 1 1 0 0 0 1 0 1 1 1 1 0 1 1 0 0 1 0 1 0 1 1 1 1 0 0 0 0 0 0 1 0 1 0 1 ];
answers = [1 1 1 0 0 0 1 0 0 1 1 0 0 0 0 1 1 1 1 1 1 1 0 0 0 0 1 0 0 1 1 0 0 1 1 1 0 1 0 0 0 1 0 1 1 1 1 0 0 1 1 0 1 0 1 0 1 1 1 1 0 0 0 0 0 0 0 1 1 1 0 ];
adjustments = [-4 -4 -4 0 0 12 16 0 12 -4 -2 6 0 0 3 4 -1 -1 -1 -1 -1 -1 0 3 0 0 -1 0 0 -1 -1 0 0 -1 -1 -1 3 -1 0 0 0 -1 0 -1 -1 -1 -1 0 3 -1 4 0 -1 0 -1 0 -1 -1 -1 -1 0 0 0 0 0 0 3 4 -1 4 3 ];

