target=0.50;discardreversals=2;startvalue=0.00;steps=[4  2  1];selfservice=0;
threshold = [-3.50 ];
values = [0.00 6.00 -4.00 -1.00 -3.50 -4.00 -3.50 -4.00 -6.50 -4.00 -3.50 -6.00 -4.50 -2.00 -3.50 -2.00 -1.50 1.00 -1.50 -3.00 ];
reversals = [0 -1 1 -1 0 1 -1 0 1 0 -1 1 0 -1 1 0 0 -1 0 0 ];
measures = [0 0 0 1 1 1 1 1 1 1 1 1 1 1 1 1 1 1 1 1 ];
presentations = [1 2 3 4 5 6 7 8 9 10 11 12 13 14 15 16 17 18 19 20 ];
answers = [1 5 1 5 3 2 3 5 0 2 5 1 0 4 1 2 0 5 4 3 ];
adjustments = [6 -10 3 -2.5 -0.5 0.5 -0.5 -2.5 2.5 0.5 -2.5 1.5 2.5 -1.5 1.5 0.5 2.5 -2.5 -1.5 -0.5 ];
sentences = {'21080' '10681' '06251' '12339' '46393' '77705' '34226' '63558' '69444' '29744' '85813' '98162' '95162' '50976' '44697' '51417' '07970' '33528' '82009' '78835' };
offsets = [804508 1654632 553703 1208083 3035434 1721797 3672408 2221798 702473 346899 1473961 1922568 1957091 493702 4423605 3401492 1666932 1343788 3159515 2890666 ];

