target=0.75;minreversals=14;discardreversals=4;minmeasures=25;startvalue=60.00;steps=[8  8  4  2];feedback=0;
threshold = [52.00 ];
values = [84.00 108.00 132.00 156.00 148.00 172.00 184.00 184.00 184.00 184.00 184.00 180.00 178.00 176.00 174.00 174.00 172.00 170.00 170.00 168.00 166.00 166.00 166.00 166.00 166.00 166.00 166.00 166.00 164.00 164.00 164.00 164.00 162.00 162.00 162.00 162.00 160.00 160.00 160.00 160.00 160.00 160.00 160.00 160.00 160.00 158.00 156.00 156.00 162.00 162.00 160.00 160.00 158.00 158.00 158.00 156.00 154.00 154.00 152.00 152.00 152.00 152.00 150.00 156.00 156.00 154.00 152.00 152.00 152.00 150.00 148.00 146.00 146.00 144.00 144.00 144.00 144.00 142.00 142.00 140.00 140.00 140.00 138.00 136.00 136.00 136.00 134.00 132.00 132.00 130.00 128.00 126.00 126.00 126.00 124.00 122.00 120.00 118.00 118.00 118.00 116.00 114.00 114.00 114.00 114.00 114.00 114.00 112.00 110.00 110.00 108.00 106.00 106.00 106.00 104.00 104.00 102.00 102.00 102.00 102.00 102.00 100.00 100.00 100.00 98.00 98.00 98.00 96.00 96.00 96.00 94.00 94.00 94.00 94.00 94.00 92.00 92.00 92.00 90.00 88.00 86.00 84.00 82.00 80.00 80.00 78.00 78.00 76.00 76.00 76.00 74.00 72.00 72.00 70.00 68.00 66.00 66.00 66.00 66.00 66.00 64.00 64.00 64.00 62.00 60.00 60.00 60.00 66.00 64.00 64.00 64.00 62.00 60.00 60.00 58.00 56.00 56.00 54.00 52.00 52.00 52.00 52.00 50.00 48.00 48.00 46.00 46.00 44.00 44.00 44.00 42.00 40.00 38.00 36.00 36.00 36.00 34.00 34.00 40.00 40.00 38.00 44.00 44.00 42.00 ];
reversals = [0 0 0 -1 1 0 0 0 0 0 -1 0 0 0 0 0 0 0 0 0 0 0 0 0 0 0 0 0 0 0 0 0 0 0 0 0 0 0 0 0 0 0 0 0 0 0 0 1 0 -1 0 0 0 0 0 0 0 0 0 0 0 0 1 0 -1 0 0 0 0 0 0 0 0 0 0 0 0 0 0 0 0 0 0 0 0 0 0 0 0 0 0 0 0 0 0 0 0 0 0 0 0 0 0 0 0 0 0 0 0 0 0 0 0 0 0 0 0 0 0 0 0 0 0 0 0 0 0 0 0 0 0 0 0 0 0 0 0 0 0 0 0 0 0 0 0 0 0 0 0 0 0 0 0 0 0 0 0 0 0 0 0 0 0 0 0 0 1 -1 0 0 0 0 0 0 0 0 0 0 0 0 0 0 0 0 0 0 0 0 0 0 0 0 0 0 0 0 0 1 0 -1 1 0 -1 1 ];
measures = [0 0 0 0 0 0 0 0 0 0 0 0 0 0 0 0 0 0 0 0 0 0 0 0 0 0 0 0 0 0 0 0 0 0 0 0 0 0 0 0 0 0 0 0 0 0 0 0 0 1 1 1 1 1 1 1 1 1 1 1 1 1 1 1 1 1 1 1 1 1 1 1 1 1 1 1 1 1 1 1 1 1 1 1 1 1 1 1 1 1 1 1 1 1 1 1 1 1 1 1 1 1 1 1 1 1 1 1 1 1 1 1 1 1 1 1 1 1 1 1 1 1 1 1 1 1 1 1 1 1 1 1 1 1 1 1 1 1 1 1 1 1 1 1 1 1 1 1 1 1 1 1 1 1 1 1 1 1 1 1 1 1 1 1 1 1 1 1 1 1 1 1 1 1 1 1 1 1 1 1 1 1 1 1 1 1 1 1 1 1 1 1 1 1 1 1 1 1 1 1 1 1 1 1 ];
presentations = [1 1 1 1 1 1 0 0 0 0 1 1 1 1 0 1 1 0 1 1 0 0 0 0 0 0 0 1 0 0 0 1 0 0 0 1 0 0 0 0 0 0 0 0 1 1 0 1 0 1 0 1 0 0 1 1 0 1 0 0 0 1 1 0 1 1 0 0 1 1 1 0 1 0 0 0 1 0 1 0 0 1 1 0 0 1 1 0 1 1 1 0 0 1 1 1 1 0 0 1 1 0 0 0 0 0 1 1 0 1 1 0 0 1 0 1 0 0 0 0 1 0 0 1 0 0 1 0 0 1 0 0 0 0 1 0 0 1 1 1 1 1 1 0 1 0 1 0 0 1 1 0 1 1 1 0 0 0 0 1 0 0 1 1 0 0 1 1 0 0 1 1 0 1 1 0 1 1 0 0 0 1 1 0 1 0 1 0 0 1 1 1 1 0 0 1 0 1 0 1 1 0 1 1 ];
answers = [0 0 0 1 0 0 0 0 0 0 1 1 1 1 0 1 1 0 1 1 0 0 0 0 0 0 0 1 0 0 0 1 0 0 0 1 0 0 0 0 0 0 0 0 1 1 0 0 0 1 0 1 0 0 1 1 0 1 0 0 0 1 0 0 1 1 0 0 1 1 1 0 1 0 0 0 1 0 1 0 0 1 1 0 0 1 1 0 1 1 1 0 0 1 1 1 1 0 0 1 1 0 0 0 0 0 1 1 0 1 1 0 0 1 0 1 0 0 0 0 1 0 0 1 0 0 1 0 0 1 0 0 0 0 1 0 0 1 1 1 1 1 1 0 1 0 1 0 0 1 1 0 1 1 1 0 0 0 0 1 0 0 1 1 0 0 0 1 0 0 1 1 0 1 1 0 1 1 0 0 0 1 1 0 1 0 1 0 0 1 1 1 1 0 0 1 0 0 0 1 0 0 1 0 ];
adjustments = [24 24 24 -8 24 12 0 0 0 0 -4 -2 -2 -2 0 -2 -2 0 -2 -2 0 0 0 0 0 0 0 -2 0 0 0 -2 0 0 0 -2 0 0 0 0 0 0 0 0 -2 -2 0 6 0 -2 0 -2 0 0 -2 -2 0 -2 0 0 0 -2 6 0 -2 -2 0 0 -2 -2 -2 0 -2 0 0 0 -2 0 -2 0 0 -2 -2 0 0 -2 -2 0 -2 -2 -2 0 0 -2 -2 -2 -2 0 0 -2 -2 0 0 0 0 0 -2 -2 0 -2 -2 0 0 -2 0 -2 0 0 0 0 -2 0 0 -2 0 0 -2 0 0 -2 0 0 0 0 -2 0 0 -2 -2 -2 -2 -2 -2 0 -2 0 -2 0 0 -2 -2 0 -2 -2 -2 0 0 0 0 -2 0 0 -2 -2 0 0 6 -2 0 0 -2 -2 0 -2 -2 0 -2 -2 0 0 0 -2 -2 0 -2 0 -2 0 0 -2 -2 -2 -2 0 0 -2 0 6 0 -2 6 0 -2 6 ];

