target=0.50;discardreversals=2;startvalue=0.00;steps=[4  2  1];selfservice=0;
threshold = [-14.50 ];
values = [5.00 -5.00 -11.00 -9.00 -14.00 -12.50 -12.00 -13.50 -16.00 -14.50 -12.00 -12.50 -15.00 -14.50 -16.00 -14.50 -14.00 -15.50 -13.00 -15.50 ];
reversals = [0 0 1 -1 1 0 -1 0 1 0 -1 0 1 -1 1 0 -1 1 -1 1 ];
measures = [0 0 0 0 1 1 1 1 1 1 1 1 1 1 1 1 1 1 1 1 ];
presentations = [1 2 3 4 5 6 7 8 9 10 11 12 13 14 15 16 17 18 19 20 ];
answers = [5 4 2 5 1 2 4 5 1 0 3 5 2 4 1 2 4 0 5 0 ];
adjustments = [-10 -6 2 -5 1.5 0.5 -1.5 -2.5 1.5 2.5 -0.5 -2.5 0.5 -1.5 1.5 0.5 -1.5 2.5 -2.5 2.5 ];
sentences = {'85813' '51195' '23448' '68271' '12339' '98162' '77705' '33528' '76600' '02737' '21080' '15952' '44529' '37886' '69444' '06251' '90013' '44697' '50976' '89364' };
offsets = [22976 72859 24012 22978 9967 28389 25228 91512 45042 37267 14762 27943 73740 27422 20096 93003 60430 63983 20797 11407 ];

