target=0.50;discardreversals=2;startvalue=0.00;steps=[4  2  1];selfservice=0;
threshold = [-1.50 ];
values = [0.00 10.00 0.00 -3.00 -2.00 -1.50 -2.00 -1.50 -3.00 -1.50 -4.00 -1.50 -2.00 -0.50 -1.00 0.50 0.00 -2.50 -1.00 -3.50 ];
reversals = [0 -1 0 1 0 -1 1 -1 1 -1 1 -1 1 -1 1 -1 0 1 -1 0 ];
measures = [0 0 0 0 0 1 1 1 1 1 1 1 1 1 1 1 1 1 1 1 ];
presentations = [1 2 3 4 5 6 7 8 9 10 11 12 13 14 15 16 17 18 19 20 ];
answers = [0 5 4 2 2 3 2 4 1 5 0 3 1 3 1 3 5 1 5 5 ];
adjustments = [10 -10 -3 1 0.5 -0.5 0.5 -1.5 1.5 -2.5 2.5 -0.5 1.5 -0.5 1.5 -0.5 -2.5 1.5 -2.5 -2.5 ];
sentences = {'09216' '82009' '95162' '34226' '70762' '65555' '47173' '46393' '10681' '63558' '86800' '34994' '29744' '78835' '92629' '51417' '18348' '51437' '23081' '07970' };
offsets = [21618 26195 6334 1543 600 1701 3359 7397 15992 25737 19271 27587 4929 29353 22723 9473 4150 4868 23088 11769 ];

