target=0.50;discardreversals=2;startvalue=0.00;steps=[4  2  1];selfservice=0;
threshold = [-0.25 ];
values = [0.00 10.00 8.00 3.00 -2.00 -7.00 -2.00 -1.50 1.00 -0.50 0.00 -0.50 -1.00 -1.50 -4.00 -1.50 1.00 -0.50 -2.00 -3.50 ];
reversals = [0 -1 0 0 0 1 0 0 -1 1 -1 0 0 0 1 0 -1 0 0 1 ];
measures = [0 0 0 0 0 0 0 0 1 1 1 1 1 1 1 1 1 1 1 1 ];
presentations = [1 2 3 4 5 6 7 8 9 10 11 12 13 14 15 16 17 18 19 20 ];
answers = [0 3 5 5 5 0 2 0 4 2 3 3 3 5 0 0 4 4 4 2 ];
adjustments = [10 -2 -5 -5 -5 5 0.5 2.5 -1.5 0.5 -0.5 -0.5 -0.5 -2.5 2.5 2.5 -1.5 -1.5 -1.5 0.5 ];
sentences = {'07970' '51417' '82009' '46393' '74972' '55025' '41634' '34226' '03491' '22586' '29744' '30757' '78835' '16140' '63558' '87263' '95162' '68819' '10681' '99308' };
offsets = [3831 3386 12726 24978 22837 15837 28370 4932 3958 22402 10628 4953 22225 15721 8906 18969 1976 30905 15932 11804 ];

