target=0.50;discardreversals=2;startvalue=0.00;steps=[4  2  1];selfservice=0;
threshold = [-1.00 ];
values = [0.00 10.00 0.00 5.00 2.50 1.00 -1.50 -4.00 -1.50 -2.00 0.50 -1.00 1.50 2.00 2.50 0.00 -0.50 -2.00 0.50 -1.00 ];
reversals = [0 -1 1 -1 0 0 0 1 -1 1 -1 1 0 0 -1 0 0 1 -1 1 ];
measures = [0 0 0 1 1 1 1 1 1 1 1 1 1 1 1 1 1 1 1 1 ];
presentations = [1 2 3 4 5 6 7 8 9 10 11 12 13 14 15 16 17 18 19 20 ];
answers = [0 5 0 5 4 5 5 0 3 0 4 0 2 2 5 3 4 0 4 2 ];
adjustments = [10 -10 5 -2.5 -1.5 -2.5 -2.5 2.5 -0.5 2.5 -1.5 2.5 0.5 0.5 -2.5 -0.5 -1.5 2.5 -1.5 0.5 ];
sentences = {'12339' '06251' '44529' '85813' '21080' '02737' '69444' '15952' '44697' '68271' '76600' '33528' '23448' '51195' '50976' '77705' '90013' '98162' '89364' '37886' };
offsets = [9637 43778 61 2221 26905 19916 14768 7545 17601 13083 17138 11730 1407 13434 2176 10337 9844 20163 23183 23086 ];

