target=0.50;discardreversals=2;startvalue=0.00;steps=[4  2  1];selfservice=0;
threshold = [-2.50 ];
values = [0.00 6.00 -4.00 -3.00 -1.50 -2.00 -2.50 0.00 -1.50 -3.00 -3.50 -4.00 -4.50 -5.00 -6.50 -8.00 -8.50 -6.00 -7.50 -9.00 ];
reversals = [0 -1 1 0 -1 0 1 -1 0 0 0 0 0 0 0 0 1 -1 0 0 ];
measures = [0 0 0 0 1 1 1 1 1 1 1 1 1 1 1 1 1 1 1 1 ];
presentations = [1 2 3 4 5 6 7 8 9 10 11 12 13 14 15 16 17 18 19 20 ];
answers = [1 5 2 1 3 3 0 4 4 3 3 3 3 4 4 3 0 4 4 4 ];
adjustments = [6 -10 1 1.5 -0.5 -0.5 2.5 -1.5 -1.5 -0.5 -0.5 -0.5 -0.5 -1.5 -1.5 -0.5 2.5 -1.5 -1.5 -1.5 ];
sentences = {'29744' '41634' '63558' '03491' '34226' '30757' '51417' '46393' '07970' '22586' '82009' '99308' '74972' '68819' '95162' '78835' '55025' '87263' '10681' '16140' };
offsets = [1938708 364382 4408604 932942 1363838 2151309 115819 2190559 3605299 3077325 2506061 44768 963699 4037638 1621287 3069513 2845814 2242105 1566438 3044370 ];

