target=0.50;discardreversals=2;startvalue=0.00;steps=[4  2  1];selfservice=0;
threshold = [-9.50 ];
values = [5.00 -5.00 -15.00 -5.00 -8.00 -8.50 -11.00 -10.50 -8.00 -7.50 -8.00 -9.50 -9.00 -8.50 -11.00 -8.50 -9.00 -10.50 -11.00 -8.50 ];
reversals = [0 0 1 -1 0 0 1 0 0 -1 0 1 0 -1 1 -1 0 0 1 0 ];
measures = [0 0 0 0 0 0 1 1 1 1 1 1 1 1 1 1 1 1 1 1 ];
presentations = [1 2 3 4 5 6 7 8 9 10 11 12 13 14 15 16 17 18 19 20 ];
answers = [5 5 0 4 3 5 2 0 2 3 4 2 2 5 0 3 4 3 0 0 ];
adjustments = [-10 -10 10 -3 -0.5 -2.5 0.5 2.5 0.5 -0.5 -1.5 0.5 0.5 -2.5 2.5 -0.5 -1.5 -0.5 2.5 2.5 ];
sentences = {'02737' '90790' '44529' '89364' '76600' '82487' '15149' '66553' '23448' '37886' '90013' '51195' '68271' '59026' '48835' '03262' '77974' '15952' '31601' '24318' };
offsets = [68137 48109 44112 23850 55360 48645 58216 23153 60349 76980 45464 72518 6156 4609 91695 60087 16910 62282 9656 145 ];

