target=0.50;discardreversals=2;startvalue=0.00;steps=[4  2  1];selfservice=0;
threshold = [-2.75 ];
values = [0.00 -10.00 0.00 -5.00 -2.50 -3.00 -0.50 -2.00 -4.50 -7.00 -4.50 -2.00 -3.50 -1.00 -2.50 -3.00 -3.50 -1.00 1.50 -1.00 ];
reversals = [0 1 -1 1 -1 1 -1 0 0 1 0 -1 1 -1 0 0 1 0 -1 0 ];
measures = [0 0 0 1 1 1 1 1 1 1 1 1 1 1 1 1 1 1 1 1 ];
presentations = [1 2 3 4 5 6 7 8 9 10 11 12 13 14 15 16 17 18 19 20 ];
answers = [5 0 5 0 3 0 4 5 5 0 0 4 0 4 3 3 0 0 5 4 ];
adjustments = [-10 10 -5 2.5 -0.5 2.5 -1.5 -2.5 -2.5 2.5 2.5 -1.5 2.5 -1.5 -0.5 -0.5 2.5 2.5 -2.5 -1.5 ];
sentences = {'18348' '33528' '09216' '06251' '23081' '98162' '21080' '92629' '85813' '65555' '86800' '34994' '12339' '70762' '47173' '50976' '51437' '69444' '77705' '44697' };
offsets = [5024 33698 39603 5291 2778 14165 5702 6673 16265 14161 14641 28676 15122 695 33769 1060 20452 23616 16703 10762 ];

