target=0.50;discardreversals=2;startvalue=0.00;steps=[4  2  1];selfservice=0;
threshold = [3.50 ];
values = [0.00 -6.00 4.00 7.00 4.00 4.50 2.00 3.50 6.00 5.50 3.00 5.50 4.00 2.50 5.00 2.50 1.00 3.50 2.00 -0.50 ];
reversals = [0 1 0 -1 1 -1 1 0 -1 0 1 -1 0 1 -1 0 1 -1 0 1 ];
measures = [0 0 0 0 1 1 1 1 1 1 1 1 1 1 1 1 1 1 1 1 ];
presentations = [1 2 3 4 5 6 7 8 9 10 11 12 13 14 15 16 17 18 19 20 ];
answers = [4 0 1 4 2 5 1 0 3 5 0 4 4 0 5 4 0 4 5 2 ];
adjustments = [-6 10 3 -3 0.5 -2.5 1.5 2.5 -0.5 -2.5 2.5 -1.5 -1.5 2.5 -2.5 -1.5 2.5 -1.5 -2.5 0.5 ];
sentences = {'69444' '50976' '11755' '22336' '77705' '69009' '54841' '33528' '45923' '70287' '06251' '44697' '08168' '36514' '85813' '21080' '12339' '98162' '87470' '93692' };
offsets = [3933065 1269312 3272676 3190813 2146129 2138169 187553 3080740 4542798 1531568 4582678 1559017 1858272 1604171 2079703 554445 855055 3794113 3305901 558224 ];

