target=0.50;discardreversals=2;startvalue=0.00;steps=[4  2  1];selfservice=0;
%parameters=icra1,65,re
threshold = [-3.75 ];
values = [0.00 -6.00 4.00 -1.00 -3.50 -1.00 -2.50 0.00 -2.50 -3.00 -4.50 -4.00 -2.50 -3.00 -3.50 -5.00 -4.50 -6.00 -6.50 -4.00 ];
reversals = [0 1 -1 0 1 -1 1 -1 0 0 1 0 -1 0 0 1 -1 0 1 -1 ];
measures = [0 0 0 0 1 1 1 1 1 1 1 1 1 1 1 1 1 1 1 1 ];
presentations = [1 2 3 4 5 6 7 8 9 10 11 12 13 14 15 16 17 18 19 20 ];
answers = [4 0 5 5 0 4 0 5 3 4 2 1 3 3 4 2 4 3 0 3 ];
adjustments = [-6 10 -5 -2.5 2.5 -1.5 2.5 -2.5 -0.5 -1.5 0.5 1.5 -0.5 -0.5 -1.5 0.5 -1.5 -0.5 2.5 -0.5 ];
sentences = {'23448' '76600' '02737' '68271' '89364' '48835' '90790' '77974' '15952' '37886' '66553' '24318' '31601' '03262' '44529' '51195' '59026' '90013' '82487' '15149' };
offsets = [10565 26480 19573 4748 10452 16723 233 16088 7903 5700 5336 8448 13282 3984 29403 13630 12177 4683 16754 8318 ];

