target=0.50;discardreversals=2;startvalue=0.00;steps=[4  2  1];selfservice=0;
%parameters=icra5.250,65
threshold = [-5.00 ];
values = [0.00 10.00 0.00 1.00 -0.50 -2.00 -3.50 -4.00 -2.50 -5.00 -4.50 -4.00 -5.50 -6.00 -6.50 -8.00 -8.50 -6.00 -7.50 -5.00 ];
reversals = [0 -1 1 -1 0 0 0 1 -1 1 0 -1 0 0 0 0 1 -1 1 -1 ];
measures = [0 0 0 1 1 1 1 1 1 1 1 1 1 1 1 1 1 1 1 1 ];
presentations = [1 2 3 4 5 6 7 8 9 10 11 12 13 14 15 16 17 18 19 20 ];
answers = [0 5 2 4 4 4 3 1 5 2 2 4 3 3 4 3 0 4 0 5 ];
adjustments = [10 -10 1 -1.5 -1.5 -1.5 -0.5 1.5 -2.5 0.5 0.5 -1.5 -0.5 -0.5 -1.5 -0.5 2.5 -1.5 2.5 -2.5 ];
sentences = {'89364' '37886' '23448' '16140' '30757' '87263' '03491' '41634' '22586' '76600' '51195' '55025' '68271' '74972' '44529' '02737' '68819' '99308' '90013' '15952' };
offsets = [2333143 245265 2239743 498038 620986 3226586 2567143 1892689 1565351 322336 4794518 3917175 4179777 4444122 1076263 3364941 3503568 1069961 4123687 281617 ];

