target=0.75;minreversals=12;discardreversals=4;minmeasures=14;startvalue=65.00;steps=[8  4  4  2  1];feedback=0;
%parameters=1000, 35,re
threshold = [59.00 ];
values = [73.00 65.00 57.00 81.00 77.00 77.00 77.00 77.00 73.00 73.00 69.00 69.00 69.00 65.00 65.00 65.00 65.00 65.00 65.00 61.00 57.00 69.00 67.00 66.00 66.00 65.00 65.00 65.00 65.00 64.00 64.00 63.00 63.00 62.00 62.00 61.00 61.00 60.00 60.00 59.00 59.00 58.00 58.00 58.00 58.00 57.00 60.00 59.00 58.00 58.00 61.00 60.00 59.00 59.00 58.00 57.00 60.00 60.00 59.00 58.00 58.00 58.00 57.00 56.00 56.00 55.00 58.00 58.00 58.00 58.00 61.00 ];
reversals = [0 0 1 -1 0 0 0 0 0 0 0 0 0 0 0 0 0 0 0 0 1 -1 0 0 0 0 0 0 0 0 0 0 0 0 0 0 0 0 0 0 0 0 0 0 0 1 -1 0 0 1 -1 0 0 0 0 1 0 -1 0 0 0 0 0 0 0 1 0 0 0 0 -1 ];
measures = [0 0 0 0 0 0 0 0 0 0 0 0 0 0 0 0 0 0 0 0 0 0 0 0 0 0 0 0 0 0 0 0 0 0 0 0 0 0 0 0 0 0 0 0 0 1 1 1 1 1 1 1 1 1 1 1 1 1 1 1 1 1 1 1 1 1 1 1 1 1 1 ];
presentations = [1 1 1 1 0 0 0 1 0 1 0 0 1 0 0 0 0 0 1 1 1 1 1 0 1 0 0 0 1 0 1 0 1 0 1 0 1 0 1 0 1 0 0 0 1 1 1 1 0 1 1 1 0 1 1 1 0 1 1 0 0 1 1 0 1 1 0 0 0 1 1 ];
answers = [1 1 0 1 0 0 0 1 0 1 0 0 1 0 0 0 0 0 1 1 0 1 1 0 1 0 0 0 1 0 1 0 1 0 1 0 1 0 1 0 1 0 0 0 1 0 1 1 0 0 1 1 0 1 1 0 0 1 1 0 0 1 1 0 1 0 0 0 0 0 1 ];
adjustments = [-8 -8 24 -4 0 0 0 -4 0 -4 0 0 -4 0 0 0 0 0 -4 -4 12 -2 -1 0 -1 0 0 0 -1 0 -1 0 -1 0 -1 0 -1 0 -1 0 -1 0 0 0 -1 3 -1 -1 0 3 -1 -1 0 -1 -1 3 0 -1 -1 0 0 -1 -1 0 -1 3 0 0 0 3 -1 ];

