target=0.50;discardreversals=2;startvalue=0.00;steps=[4  2  1];selfservice=0;
%parameters=icra1,65
threshold = [-2.75 ];
values = [0.00 -10.00 0.00 -5.00 -5.50 -5.00 -3.50 -2.00 -0.50 -3.00 -2.50 -5.00 -4.50 -2.00 -4.50 -2.00 -4.50 -4.00 -1.50 -2.00 ];
reversals = [0 1 -1 0 1 0 0 0 -1 1 -1 1 0 -1 1 -1 1 0 -1 0 ];
measures = [0 0 0 0 1 1 1 1 1 1 1 1 1 1 1 1 1 1 1 1 ];
presentations = [1 2 3 4 5 6 7 8 9 10 11 12 13 14 15 16 17 18 19 20 ];
answers = [5 0 5 3 2 1 1 1 5 2 5 2 0 5 0 5 2 0 3 5 ];
adjustments = [-10 10 -5 -0.5 0.5 1.5 1.5 1.5 -2.5 0.5 -2.5 0.5 2.5 -2.5 2.5 -2.5 0.5 2.5 -0.5 -2.5 ];
sentences = {'61793' '33980' '72141' '67850' '94067' '18314' '18502' '80338' '24621' '52277' '51779' '26626' '76802' '05413' '00456' '95569' '47048' '39994' '89135' '43285' };
offsets = [18217 27009 9019 13778 12357 25845 14709 4541 11240 9183 12736 19279 30747 19125 5837 4773 32748 17865 18000 19745 ];

