target=0.50;discardreversals=2;startvalue=0.00;steps=[4  2  1];selfservice=0;
%parameters=icra5.250,65,re
threshold = [-8.50 ];
values = [0.00 2.00 -8.00 -9.00 -8.00 -5.50 -7.00 -9.50 -10.00 -8.50 -11.00 -10.50 -9.00 -7.50 -7.00 -5.50 -6.00 -6.50 -8.00 -8.50 ];
reversals = [0 -1 0 1 0 -1 0 0 1 -1 1 0 0 0 0 -1 0 0 0 0 ];
measures = [0 0 0 0 0 1 1 1 1 1 1 1 1 1 1 1 1 1 1 1 ];
presentations = [1 2 3 4 5 6 7 8 9 10 11 12 13 14 15 16 17 18 19 20 ];
answers = [2 5 3 2 0 4 5 3 1 5 2 1 1 2 1 3 3 4 3 3 ];
adjustments = [2 -10 -1 1 2.5 -1.5 -2.5 -0.5 1.5 -2.5 0.5 1.5 1.5 0.5 1.5 -0.5 -0.5 -1.5 -0.5 -0.5 ];
sentences = {'91451' '82487' '24318' '48832' '77974' '52988' '87713' '66127' '35209' '70565' '03676' '29394' '90790' '14040' '31601' '15149' '66553' '59026' '48835' '03262' };
offsets = [1706981 1686377 1923169 1072588 639737 3115467 3113316 1476670 3390195 1467430 1318973 4323474 3787313 4292288 611870 2617203 1846150 2356457 3194562 3512652 ];

