target=0.50;discardreversals=2;startvalue=0.00;steps=[4  2  1];selfservice=0;
%parameters=babble,65
threshold = [0.50 ];
values = [0.00 6.00 -4.00 1.00 -0.50 -1.00 -1.50 0.00 0.50 1.00 3.50 3.00 0.50 1.00 -1.50 -3.00 -1.50 0.00 0.50 -1.00 ];
reversals = [0 -1 1 -1 0 0 1 0 0 0 -1 0 1 -1 0 1 0 0 -1 1 ];
measures = [0 0 0 1 1 1 1 1 1 1 1 1 1 1 1 1 1 1 1 1 ];
presentations = [1 2 3 4 5 6 7 8 9 10 11 12 13 14 15 16 17 18 19 20 ];
answers = [1 5 0 4 3 3 1 2 2 0 3 5 2 5 4 1 1 2 4 0 ];
adjustments = [6 -10 5 -1.5 -0.5 -0.5 1.5 0.5 0.5 2.5 -0.5 -2.5 0.5 -2.5 -1.5 1.5 1.5 0.5 -1.5 2.5 ];
sentences = {'52277' '94067' '24621' '18314' '76802' '00456' '61793' '43285' '33980' '72141' '89135' '26626' '51779' '47048' '39994' '67850' '05413' '80338' '95569' '18502' };
offsets = [13683 14643 23772 8714 20313 16398 20038 26994 38496 7325 8295 25355 12143 2866 29203 9860 17154 8341 3121 10720 ];

