target=0.50;discardreversals=2;startvalue=0.00;steps=[4  2  1];selfservice=0;
%parameters=icra1,65,train
threshold = [-0.75 ];
values = [0.00 6.00 -4.00 1.00 -1.50 -1.00 0.50 -1.00 -1.50 0.00 -2.50 -2.00 -0.50 2.00 0.50 -1.00 -0.50 -2.00 -4.50 -2.00 ];
reversals = [0 -1 1 -1 1 0 -1 0 1 -1 1 0 0 -1 0 1 -1 0 1 0 ];
measures = [0 0 0 1 1 1 1 1 1 1 1 1 1 1 1 1 1 1 1 1 ];
presentations = [1 2 3 4 5 6 7 8 9 10 11 12 13 14 15 16 17 18 19 20 ];
answers = [1 5 0 5 2 1 4 3 1 5 2 1 0 4 4 2 4 5 0 1 ];
adjustments = [6 -10 5 -2.5 0.5 1.5 -1.5 -0.5 1.5 -2.5 0.5 1.5 2.5 -1.5 -1.5 0.5 -1.5 -2.5 2.5 1.5 ];
sentences = {'18502' '05413' '72141' '43285' '06251' '98162' '21080' '94067' '51779' '26626' '39994' '44697' '80338' '85813' '50976' '67850' '33528' '69444' '77705' '12339' };
offsets = [6306 19593 8817 11399 12295 504 1690 7246 7977 7438 13623 7366 15729 3535 13600 13798 13117 12794 297 5683 ];

