target=0.50;discardreversals=2;startvalue=0.00;steps=[4  2  1];selfservice=0;
%parameters=icra1,54
threshold = [-0.50 ];
values = [0.00 -6.00 4.00 1.00 -0.50 1.00 -0.50 1.00 -1.50 -3.00 -2.50 0.00 -2.50 -3.00 -0.50 -2.00 -2.50 -3.00 -2.50 0.00 ];
reversals = [0 1 -1 0 1 -1 1 -1 0 1 0 -1 0 1 -1 0 0 1 0 -1 ];
measures = [0 0 0 0 1 1 1 1 1 1 1 1 1 1 1 1 1 1 1 1 ];
presentations = [1 2 3 4 5 6 7 8 9 10 11 12 13 14 15 16 17 18 19 20 ];
answers = [4 0 4 4 1 4 1 5 4 2 0 5 3 0 4 3 3 2 0 4 ];
adjustments = [-6 10 -3 -1.5 1.5 -1.5 1.5 -2.5 -1.5 0.5 2.5 -2.5 -0.5 2.5 -1.5 -0.5 -0.5 0.5 2.5 -1.5 ];
sentences = {'74972' '34226' '82009' '55025' '68819' '10681' '87263' '22586' '03491' '07970' '99308' '30757' '63558' '29744' '51417' '78835' '46393' '41634' '16140' '95162' };
offsets = [6983 2351 12423 15907 5576 11282 454 14953 9893 31385 18902 4167 4860 7575 20458 17470 18870 1093 827 988 ];

