target=0.50;discardreversals=2;startvalue=0.00;steps=[4  2  1];selfservice=0;
%parameters=icra5.250,65,train
threshold = [-5.00 ];
values = [0.00 -10.00 0.00 -3.00 -4.50 -5.00 -4.50 -5.00 -4.50 -7.00 -6.50 -5.00 -5.50 -4.00 -5.50 -5.00 -5.50 -6.00 -6.50 -7.00 ];
reversals = [0 1 -1 0 0 1 -1 1 -1 1 0 -1 1 -1 1 -1 0 0 0 1 ];
measures = [0 0 0 0 0 1 1 1 1 1 1 1 1 1 1 1 1 1 1 1 ];
presentations = [1 2 3 4 5 6 7 8 9 10 11 12 13 14 15 16 17 18 19 20 ];
answers = [5 0 4 4 3 2 3 2 5 2 1 3 1 4 2 3 3 3 3 1 ];
adjustments = [-10 10 -3 -1.5 -0.5 0.5 -0.5 0.5 -2.5 0.5 1.5 -0.5 1.5 -1.5 0.5 -0.5 -0.5 -0.5 -0.5 1.5 ];
sentences = {'45923' '91451' '11755' '22336' '54841' '36514' '70565' '08168' '70287' '87470' '87713' '66127' '93692' '03676' '29394' '14040' '35209' '52988' '69009' '48832' };
offsets = [4669748 4240350 1906659 4611453 4534790 1727223 4183752 1730065 4753352 3749158 4648140 2271020 1947057 3730519 2648884 1564004 3426421 3289289 917868 428418 ];

