target=0.50;discardreversals=2;startvalue=0.00;steps=[4  2  1];selfservice=0;
%parameters=icra1,44
threshold = [-0.50 ];
values = [0.00 -6.00 4.00 -1.00 -0.50 0.00 -0.50 -1.00 -1.50 1.00 -1.50 0.00 0.50 -1.00 0.50 0.00 -0.50 -2.00 -0.50 2.00 ];
reversals = [0 1 -1 1 0 -1 0 0 1 -1 1 0 -1 1 -1 0 0 1 0 -1 ];
measures = [0 0 0 1 1 1 1 1 1 1 1 1 1 1 1 1 1 1 1 1 ];
presentations = [1 2 3 4 5 6 7 8 9 10 11 12 13 14 15 16 17 18 19 20 ];
answers = [4 0 5 2 2 3 3 3 0 5 1 2 4 1 3 3 4 1 0 5 ];
adjustments = [-6 10 -5 0.5 0.5 -0.5 -0.5 -0.5 2.5 -2.5 1.5 0.5 -1.5 1.5 -0.5 -0.5 -1.5 1.5 2.5 -2.5 ];
sentences = {'41634' '68819' '16140' '22586' '76802' '89135' '74972' '03491' '00456' '87263' '33980' '30757' '95569' '24621' '18314' '99308' '55025' '52277' '47048' '61793' };
offsets = [17080 5151 22662 13533 35865 8171 7843 24879 28581 14365 3970 567 18539 12529 3136 26396 3836 7500 25071 18404 ];

