target=0.50;discardreversals=2;startvalue=0.00;steps=[4  2  1];selfservice=0;
%parameters=quiet,65
threshold = [-30.75 ];
values = [0.00 -10.00 -20.00 -26.00 -36.00 -26.00 -29.00 -30.50 -31.00 -30.50 -31.00 -28.50 -31.00 -31.50 -30.00 -29.50 -29.00 -28.50 -29.00 -30.50 ];
reversals = [0 0 0 0 1 -1 0 0 1 -1 1 -1 0 1 0 0 0 -1 0 0 ];
measures = [0 0 0 0 0 0 0 0 1 1 1 1 1 1 1 1 1 1 1 1 ];
presentations = [1 2 3 4 5 6 7 8 9 10 11 12 13 14 15 16 17 18 19 20 ];
answers = [5 5 4 5 0 4 4 3 2 3 0 5 3 1 2 2 2 3 4 3 ];
adjustments = [-10 -10 -6 -10 10 -3 -1.5 -0.5 0.5 -0.5 2.5 -2.5 -0.5 1.5 0.5 0.5 0.5 -0.5 -1.5 -0.5 ];
sentences = {'24318' '33980' '18314' '52277' '95569' '00456' '76802' '77974' '47048' '66553' '82487' '59026' '89135' '61793' '31601' '03262' '48835' '24621' '90790' '15149' };
offsets = [63375 37490 34438 53618 64013 35784 34686 2150 9207 87440 64310 14870 84340 28164 7336 51341 78584 47888 9766 25309 ];

