target=0.50;discardreversals=2;startvalue=0.00;steps=[4  2  1];selfservice=0;
%parameters=icra5.250,65,train
threshold = [3.00 ];
values = [0.00 6.00 -4.00 1.00 3.50 3.00 3.50 3.00 3.50 1.00 1.50 2.00 2.50 3.00 2.50 3.00 0.50 3.00 0.50 3.00 ];
reversals = [0 -1 1 0 -1 1 -1 1 -1 1 0 0 0 -1 1 -1 1 -1 1 -1 ];
measures = [0 0 0 0 1 1 1 1 1 1 1 1 1 1 1 1 1 1 1 1 ];
presentations = [1 2 3 4 5 6 7 8 9 10 11 12 13 14 15 16 17 18 19 20 ];
answers = [1 5 0 0 3 2 3 2 5 2 2 2 2 3 2 5 0 5 0 3 ];
adjustments = [6 -10 5 2.5 -0.5 0.5 -0.5 0.5 -2.5 0.5 0.5 0.5 0.5 -0.5 0.5 -2.5 2.5 -2.5 2.5 -0.5 ];
sentences = {'44529' '89364' '23448' '31601' '03262' '37886' '02737' '76600' '82487' '48835' '66553' '15149' '68271' '90013' '59026' '24318' '77974' '15952' '51195' '90790' };
offsets = [1929086 3107299 4778399 2945860 720573 3956616 1217580 3095010 1476669 1264661 2213741 4760062 4640331 1552533 4300948 3422434 1186714 3977669 342031 4381953 ];

