target=0.50;discardreversals=2;startvalue=0.00;steps=[4  2  1];selfservice=0;
%parameters=icra1,86
threshold = [-4.25 ];
values = [0.00 -10.00 0.00 -3.00 -5.50 -5.00 -4.50 -2.00 -3.50 -4.00 -3.50 -4.00 -6.50 -5.00 -4.50 -6.00 -5.50 -3.00 -4.50 -4.00 ];
reversals = [0 1 -1 0 1 0 0 -1 0 1 -1 0 1 0 -1 1 0 -1 1 -1 ];
measures = [0 0 0 0 1 1 1 1 1 1 1 1 1 1 1 1 1 1 1 1 ];
presentations = [1 2 3 4 5 6 7 8 9 10 11 12 13 14 15 16 17 18 19 20 ];
answers = [5 0 4 5 2 2 0 4 3 2 3 5 1 2 4 2 0 4 2 3 ];
adjustments = [-10 10 -3 -2.5 0.5 0.5 2.5 -1.5 -0.5 0.5 -0.5 -2.5 1.5 0.5 -1.5 0.5 2.5 -1.5 0.5 -0.5 ];
sentences = {'90790' '93692' '54841' '87470' '69009' '82487' '31601' '77974' '15149' '70287' '66553' '24318' '22336' '03262' '45923' '59026' '08168' '48835' '36514' '11755' };
offsets = [7906 27828 5309 14687 173 16387 5505 10610 9452 4135 9273 1214 13006 7101 5219 19756 10154 21523 26479 3929 ];

