target=0.50;discardreversals=2;startvalue=0.00;steps=[4  2  1];selfservice=0;
%parameters=icra1,65
threshold = [1.50 ];
values = [0.00 -6.00 4.00 -1.00 1.50 4.00 1.50 2.00 2.50 1.00 -1.50 0.00 0.50 2.00 0.50 1.00 1.50 2.00 2.50 0.00 ];
reversals = [0 1 -1 1 0 -1 1 0 -1 0 1 0 0 -1 1 0 0 0 -1 1 ];
measures = [0 0 0 1 1 1 1 1 1 1 1 1 1 1 1 1 1 1 1 1 ];
presentations = [1 2 3 4 5 6 7 8 9 10 11 12 13 14 15 16 17 18 19 20 ];
answers = [4 0 5 0 0 5 2 2 4 5 1 2 1 4 2 2 2 2 5 2 ];
adjustments = [-6 10 -5 2.5 2.5 -2.5 0.5 0.5 -1.5 -2.5 1.5 0.5 1.5 -1.5 0.5 0.5 0.5 0.5 -2.5 0.5 ];
sentences = {'52277' '89135' '00456' '59026' '61793' '95569' '24621' '76802' '47048' '82487' '24318' '90790' '33980' '77974' '66553' '31601' '15149' '03262' '18314' '48835' };
offsets = [11511 3035 5876 13131 18536 4856 18079 12439 30213 12923 15662 9305 27774 24186 22784 15311 5600 29309 5534 2044 ];

