target=0.50;discardreversals=2;startvalue=0.00;steps=[4  2  1];selfservice=0;
%parameters=quiet,65
threshold = [0.00 ];
values = [0.00 2.00 -8.00 -3.00 -0.50 -1.00 1.50 0.00 2.50 0.00 0.50 -1.00 -1.50 -1.00 -1.50 0.00 1.50 1.00 -0.50 1.00 ];
reversals = [0 -1 1 0 -1 1 -1 1 -1 1 -1 0 1 -1 1 0 -1 0 1 -1 ];
measures = [0 0 0 0 1 1 1 1 1 1 1 1 1 1 1 1 1 1 1 1 ];
presentations = [1 2 3 4 5 6 7 8 9 10 11 12 13 14 15 16 17 18 19 20 ];
answers = [2 5 0 0 3 0 4 0 5 2 4 3 2 3 1 1 3 4 1 3 ];
adjustments = [2 -10 5 2.5 -0.5 2.5 -1.5 2.5 -2.5 0.5 -1.5 -0.5 0.5 -0.5 1.5 1.5 -0.5 -1.5 1.5 -0.5 ];
sentences = {'48835' '90790' '03262' '68271' '23448' '44529' '77974' '37886' '24318' '89364' '59026' '15149' '51195' '02737' '66553' '76600' '82487' '90013' '31601' '15952' };
offsets = [59469 64690 86250 10491 32561 67287 31256 20570 24581 90 68427 1222 14064 72827 18509 84281 20302 28153 857 52179 ];

