target=0.50;discardreversals=2;startvalue=0.00;steps=[4  2  1];selfservice=0;
%parameters=babble,65
threshold = [3.25 ];
values = [0.00 10.00 0.00 5.00 3.50 4.00 2.50 5.00 2.50 4.00 3.50 2.00 3.50 6.00 4.50 3.00 2.50 3.00 0.50 2.00 ];
reversals = [0 -1 1 -1 1 -1 1 -1 1 -1 0 1 0 -1 0 0 1 -1 1 0 ];
measures = [0 0 0 1 1 1 1 1 1 1 1 1 1 1 1 1 1 1 1 1 ];
presentations = [1 2 3 4 5 6 7 8 9 10 11 12 13 14 15 16 17 18 19 20 ];
answers = [0 5 0 4 2 4 0 5 1 3 4 1 0 4 4 3 2 5 1 2 ];
adjustments = [10 -10 5 -1.5 0.5 -1.5 2.5 -2.5 1.5 -0.5 -1.5 1.5 2.5 -1.5 -1.5 -0.5 0.5 -2.5 1.5 0.5 ];
sentences = {'72141' '26626' '66553' '18502' '51779' '59026' '31601' '39994' '80338' '48835' '77974' '15149' '82487' '03262' '05413' '43285' '94067' '24318' '67850' '90790' };
offsets = [3786 39264 6453 2052 5741 42266 47389 24845 21278 31015 10280 11255 11842 39461 4659 32831 41285 24365 15520 2327 ];

