target=0.50;discardreversals=2;startvalue=0.00;steps=[4  2  1];selfservice=0;
%parameters=icra1,76
threshold = [-5.50 ];
values = [0.00 -10.00 0.00 -3.00 -3.50 -6.00 -3.50 -6.00 -3.50 -6.00 -3.50 -3.00 -4.50 -6.00 -6.50 -4.00 -6.50 -4.00 -5.50 -4.00 ];
reversals = [0 1 -1 0 0 1 -1 1 -1 1 0 -1 0 0 1 -1 1 -1 1 0 ];
measures = [0 0 0 0 0 1 1 1 1 1 1 1 1 1 1 1 1 1 1 1 ];
presentations = [1 2 3 4 5 6 7 8 9 10 11 12 13 14 15 16 17 18 19 20 ];
answers = [5 0 4 3 5 0 5 0 5 0 2 4 4 3 0 5 0 4 1 1 ];
adjustments = [-10 10 -3 -0.5 -2.5 2.5 -2.5 2.5 -2.5 2.5 0.5 -1.5 -1.5 -0.5 2.5 -2.5 2.5 -1.5 1.5 1.5 ];
sentences = {'15149' '48835' '77974' '31601' '66553' '35209' '52988' '24318' '59026' '82487' '29394' '03262' '14040' '03676' '90790' '87713' '48832' '70565' '66127' '91451' };
offsets = [7634 11637 8675 4427 36744 8038 8310 7416 17985 6595 18328 17565 13595 29536 107 11387 37056 12202 3385 20015 ];

