target=0.50;discardreversals=2;startvalue=0.00;steps=[4  2  1];selfservice=0;
%parameters=icra5.250,65,re
threshold = [2.00 ];
values = [0.00 10.00 4.00 1.00 -2.00 -1.00 0.50 1.00 2.50 2.00 2.50 0.00 -2.50 0.00 -0.50 1.00 2.50 2.00 2.50 4.00 ];
reversals = [0 -1 0 0 1 0 0 0 -1 1 -1 0 1 -1 1 0 -1 1 0 0 ];
measures = [0 0 0 0 0 0 0 0 1 1 1 1 1 1 1 1 1 1 1 1 ];
presentations = [1 2 3 4 5 6 7 8 9 10 11 12 13 14 15 16 17 18 19 20 ];
answers = [0 4 4 4 2 1 2 1 3 2 5 5 0 3 1 1 3 2 1 1 ];
adjustments = [10 -6 -3 -3 1 1.5 0.5 1.5 -0.5 0.5 -2.5 -2.5 2.5 -0.5 1.5 1.5 -0.5 0.5 1.5 1.5 ];
sentences = {'82487' '44697' '98162' '21080' '03262' '48835' '33528' '06251' '50976' '77974' '66553' '24318' '59026' '15149' '85813' '77705' '90790' '31601' '69444' '12339' };
offsets = [3070568 1364572 420135 2258938 180326 4819618 4774472 659089 1690961 3557583 1145630 39169 1980712 3648879 463670 1894504 1859532 3395630 4149313 3653367 ];

