target=0.50;discardreversals=2;startvalue=0.00;steps=[4  2  1];selfservice=0;
%parameters=icra1,65,train
threshold = [2.00 ];
values = [0.00 10.00 0.00 5.00 3.50 1.00 3.50 1.00 3.50 1.00 1.50 1.00 0.50 3.00 2.50 2.00 2.50 2.00 3.50 1.00 ];
reversals = [0 -1 1 -1 0 1 -1 1 -1 1 -1 0 1 -1 0 1 -1 1 -1 0 ];
measures = [0 0 0 1 1 1 1 1 1 1 1 1 1 1 1 1 1 1 1 1 ];
presentations = [1 2 3 4 5 6 7 8 9 10 11 12 13 14 15 16 17 18 19 20 ];
answers = [0 5 0 4 5 0 5 0 5 2 3 3 0 3 3 2 3 1 5 4 ];
adjustments = [10 -10 5 -1.5 -2.5 2.5 -2.5 2.5 -2.5 0.5 -0.5 -0.5 2.5 -0.5 -0.5 0.5 -0.5 1.5 -2.5 -1.5 ];
sentences = {'33980' '24621' '72141' '39994' '52277' '61793' '95569' '89135' '51779' '43285' '94067' '47048' '67850' '00456' '18502' '80338' '26626' '18314' '76802' '05413' };
offsets = [3652 23159 16373 1647 8557 8985 8568 10107 8772 23570 273 6573 17251 23351 22660 11759 8097 16321 22013 20618 ];

