target=0.75;minreversals=12;discardreversals=4;minmeasures=14;startvalue=82.00;steps=[8  4  4  2  1];feedback=0;
%parameters=0500, 52
threshold = [76.50 ];
values = [90.00 82.00 74.00 98.00 98.00 94.00 94.00 90.00 86.00 82.00 78.00 78.00 78.00 74.00 86.00 84.00 83.00 82.00 81.00 81.00 80.00 80.00 80.00 79.00 79.00 78.00 78.00 78.00 78.00 77.00 76.00 75.00 78.00 81.00 80.00 79.00 78.00 78.00 77.00 76.00 76.00 75.00 74.00 73.00 72.00 72.00 75.00 78.00 78.00 77.00 77.00 77.00 76.00 76.00 75.00 75.00 78.00 77.00 76.00 76.00 75.00 75.00 78.00 ];
reversals = [0 0 1 0 -1 0 0 0 0 0 0 0 0 1 -1 0 0 0 0 0 0 0 0 0 0 0 0 0 0 0 0 1 0 -1 0 0 0 0 0 0 0 0 0 0 0 1 0 0 -1 0 0 0 0 0 0 1 -1 0 0 0 0 1 -1 ];
measures = [0 0 0 0 0 0 0 0 0 0 0 0 0 0 0 0 0 0 0 0 0 0 0 0 0 0 0 0 0 0 0 1 1 1 1 1 1 1 1 1 1 1 1 1 1 1 1 1 1 1 1 1 1 1 1 1 1 1 1 1 1 1 1 ];
presentations = [1 1 1 0 1 0 1 1 1 1 0 0 1 1 1 1 1 1 0 1 0 0 1 0 1 0 0 0 1 1 1 1 1 1 1 1 0 1 1 0 1 1 1 1 0 1 1 0 1 0 0 1 0 1 0 1 1 1 0 1 0 1 1 ];
answers = [1 1 0 0 1 0 1 1 1 1 0 0 1 0 1 1 1 1 0 1 0 0 1 0 1 0 0 0 1 1 1 0 0 1 1 1 0 1 1 0 1 1 1 1 0 0 0 0 1 0 0 1 0 1 0 0 1 1 0 1 0 0 1 ];
adjustments = [-8 -8 24 0 -4 0 -4 -4 -4 -4 0 0 -4 12 -2 -1 -1 -1 0 -1 0 0 -1 0 -1 0 0 0 -1 -1 -1 3 3 -1 -1 -1 0 -1 -1 0 -1 -1 -1 -1 0 3 3 0 -1 0 0 -1 0 -1 0 3 -1 -1 0 -1 0 3 -1 ];

