target=0.50;discardreversals=2;startvalue=0.00;steps=[4  2  1];selfservice=0;
%parameters=icra5.250,65
threshold = [3.50 ];
values = [0.00 10.00 0.00 3.00 3.50 5.00 3.50 4.00 5.50 3.00 2.50 4.00 5.50 4.00 1.50 2.00 2.50 3.00 1.50 4.00 ];
reversals = [0 -1 1 0 0 -1 1 0 -1 0 1 0 -1 0 1 0 0 -1 1 -1 ];
measures = [0 0 0 0 0 1 1 1 1 1 1 1 1 1 1 1 1 1 1 1 ];
presentations = [1 2 3 4 5 6 7 8 9 10 11 12 13 14 15 16 17 18 19 20 ];
answers = [0 5 1 2 1 4 2 1 5 3 1 1 4 5 2 2 2 4 0 5 ];
adjustments = [10 -10 3 0.5 1.5 -1.5 0.5 1.5 -2.5 -0.5 1.5 1.5 -1.5 -2.5 0.5 0.5 0.5 -1.5 2.5 -2.5 ];
sentences = {'37886' '44529' '78835' '63558' '15952' '95162' '34226' '46393' '90013' '23448' '68271' '76600' '10681' '51417' '02737' '29744' '82009' '89364' '51195' '07970' };
offsets = [3483531 1433252 1399797 1543833 4757742 334226 4721592 4021021 2126678 1551029 625993 1555856 502380 1142123 3554033 3805893 4111702 1505604 1864722 4425605 ];

