target=0.50;discardreversals=2;startvalue=0.00;steps=[4  2  1];selfservice=0;
%parameters=icra1,65,re
threshold = [-1.00 ];
values = [0.00 -6.00 4.00 -1.00 -3.50 -1.00 -1.50 -4.00 -2.50 0.00 -1.50 -1.00 0.50 -1.00 -2.50 -3.00 -0.50 -1.00 -0.50 -1.00 ];
reversals = [0 1 -1 0 1 -1 0 1 0 -1 1 0 -1 0 0 1 -1 1 -1 1 ];
measures = [0 0 0 0 1 1 1 1 1 1 1 1 1 1 1 1 1 1 1 1 ];
presentations = [1 2 3 4 5 6 7 8 9 10 11 12 13 14 15 16 17 18 19 20 ];
answers = [4 0 5 5 0 3 5 1 0 4 2 1 4 4 3 0 3 2 3 2 ];
adjustments = [-6 10 -5 -2.5 2.5 -0.5 -2.5 1.5 2.5 -1.5 0.5 1.5 -1.5 -1.5 -0.5 2.5 -0.5 0.5 -0.5 0.5 ];
sentences = {'03491' '30757' '22586' '99308' '68819' '41634' '16140' '87263' '61793' '74972' '18314' '95569' '33980' '24621' '47048' '00456' '55025' '76802' '52277' '89135' };
offsets = [13733 4641 3928 8456 31322 12068 22113 23205 17178 9977 3321 22795 5375 18678 1044 2171 10062 2832 12826 13342 ];

