target=0.50;discardreversals=2;startvalue=0.00;steps=[4  2  1];selfservice=0;
threshold = [-3.50 ];
values = [0.00 -6.00 4.00 -1.00 -3.50 -3.00 -2.50 -4.00 -2.50 -5.00 -2.50 -2.00 -1.50 -4.00 -2.50 -2.00 -3.50 -2.00 -2.50 -5.00 ];
reversals = [0 1 -1 0 1 0 -1 1 -1 1 0 0 -1 1 0 -1 1 -1 0 1 ];
measures = [0 0 0 0 1 1 1 1 1 1 1 1 1 1 1 1 1 1 1 1 ];
presentations = [1 2 3 4 5 6 7 8 9 10 11 12 13 14 15 16 17 18 19 20 ];
answers = [4 0 5 5 2 2 4 1 5 0 2 2 5 1 2 4 1 3 5 2 ];
adjustments = [-6 10 -5 -2.5 0.5 0.5 -1.5 1.5 -2.5 2.5 0.5 0.5 -2.5 1.5 0.5 -1.5 1.5 -0.5 -2.5 0.5 ];
sentences = {'48835' '31601' '15149' '22586' '30757' '41634' '74972' '59026' '68819' '90790' '03262' '99308' '55025' '77974' '66553' '16140' '82487' '24318' '03491' '87263' };
offsets = [32757 39866 9603 16365 3807 21564 8303 14408 38361 10102 15467 21972 1427 7819 15572 28 27780 2239 9220 1033 ];

