target=0.50;discardreversals=2;startvalue=0.00;steps=[4  2  1];selfservice=0;
threshold = [-1.50 ];
values = [0.00 10.00 0.00 1.00 3.50 1.00 -1.50 -1.00 0.50 -2.00 -1.50 0.00 -1.50 0.00 -2.50 -1.00 -3.50 -1.00 -2.50 -2.00 ];
reversals = [0 -1 1 0 -1 0 1 0 -1 1 0 -1 1 -1 1 -1 1 -1 1 -1 ];
measures = [0 0 0 0 1 1 1 1 1 1 1 1 1 1 1 1 1 1 1 1 ];
presentations = [1 2 3 4 5 6 7 8 9 10 11 12 13 14 15 16 17 18 19 20 ];
answers = [0 5 2 0 5 5 2 1 5 2 1 4 1 5 1 5 0 4 2 5 ];
adjustments = [10 -10 1 2.5 -2.5 -2.5 0.5 1.5 -2.5 0.5 1.5 -1.5 1.5 -2.5 1.5 -2.5 2.5 -1.5 0.5 -2.5 ];
sentences = {'18502' '95162' '29744' '78835' '82009' '63558' '10681' '07970' '05413' '51779' '67850' '80338' '51417' '46393' '43285' '94067' '34226' '72141' '39994' '26626' };
offsets = [22656 3645 8688 9501 388 2260 10283 32272 23171 12708 7227 20285 20189 10677 16132 26381 13499 5758 21599 33309 ];

