target=0.50;discardreversals=2;startvalue=0.00;steps=[4  2  1];selfservice=0;
threshold = [-6.75 ];
values = [0.00 -6.00 0.00 -5.00 -4.50 -6.00 -5.50 -6.00 -6.50 -9.00 -7.50 -9.00 -6.50 -8.00 -6.50 -9.00 -8.50 -8.00 -7.50 -7.00 ];
reversals = [0 1 -1 1 -1 1 -1 0 0 1 -1 1 -1 1 -1 1 0 0 0 -1 ];
measures = [0 0 0 1 1 1 1 1 1 1 1 1 1 1 1 1 1 1 1 1 ];
presentations = [1 2 3 4 5 6 7 8 9 10 11 12 13 14 15 16 17 18 19 20 ];
answers = [4 1 5 2 4 2 3 3 5 1 4 0 4 1 5 2 2 2 2 4 ];
adjustments = [-6 6 -5 0.5 -1.5 0.5 -0.5 -0.5 -2.5 1.5 -1.5 2.5 -1.5 1.5 -2.5 0.5 0.5 0.5 0.5 -1.5 ];
sentences = {'87470' '11755' '44529' '54841' '51195' '22336' '08168' '37886' '15952' '23448' '68271' '02737' '36514' '76600' '69009' '90013' '45923' '89364' '93692' '70287' };
offsets = [3051088 2055195 514740 2682933 1698990 3954481 2804432 4696771 2585071 2848264 1052619 4143729 1404141 4202881 1310581 2024729 994647 3097229 1040552 171036 ];

