target=0.50;discardreversals=2;startvalue=0.00;steps=[4  2  1];selfservice=0;
threshold = [-10.50 ];
values = [0.00 -10.00 -8.00 -11.00 -10.50 -8.00 -10.50 -9.00 -10.50 -10.00 -10.50 -13.00 -11.50 -13.00 -14.50 -15.00 -14.50 -13.00 -12.50 -12.00 ];
reversals = [0 1 -1 1 0 -1 1 -1 1 -1 0 1 -1 0 0 1 0 0 0 0 ];
measures = [0 0 0 1 1 1 1 1 1 1 1 1 1 1 1 1 1 1 1 1 ];
presentations = [1 2 3 4 5 6 7 8 9 10 11 12 13 14 15 16 17 18 19 20 ];
answers = [5 2 4 2 0 5 1 4 2 3 5 1 4 4 3 2 1 2 2 0 ];
adjustments = [-10 2 -3 0.5 2.5 -2.5 1.5 -1.5 0.5 -0.5 -2.5 1.5 -1.5 -1.5 -0.5 0.5 1.5 0.5 0.5 2.5 ];
sentences = {'69009' '87470' '76600' '70287' '11755' '51195' '37886' '02737' '08168' '68271' '45923' '90013' '15952' '54841' '22336' '44529' '36514' '93692' '23448' '89364' };
offsets = [868534 443163 309983 3884711 758630 1051288 282086 2261134 2741339 2914923 130983 976981 1597302 2011198 855909 929333 3320900 4168166 3567602 2402317 ];

