target=0.50;discardreversals=2;startvalue=0.00;steps=[4  2  1];selfservice=0;
threshold = [-27.75 ];
values = [5.00 -5.00 -15.00 -25.00 -35.00 -25.00 -30.00 -32.50 -30.00 -27.50 -28.00 -25.50 -26.00 -26.50 -29.00 -31.50 -29.00 -28.50 -27.00 -29.50 ];
reversals = [0 0 0 0 1 -1 0 1 0 -1 1 -1 0 0 0 1 0 0 -1 0 ];
measures = [0 0 0 0 0 0 0 1 1 1 1 1 1 1 1 1 1 1 1 1 ];
presentations = [1 2 3 4 5 6 7 8 9 10 11 12 13 14 15 16 17 18 19 20 ];
answers = [5 5 5 5 0 5 5 0 0 3 0 3 3 5 5 0 2 1 5 5 ];
adjustments = [-10 -10 -10 -10 10 -5 -2.5 2.5 2.5 -0.5 2.5 -0.5 -0.5 -2.5 -2.5 2.5 0.5 1.5 -2.5 -2.5 ];
sentences = {'68271' '22586' '41634' '76600' '44529' '99308' '90013' '89364' '16140' '15952' '03491' '74972' '51195' '68819' '02737' '37886' '87263' '23448' '30757' '55025' };
offsets = [10876 3614 26565 32443 75028 52328 27575 64145 44462 20577 58916 54 22305 15256 28158 24874 57671 11635 9465 63939 ];

