target=0.50;discardreversals=2;startvalue=0.00;steps=[4  2  1];selfservice=0;
threshold = [-3.00 ];
values = [0.00 2.00 -4.00 -1.00 -3.50 -3.00 -5.50 -4.00 -1.50 -4.00 -2.50 -3.00 -2.50 -3.00 -1.50 -1.00 -3.50 -3.00 -5.50 -4.00 ];
reversals = [0 -1 1 -1 1 -1 1 0 -1 1 -1 1 -1 1 0 -1 1 -1 1 0 ];
measures = [0 0 0 1 1 1 1 1 1 1 1 1 1 1 1 1 1 1 1 1 ];
presentations = [1 2 3 4 5 6 7 8 9 10 11 12 13 14 15 16 17 18 19 20 ];
answers = [2 4 1 5 2 5 1 0 5 1 3 2 3 1 2 5 2 5 1 1 ];
adjustments = [2 -6 3 -2.5 0.5 -2.5 1.5 2.5 -2.5 1.5 -0.5 0.5 -0.5 1.5 0.5 -2.5 0.5 -2.5 1.5 1.5 ];
sentences = {'34994' '86800' '74972' '47173' '41634' '92629' '51437' '30757' '68819' '65555' '23081' '87263' '99308' '18348' '09216' '55025' '16140' '22586' '03491' '70762' };
offsets = [7976 28255 8595 27501 11871 6289 7781 4273 5429 10075 21704 21797 16461 13125 4823 12443 12788 25084 22522 623 ];

