target=0.50;discardreversals=2;startvalue=0.00;steps=[4  2  1];selfservice=0;
threshold = [-9.00 ];
values = [0.00 -6.00 -12.00 -18.00 -8.00 -7.00 -8.00 -8.50 -8.00 -6.50 -9.00 -8.50 -8.00 -7.50 -7.00 -7.50 -9.00 -10.50 -9.00 -11.50 ];
reversals = [0 0 0 1 0 -1 0 1 0 -1 1 0 0 0 -1 0 0 1 -1 1 ];
measures = [0 0 0 0 0 0 0 1 1 1 1 1 1 1 1 1 1 1 1 1 ];
presentations = [1 2 3 4 5 6 7 8 9 10 11 12 13 14 15 16 17 18 19 20 ];
answers = [4 4 4 0 2 3 3 2 1 5 2 2 2 2 3 4 4 1 5 2 ];
adjustments = [-6 -6 -6 10 1 -1 -0.5 0.5 1.5 -2.5 0.5 0.5 0.5 0.5 -0.5 -1.5 -1.5 1.5 -2.5 0.5 ];
sentences = {'86800' '18502' '26626' '72141' '34994' '18348' '09216' '80338' '43285' '51437' '94067' '23081' '65555' '47173' '70762' '92629' '39994' '67850' '51779' '05413' };
offsets = [728848 2810752 1393916 24363 2821658 3169075 1568829 4317010 2804445 1679249 337905 415513 3250447 2053571 3135952 258775 423757 3468743 1533131 3109230 ];

