target=0.50;discardreversals=2;startvalue=0.00;steps=[4  2  1];selfservice=0;
threshold = [-5.50 ];
values = [0.00 2.00 -8.00 -3.00 -2.50 -5.00 -6.50 -4.00 -6.50 -7.00 -7.50 -8.00 -5.50 -6.00 -6.50 -8.00 -6.50 -6.00 -5.50 -6.00 ];
reversals = [0 -1 1 0 -1 0 1 -1 0 0 0 1 -1 0 0 1 0 0 -1 0 ];
measures = [0 0 0 0 1 1 1 1 1 1 1 1 1 1 1 1 1 1 1 1 ];
presentations = [1 2 3 4 5 6 7 8 9 10 11 12 13 14 15 16 17 18 19 20 ];
answers = [2 5 0 2 5 4 0 5 3 3 3 0 3 3 4 1 2 2 3 3 ];
adjustments = [2 -10 5 0.5 -2.5 -1.5 2.5 -2.5 -0.5 -0.5 -0.5 2.5 -0.5 -0.5 -1.5 1.5 0.5 0.5 -0.5 -0.5 ];
sentences = {'31601' '09216' '86800' '23081' '51437' '18348' '70762' '59026' '48835' '24318' '47173' '90790' '92629' '82487' '34994' '03262' '77974' '66553' '65555' '15149' };
offsets = [3677083 4512931 4329087 1130678 28958 858042 1836149 4617531 1420344 1878455 3780118 1862025 622309 3655062 2209217 1829955 2154053 814588 438012 537145 ];

