target=0.50;discardreversals=2;startvalue=0.00;steps=[4  2  1];selfservice=0;
threshold = [-2.75 ];
values = [0.00 -10.00 0.00 -5.00 -4.50 -2.00 -4.50 -2.00 -2.50 -3.00 -2.50 -3.00 -5.50 -5.00 -2.50 -1.00 -1.50 -3.00 -3.50 -2.00 ];
reversals = [0 1 -1 1 0 -1 1 -1 0 1 -1 0 1 0 0 -1 0 0 1 -1 ];
measures = [0 0 0 1 1 1 1 1 1 1 1 1 1 1 1 1 1 1 1 1 ];
presentations = [1 2 3 4 5 6 7 8 9 10 11 12 13 14 15 16 17 18 19 20 ];
answers = [5 0 5 2 0 5 0 3 3 2 3 5 2 0 1 3 4 3 1 3 ];
adjustments = [-10 10 -5 0.5 2.5 -2.5 2.5 -0.5 -0.5 0.5 -0.5 -2.5 0.5 2.5 1.5 -0.5 -1.5 -0.5 1.5 -0.5 ];
sentences = {'66553' '07970' '51417' '03262' '82487' '46393' '34226' '95162' '48835' '29744' '24318' '63558' '78835' '77974' '10681' '31601' '59026' '90790' '15149' '82009' };
offsets = [22305 7415 13790 32584 2105 11143 2633 10789 21719 456 486 6190 10580 22794 16004 13714 12249 21 680 24249 ];

