target=0.50;discardreversals=2;startvalue=0.00;steps=[4  2  1];selfservice=0;
threshold = [-28.00 ];
values = [5.00 -5.00 -15.00 -25.00 -15.00 -20.00 -22.50 -25.00 -27.50 -28.00 -26.50 -28.00 -27.50 -26.00 -26.50 -28.00 -27.50 -28.00 -29.50 -27.00 ];
reversals = [0 0 0 1 -1 0 0 0 0 1 -1 1 0 -1 0 1 -1 0 1 0 ];
measures = [0 0 0 0 0 0 0 0 0 1 1 1 1 1 1 1 1 1 1 1 ];
presentations = [1 2 3 4 5 6 7 8 9 10 11 12 13 14 15 16 17 18 19 20 ];
answers = [5 5 5 0 5 5 5 5 3 1 4 2 1 3 4 2 3 4 0 1 ];
adjustments = [-10 -10 -10 10 -5 -2.5 -2.5 -2.5 -0.5 1.5 -1.5 0.5 1.5 -0.5 -1.5 0.5 -0.5 -1.5 2.5 1.5 ];
sentences = {'92629' '52277' '24621' '18314' '47173' '18348' '00456' '70762' '47048' '34994' '09216' '33980' '86800' '95569' '61793' '65555' '23081' '76802' '89135' '51437' };
offsets = [89890 67353 64539 13981 28693 39117 50066 7820 35079 22664 56899 65438 86569 23573 68309 32403 55958 86027 22280 53312 ];

