target=0.50;discardreversals=2;startvalue=0.00;steps=[4  2  1];selfservice=0;
threshold = [-2.75 ];
values = [0.00 -10.00 0.00 -5.00 -2.50 -3.00 -1.50 -4.00 -1.50 -3.00 -3.50 -3.00 -0.50 -2.00 -3.50 -1.00 1.50 -1.00 -3.50 -1.00 ];
reversals = [0 1 -1 1 -1 1 -1 1 -1 0 1 0 -1 0 1 0 -1 0 1 -1 ];
measures = [0 0 0 1 1 1 1 1 1 1 1 1 1 1 1 1 1 1 1 1 ];
presentations = [1 2 3 4 5 6 7 8 9 10 11 12 13 14 15 16 17 18 19 20 ];
answers = [5 0 5 0 3 1 5 0 4 3 2 0 4 4 0 0 5 5 0 5 ];
adjustments = [-10 10 -5 2.5 -0.5 1.5 -2.5 2.5 -1.5 -0.5 0.5 2.5 -1.5 -1.5 2.5 2.5 -2.5 -2.5 2.5 -2.5 ];
sentences = {'51437' '90013' '92629' '15952' '23448' '89364' '09216' '76600' '23081' '47173' '02737' '18348' '34994' '51195' '65555' '44529' '68271' '70762' '86800' '37886' };
offsets = [19462 18528 32232 368 1762 5013 24848 14026 1073 7508 20577 18782 22 20377 103 7267 21858 558 31280 21970 ];

