target=0.50;discardreversals=2;startvalue=0.00;steps=[4  2  1];selfservice=0;
threshold = [0.00 ];
values = [0.00 10.00 0.00 5.00 2.50 0.00 -2.50 0.00 -2.50 0.00 0.50 2.00 3.50 1.00 1.50 -1.00 -2.50 -1.00 -2.50 0.00 ];
reversals = [0 -1 1 -1 0 0 1 -1 1 0 0 0 -1 1 -1 0 1 -1 1 -1 ];
measures = [0 0 0 1 1 1 1 1 1 1 1 1 1 1 1 1 1 1 1 1 ];
presentations = [1 2 3 4 5 6 7 8 9 10 11 12 13 14 15 16 17 18 19 20 ];
answers = [0 5 0 5 5 5 0 5 0 2 1 1 5 2 5 4 1 4 0 4 ];
adjustments = [10 -10 5 -2.5 -2.5 -2.5 2.5 -2.5 2.5 0.5 1.5 1.5 -2.5 0.5 -2.5 -1.5 1.5 -1.5 2.5 -1.5 ];
sentences = {'82009' '33528' '46393' '78835' '77705' '21080' '34226' '44697' '98162' '06251' '69444' '95162' '07970' '51417' '12339' '63558' '29744' '10681' '85813' '50976' };
offsets = [8440 18689 32013 1393 14419 26582 21093 12436 24975 34643 24689 626 19713 19205 11157 27038 3874 12529 9085 6550 ];

