target=0.50;discardreversals=2;startvalue=0.00;steps=[4  2  1];selfservice=0;
threshold = [-6.00 ];
values = [0.00 -10.00 0.00 -5.00 -6.50 -4.00 -3.50 -3.00 -3.50 -5.00 -5.50 -6.00 -5.50 -6.00 -5.50 -7.00 -6.50 -6.00 -6.50 -7.00 ];
reversals = [0 1 -1 0 1 0 0 -1 0 0 0 1 -1 1 -1 1 0 -1 0 0 ];
measures = [0 0 0 0 1 1 1 1 1 1 1 1 1 1 1 1 1 1 1 1 ];
presentations = [1 2 3 4 5 6 7 8 9 10 11 12 13 14 15 16 17 18 19 20 ];
answers = [5 0 5 4 0 2 2 3 4 3 3 2 3 2 4 2 2 3 3 3 ];
adjustments = [-10 10 -5 -1.5 2.5 0.5 0.5 -0.5 -1.5 -0.5 -0.5 0.5 -0.5 0.5 -1.5 0.5 0.5 -0.5 -0.5 -0.5 ];
sentences = {'63558' '29744' '67850' '34226' '78835' '18502' '95162' '43285' '51779' '05413' '46393' '51417' '26626' '82009' '10681' '72141' '39994' '80338' '94067' '07970' };
offsets = [2037595 3666418 2538050 4301974 1922857 364891 2869050 3673996 4573971 543570 1935777 927272 3675842 3316846 2727888 2932679 1200018 626074 1682588 965545 ];

