target=0.50;discardreversals=2;startvalue=0.00;steps=[4  2  1];selfservice=0;
threshold = [-4.50 ];
values = [0.00 10.00 8.00 3.00 -2.00 -3.00 2.00 1.50 -1.00 -1.50 -3.00 -3.50 -6.00 -3.50 -6.00 -3.50 -2.00 -2.50 -3.00 -5.50 ];
reversals = [0 -1 0 0 0 1 -1 0 0 0 0 0 1 -1 1 0 -1 0 0 1 ];
measures = [0 0 0 0 0 0 1 1 1 1 1 1 1 1 1 1 1 1 1 1 ];
presentations = [1 2 3 4 5 6 7 8 9 10 11 12 13 14 15 16 17 18 19 20 ];
answers = [0 3 5 5 3 0 3 5 3 4 3 5 0 5 0 1 3 3 5 0 ];
adjustments = [10 -2 -5 -5 -1 5 -0.5 -2.5 -0.5 -1.5 -0.5 -2.5 2.5 -2.5 2.5 1.5 -0.5 -0.5 -2.5 2.5 ];
sentences = {'86800' '89364' '44529' '18348' '37886' '70762' '51437' '51195' '23448' '47173' '76600' '92629' '02737' '23081' '09216' '15952' '34994' '65555' '90013' '68271' };
offsets = [6659 23720 16815 14671 17957 735 10997 3116 18016 29717 22456 11245 19247 13081 44891 9196 13711 5549 18232 6571 ];

