target=0.50;discardreversals=2;startvalue=0.00;steps=[4  2  1];selfservice=0;
threshold = [-23.50 ];
values = [5.00 -5.00 -15.00 -25.00 -27.00 -17.00 -20.00 -22.50 -23.00 -24.50 -22.00 -24.50 -22.00 -23.50 -23.00 -24.50 -22.00 -24.50 -22.00 -24.50 ];
reversals = [0 0 0 0 1 -1 0 0 0 1 -1 1 -1 1 -1 1 -1 1 -1 1 ];
measures = [0 0 0 0 0 0 0 0 0 1 1 1 1 1 1 1 1 1 1 1 ];
presentations = [1 2 3 4 5 6 7 8 9 10 11 12 13 14 15 16 17 18 19 20 ];
answers = [5 5 5 3 0 4 5 3 4 0 5 0 4 2 4 0 5 0 5 1 ];
adjustments = [-10 -10 -10 -2 10 -3 -2.5 -0.5 -1.5 2.5 -2.5 2.5 -1.5 0.5 -1.5 2.5 -2.5 2.5 -2.5 1.5 ];
sentences = {'90790' '31601' '52988' '87713' '48835' '59026' '82487' '29394' '66553' '03262' '48832' '91451' '70565' '77974' '35209' '14040' '24318' '15149' '66127' '03676' };
offsets = [14674 75589 23150 48724 92423 78549 26979 28174 8696 11003 7492 42383 79796 44750 25308 2909 27873 17478 43459 73636 ];

