target=0.50;discardreversals=2;startvalue=0.00;steps=[4  2  1];selfservice=0;
threshold = [-13.75 ];
values = [0.00 -10.00 -8.00 -11.00 -11.50 -14.00 -14.50 -13.00 -10.50 -13.00 -13.50 -13.00 -13.50 -14.00 -16.50 -14.00 -14.50 -14.00 -11.50 -9.00 ];
reversals = [0 1 -1 0 0 0 1 0 -1 0 1 -1 0 0 1 -1 1 0 0 -1 ];
measures = [0 0 0 0 0 0 1 1 1 1 1 1 1 1 1 1 1 1 1 1 ];
presentations = [1 2 3 4 5 6 7 8 9 10 11 12 13 14 15 16 17 18 19 20 ];
answers = [5 2 4 3 5 3 1 0 5 3 2 3 3 5 0 3 2 0 0 3 ];
adjustments = [-10 2 -3 -0.5 -2.5 -0.5 1.5 2.5 -2.5 -0.5 0.5 -0.5 -0.5 -2.5 2.5 -0.5 0.5 2.5 2.5 -0.5 ];
sentences = {'14040' '70565' '48832' '29394' '90790' '91451' '24318' '77974' '31601' '59026' '87713' '66127' '66553' '52988' '48835' '82487' '35209' '15149' '03676' '03262' };
offsets = [2589720 1146034 4151268 2791566 1088538 858763 2747016 3824136 3944568 3861608 929680 2095264 4574259 3043294 4278127 4516758 3616026 501899 3203278 740873 ];

