target=0.50;discardreversals=2;startvalue=0.00;steps=[4  2  1];selfservice=0;
threshold = [-4.25 ];
values = [0.00 -10.00 0.00 -5.00 -4.50 -6.00 -6.50 -4.00 -2.50 -3.00 -3.50 -2.00 -4.50 -4.00 -5.50 -3.00 -4.50 -4.00 -1.50 -3.00 ];
reversals = [0 1 -1 1 -1 0 1 0 -1 0 1 -1 1 -1 1 -1 1 0 -1 0 ];
measures = [0 0 0 1 1 1 1 1 1 1 1 1 1 1 1 1 1 1 1 1 ];
presentations = [1 2 3 4 5 6 7 8 9 10 11 12 13 14 15 16 17 18 19 20 ];
answers = [5 0 5 2 4 3 0 1 3 3 1 5 2 4 0 4 2 0 4 3 ];
adjustments = [-10 10 -5 0.5 -1.5 -0.5 2.5 1.5 -0.5 -0.5 1.5 -2.5 0.5 -1.5 2.5 -1.5 0.5 2.5 -1.5 -0.5 ];
sentences = {'34226' '48832' '46393' '29394' '35209' '10681' '29744' '14040' '03676' '52988' '95162' '63558' '78835' '82009' '51417' '07970' '70565' '66127' '87713' '91451' };
offsets = [24420 23399 26777 12644 11848 15792 6718 11403 25017 7005 493 5758 24424 8543 22198 19789 5661 15184 9683 29428 ];

