target=0.50;discardreversals=2;startvalue=0.00;steps=[4  2  1];selfservice=0;
threshold = [-3.75 ];
values = [0.00 -10.00 0.00 1.00 -4.00 -1.50 -4.00 -4.50 -4.00 -3.50 -3.00 -4.50 -3.00 -2.50 -4.00 -3.50 -6.00 -3.50 -5.00 -2.50 ];
reversals = [0 1 0 -1 1 -1 0 1 0 0 -1 1 0 -1 1 -1 1 -1 1 -1 ];
measures = [0 0 0 0 1 1 1 1 1 1 1 1 1 1 1 1 1 1 1 1 ];
presentations = [1 2 3 4 5 6 7 8 9 10 11 12 13 14 15 16 17 18 19 20 ];
answers = [5 0 2 5 0 5 3 2 2 2 4 1 2 4 2 5 0 4 0 4 ];
adjustments = [-10 10 1 -5 2.5 -2.5 -0.5 0.5 0.5 0.5 -1.5 1.5 0.5 -1.5 0.5 -2.5 2.5 -1.5 2.5 -1.5 ];
sentences = {'21080' '68271' '12339' '85813' '77705' '90013' '50976' '15952' '06251' '37886' '44529' '98162' '51195' '23448' '76600' '33528' '02737' '69444' '89364' '44697' };
offsets = [9625 11065 6055 21066 3470 12773 14739 1625 44893 14660 1404 1464 11379 19023 13980 18175 12080 15723 16203 26075 ];

