target=0.50;discardreversals=2;startvalue=0.00;steps=[4  2  1];selfservice=0;
threshold = [-4.00 ];
values = [0.00 -6.00 4.00 -1.00 -3.50 -4.00 -5.50 -7.00 -4.50 -3.00 -3.50 -6.00 -4.50 -4.00 -1.50 -4.00 -2.50 -5.00 -6.50 -6.00 ];
reversals = [0 1 -1 0 0 0 0 1 0 -1 0 1 0 0 -1 1 -1 0 1 0 ];
measures = [0 0 0 0 0 0 0 1 1 1 1 1 1 1 1 1 1 1 1 1 ];
presentations = [1 2 3 4 5 6 7 8 9 10 11 12 13 14 15 16 17 18 19 20 ];
answers = [4 0 5 5 3 4 4 0 1 3 5 1 2 0 5 1 5 4 2 0 ];
adjustments = [-6 10 -5 -2.5 -0.5 -1.5 -1.5 2.5 1.5 -0.5 -2.5 1.5 0.5 2.5 -2.5 1.5 -2.5 -1.5 0.5 2.5 ];
sentences = {'78835' '16140' '46393' '99308' '41634' '07970' '10681' '34226' '95162' '74972' '55025' '63558' '22586' '87263' '03491' '30757' '82009' '29744' '51417' '68819' };
offsets = [11923 18911 21841 10038 16483 23701 7961 23316 1539 19759 17831 26103 5131 8499 40928 4160 15226 1951 13017 12243 ];

