target=0.50;discardreversals=2;startvalue=0.00;steps=[4  2  1];selfservice=0;
threshold = [0.75 ];
values = [0.00 6.00 -4.00 1.00 -1.50 0.00 1.50 0.00 0.50 1.00 0.50 3.00 2.50 2.00 1.50 0.00 -0.50 -1.00 -1.50 -2.00 ];
reversals = [0 -1 1 -1 1 0 -1 1 0 -1 1 -1 0 0 0 0 0 0 0 1 ];
measures = [0 0 0 1 1 1 1 1 1 1 1 1 1 1 1 1 1 1 1 1 ];
presentations = [1 2 3 4 5 6 7 8 9 10 11 12 13 14 15 16 17 18 19 20 ];
answers = [1 5 0 5 1 1 4 2 2 3 0 3 3 3 4 3 3 3 3 1 ];
adjustments = [6 -10 5 -2.5 1.5 1.5 -1.5 0.5 0.5 -0.5 2.5 -0.5 -0.5 -0.5 -1.5 -0.5 -0.5 -0.5 -0.5 1.5 ];
sentences = {'22336' '47048' '54841' '18314' '24621' '33980' '93692' '36514' '11755' '00456' '76802' '87470' '89135' '70287' '61793' '45923' '08168' '52277' '69009' '95569' };
offsets = [21960 22218 12554 16545 8141 19449 23137 35135 15201 4976 32210 16773 10290 6700 16303 13342 23240 17495 26867 3833 ];

