target=0.50;discardreversals=2;startvalue=0.00;steps=[4  2  1];selfservice=0;
threshold = [-1.25 ];
values = [5.00 -5.00 1.00 -4.00 -1.50 -1.00 -3.50 -4.00 -3.50 -1.00 -1.50 -1.00 -0.50 -2.00 -1.50 0.00 -2.50 -1.00 -3.50 -1.00 ];
reversals = [0 1 -1 1 0 -1 0 1 0 -1 1 0 -1 1 0 -1 1 -1 1 -1 ];
measures = [0 0 0 1 1 1 1 1 1 1 1 1 1 1 1 1 1 1 1 1 ];
presentations = [1 2 3 4 5 6 7 8 9 10 11 12 13 14 15 16 17 18 19 20 ];
answers = [5 1 5 0 2 5 3 2 0 3 2 2 4 2 1 5 1 5 0 4 ];
adjustments = [-10 6 -5 2.5 0.5 -2.5 -0.5 0.5 2.5 -0.5 0.5 0.5 -1.5 0.5 1.5 -2.5 1.5 -2.5 2.5 -1.5 ];
sentences = {'92629' '03262' '65555' '86800' '90790' '24318' '18348' '15149' '47173' '09216' '77974' '70762' '48835' '23081' '34994' '66553' '82487' '59026' '31601' '51437' };
offsets = [85199 10397 32070 6459 44057 67535 65285 21983 27786 37007 38855 43232 86975 25638 84919 4773 59021 2914 49080 3801 ];

