target=0.50;discardreversals=2;startvalue=0.00;steps=[4  2  1];selfservice=0;
threshold = [-6.50 ];
values = [0.00 -6.00 4.00 1.00 0.50 -2.00 -2.50 -4.00 -6.50 -6.00 -5.50 -5.00 -6.50 -8.00 -6.50 -7.00 -5.50 -7.00 -7.50 -8.00 ];
reversals = [0 1 -1 0 0 0 0 0 1 0 0 -1 0 1 -1 1 -1 0 0 1 ];
measures = [0 0 0 0 0 0 0 0 1 1 1 1 1 1 1 1 1 1 1 1 ];
presentations = [1 2 3 4 5 6 7 8 9 10 11 12 13 14 15 16 17 18 19 20 ];
answers = [4 0 4 3 5 3 4 5 2 2 2 4 4 1 3 1 4 3 3 1 ];
adjustments = [-6 10 -3 -0.5 -2.5 -0.5 -1.5 -2.5 0.5 0.5 0.5 -1.5 -1.5 1.5 -0.5 1.5 -1.5 -0.5 -0.5 1.5 ];
sentences = {'91451' '36514' '11755' '45923' '93692' '54841' '70287' '48832' '70565' '87470' '22336' '52988' '69009' '66127' '29394' '87713' '03676' '35209' '14040' '08168' };
offsets = [1699522 4094703 4086623 2635686 2033316 3583671 1300390 2777010 430971 2316534 463731 3136748 3598548 1650051 3116840 2180146 576778 3912272 1404251 1890960 ];

