target=0.50;discardreversals=2;startvalue=0.00;steps=[4  2  1];selfservice=0;
threshold = [1.50 ];
values = [0.00 -6.00 4.00 3.00 0.50 1.00 0.50 2.00 2.50 3.00 2.50 4.00 3.50 3.00 0.50 2.00 0.50 -1.00 -0.50 2.00 ];
reversals = [0 1 -1 0 1 -1 1 0 0 -1 1 -1 0 0 1 -1 0 1 0 -1 ];
measures = [0 0 0 0 1 1 1 1 1 1 1 1 1 1 1 1 1 1 1 1 ];
presentations = [1 2 3 4 5 6 7 8 9 10 11 12 13 14 15 16 17 18 19 20 ];
answers = [4 0 3 5 2 3 1 2 2 3 1 3 3 5 1 4 4 2 0 4 ];
adjustments = [-6 10 -1 -2.5 0.5 -0.5 1.5 0.5 0.5 -0.5 1.5 -0.5 -0.5 -2.5 1.5 -1.5 -1.5 0.5 2.5 -1.5 ];
sentences = {'08168' '70287' '87713' '69009' '29394' '54841' '52988' '03676' '93692' '36514' '91451' '45923' '14040' '66127' '11755' '35209' '87470' '22336' '48832' '70565' };
offsets = [3297000 589266 3244420 3353914 3023915 1372400 3827732 123264 2816687 938141 3814621 4034764 1227112 3096461 744852 109115 2114059 4014904 54517 2584128 ];

