target=0.50;discardreversals=2;startvalue=0.00;steps=[4  2  1];selfservice=0;
threshold = [-0.50 ];
values = [0.00 6.00 16.00 26.00 36.00 46.00 36.00 31.00 28.00 23.00 20.00 15.00 10.00 9.00 4.00 -1.00 -6.00 -1.00 -0.50 -3.00 ];
reversals = [0 0 0 0 0 -1 0 0 0 0 0 0 0 0 0 0 1 0 -1 0 ];
measures = [0 0 0 0 0 0 0 0 0 0 0 0 0 0 0 0 0 0 1 1 ];
presentations = [1 2 3 4 5 6 7 8 9 10 11 12 13 14 15 16 17 18 19 20 ];
answers = [1 0 0 0 0 5 5 4 5 4 5 5 3 5 5 5 0 2 5 4 ];
adjustments = [6 10 10 10 10 -10 -5 -3 -5 -3 -5 -5 -1 -5 -5 -5 5 0.5 -2.5 -1.5 ];
sentences = {'51417' '21080' '95162' '50976' '07970' '33528' '46393' '44697' '10681' '77705' '82009' '29744' '78835' '63558' '98162' '12339' '34226' '85813' '06251' '69444' };
offsets = [4911 22375 4744 15863 29337 14523 43241 16887 14221 9371 8388 4428 5672 20362 21986 13258 22766 6538 23070 6658 ];

