target=0.50;discardreversals=2;startvalue=0.00;steps=[4  2  1];selfservice=0;
threshold = [0.50 ];
values = [0.00 6.00 -4.00 1.00 0.50 -1.00 0.50 0.00 0.50 0.00 -0.50 -1.00 -0.50 1.00 -0.50 -2.00 0.50 0.00 -0.50 2.00 ];
reversals = [0 -1 1 -1 0 1 -1 1 -1 0 0 1 0 -1 0 1 -1 0 1 -1 ];
measures = [0 0 0 1 1 1 1 1 1 1 1 1 1 1 1 1 1 1 1 1 ];
presentations = [1 2 3 4 5 6 7 8 9 10 11 12 13 14 15 16 17 18 19 20 ];
answers = [1 5 0 3 4 1 3 2 3 3 3 2 1 4 4 0 3 3 0 4 ];
adjustments = [6 -10 5 -0.5 -1.5 1.5 -0.5 0.5 -0.5 -0.5 -0.5 0.5 1.5 -1.5 -1.5 2.5 -0.5 -0.5 2.5 -1.5 ];
sentences = {'85813' '45923' '70287' '21080' '22336' '33528' '77705' '93692' '54841' '69444' '06251' '08168' '50976' '36514' '69009' '11755' '98162' '44697' '12339' '87470' };
offsets = [7336 7628 17447 26094 26748 32916 12135 6928 2314 16520 8288 21683 19781 20895 7176 10888 20473 18097 2755 14630 ];

