target=0.50;discardreversals=2;startvalue=0.00;steps=[4  2  1];selfservice=0;
threshold = [-11.50 ];
values = [5.00 -5.00 -15.00 -5.00 -10.00 -9.50 -10.00 -12.50 -14.00 -16.50 -14.00 -12.50 -12.00 -11.50 -12.00 -10.50 -8.00 -9.50 -10.00 -12.50 ];
reversals = [0 0 1 -1 1 -1 0 0 0 1 0 0 0 -1 1 0 -1 0 0 1 ];
measures = [0 0 0 0 1 1 1 1 1 1 1 1 1 1 1 1 1 1 1 1 ];
presentations = [1 2 3 4 5 6 7 8 9 10 11 12 13 14 15 16 17 18 19 20 ];
answers = [5 5 0 5 2 3 5 4 5 0 1 2 2 3 1 0 4 3 5 2 ];
adjustments = [-10 -10 10 -5 0.5 -0.5 -2.5 -1.5 -2.5 2.5 1.5 0.5 0.5 -0.5 1.5 2.5 -1.5 -0.5 -2.5 0.5 ];
sentences = {'29394' '09216' '48832' '92629' '51437' '87713' '70565' '23081' '52988' '34994' '86800' '18348' '66127' '35209' '14040' '91451' '47173' '03676' '65555' '70762' };
offsets = [23985 97392 1416 3108 51293 4320 51277 64222 22507 28948 91335 46944 38177 18426 42584 98088 40264 57145 64019 41289 ];

