target=0.50;discardreversals=2;startvalue=0.00;steps=[4  2  1];selfservice=0;
threshold = [-1.00 ];
values = [0.00 2.00 -4.00 -1.00 0.50 -1.00 0.50 2.00 -0.50 0.00 0.50 3.00 0.50 -2.00 -1.50 -4.00 -2.50 -4.00 -2.50 -1.00 ];
reversals = [0 -1 1 0 -1 1 0 -1 1 0 0 -1 0 1 -1 1 -1 1 0 -1 ];
measures = [0 0 0 0 1 1 1 1 1 1 1 1 1 1 1 1 1 1 1 1 ];
presentations = [1 2 3 4 5 6 7 8 9 10 11 12 13 14 15 16 17 18 19 20 ];
answers = [2 4 1 1 4 1 1 5 2 2 0 5 5 2 5 1 4 1 1 3 ];
adjustments = [2 -6 3 1.5 -1.5 1.5 1.5 -2.5 0.5 0.5 2.5 -2.5 -2.5 0.5 -2.5 1.5 -1.5 1.5 1.5 -0.5 ];
sentences = {'82009' '92629' '78835' '34994' '29744' '86800' '51417' '51437' '23081' '70762' '18348' '63558' '07970' '34226' '09216' '46393' '65555' '10681' '47173' '95162' };
offsets = [1903578 33939 1387749 3439834 1945973 1947908 2529291 3952197 3187356 707060 1706037 247670 1741488 4751752 1689163 1595324 467092 4332922 3758997 1243053 ];

