target=0.50;discardreversals=2;startvalue=0.00;steps=[4  2  1];selfservice=0;
threshold = [-2.00 ];
values = [0.00 -6.00 4.00 -1.00 -1.50 -1.00 1.50 -1.00 -2.50 0.00 -2.50 -3.00 -2.50 -4.00 -3.50 -1.00 -2.50 -1.00 1.50 2.00 ];
reversals = [0 1 -1 0 1 0 -1 0 1 -1 0 1 -1 1 0 -1 1 0 0 -1 ];
measures = [0 0 0 0 1 1 1 1 1 1 1 1 1 1 1 1 1 1 1 1 ];
presentations = [1 2 3 4 5 6 7 8 9 10 11 12 13 14 15 16 17 18 19 20 ];
answers = [4 0 5 3 2 0 5 4 0 5 3 2 4 2 0 4 1 0 2 5 ];
adjustments = [-6 10 -5 -0.5 0.5 2.5 -2.5 -1.5 2.5 -2.5 -0.5 0.5 -1.5 0.5 2.5 -1.5 1.5 2.5 0.5 -2.5 ];
sentences = {'23081' '36514' '69009' '51437' '93692' '70287' '65555' '86800' '34994' '87470' '70762' '11755' '08168' '47173' '45923' '92629' '09216' '22336' '18348' '54841' };
offsets = [3396573 1354013 4212878 889914 386340 926094 1766676 4557142 297385 4398682 1339179 2345982 1421788 1796465 2419783 4508773 976401 608332 3335478 3618790 ];

