target=0.50;discardreversals=2;startvalue=0.00;steps=[4  2  1];selfservice=0;
threshold = [-0.50 ];
values = [0.00 6.00 0.00 -1.00 2.00 -0.50 0.00 0.50 -2.00 0.50 -1.00 -2.50 -4.00 -2.50 0.00 0.50 1.00 -1.50 -2.00 -1.50 ];
reversals = [0 -1 0 1 -1 1 0 -1 1 -1 0 0 1 0 0 0 -1 0 1 -1 ];
measures = [0 0 0 0 1 1 1 1 1 1 1 1 1 1 1 1 1 1 1 1 ];
presentations = [1 2 3 4 5 6 7 8 9 10 11 12 13 14 15 16 17 18 19 20 ];
answers = [1 4 3 1 5 2 2 5 0 4 4 4 1 0 2 2 5 3 2 4 ];
adjustments = [6 -6 -1 3 -2.5 0.5 0.5 -2.5 2.5 -1.5 -1.5 -1.5 1.5 2.5 0.5 0.5 -2.5 -0.5 0.5 -1.5 ];
sentences = {'78835' '91451' '29394' '48832' '82009' '34226' '35209' '52988' '10681' '07970' '14040' '63558' '51417' '87713' '95162' '29744' '46393' '03676' '66127' '70565' };
offsets = [10732 23358 15406 36739 105 16324 17571 3022 5293 19918 6730 21675 16824 4934 11194 1214 45271 1744 35055 14827 ];

