target=0.50;discardreversals=2;startvalue=0.00;steps=[4  2  1];selfservice=0;
threshold = [-0.75 ];
values = [0.00 -10.00 0.00 -1.00 -0.50 -1.00 0.50 -1.00 -0.50 -2.00 0.50 -1.00 0.50 2.00 4.50 4.00 3.50 1.00 0.50 0.00 ];
reversals = [0 1 -1 1 -1 1 -1 1 -1 1 -1 1 0 0 -1 0 0 0 0 0 ];
measures = [0 0 0 1 1 1 1 1 1 1 1 1 1 1 1 1 1 1 1 1 ];
presentations = [1 2 3 4 5 6 7 8 9 10 11 12 13 14 15 16 17 18 19 20 ];
answers = [5 0 3 2 3 1 4 2 4 0 4 1 1 0 3 3 5 3 3 4 ];
adjustments = [-10 10 -1 0.5 -0.5 1.5 -1.5 0.5 -1.5 2.5 -1.5 1.5 1.5 2.5 -0.5 -0.5 -2.5 -0.5 -0.5 -1.5 ];
sentences = {'29394' '66127' '52988' '70565' '21080' '44697' '14040' '12339' '69444' '87713' '03676' '48832' '98162' '91451' '35209' '77705' '50976' '85813' '06251' '33528' };
offsets = [14039 26345 14380 11332 22387 22118 10785 16743 12349 2231 1004 1925 23886 22925 3167 7046 25443 5602 37782 14645 ];

