target=0.50;discardreversals=2;startvalue=0.00;steps=[4  2  1];selfservice=0;
%parameters=icra1,65,train
threshold = [0.50 ];
values = [0.00 2.00 0.00 -5.00 0.00 2.50 1.00 -1.50 -3.00 -3.50 -1.00 0.50 -2.00 -0.50 2.00 0.50 -2.00 0.50 2.00 0.50 ];
reversals = [0 -1 0 1 0 -1 0 0 0 1 0 -1 1 0 -1 0 1 0 -1 0 ];
measures = [0 0 0 0 0 1 1 1 1 1 1 1 1 1 1 1 1 1 1 1 ];
presentations = [1 2 3 4 5 6 7 8 9 10 11 12 13 14 15 16 17 18 19 20 ];
answers = [2 3 5 0 0 4 5 4 3 0 1 5 1 0 4 5 0 1 4 5 ];
adjustments = [2 -2 -5 5 2.5 -1.5 -2.5 -1.5 -0.5 2.5 1.5 -2.5 1.5 2.5 -1.5 -2.5 2.5 1.5 -1.5 -2.5 ];
sentences = {'61793' '47048' '76802' '51779' '00456' '18502' '94067' '43285' '95569' '39994' '72141' '05413' '52277' '33980' '18314' '26626' '89135' '80338' '67850' '24621' };
offsets = [2425 3199 21163 10428 27690 17445 12412 9602 22000 2011 8755 4356 9368 6956 9704 21971 17119 10790 12095 17873 ];

