target=0.50;discardreversals=2;startvalue=0.00;steps=[4  2  1];selfservice=0;
%parameters=icra1,65,re
threshold = [-3.25 ];
values = [0.00 -10.00 0.00 -5.00 -2.50 -4.00 -1.50 -4.00 -2.50 -3.00 -5.50 -3.00 -3.50 -1.00 -2.50 -3.00 -3.50 -1.00 1.50 0.00 ];
reversals = [0 1 -1 1 -1 1 -1 1 -1 0 1 -1 1 -1 0 0 1 0 -1 0 ];
measures = [0 0 0 1 1 1 1 1 1 1 1 1 1 1 1 1 1 1 1 1 ];
presentations = [1 2 3 4 5 6 7 8 9 10 11 12 13 14 15 16 17 18 19 20 ];
answers = [5 0 5 0 4 0 5 1 3 5 0 3 0 4 3 3 0 0 4 4 ];
adjustments = [-10 10 -5 2.5 -1.5 2.5 -2.5 1.5 -0.5 -2.5 2.5 -0.5 2.5 -1.5 -0.5 -0.5 2.5 2.5 -1.5 -1.5 ];
sentences = {'03262' '48835' '95569' '76802' '24621' '31601' '33980' '18314' '00456' '15149' '47048' '24318' '89135' '59026' '52277' '90790' '66553' '77974' '82487' '61793' };
offsets = [106 37914 19092 29416 7596 11090 24602 11610 33907 3653 510 21110 12262 6537 1399 8981 17351 11179 11840 7814 ];

