target=0.50;discardreversals=2;startvalue=0.00;steps=[4  2  1];selfservice=0;
%parameters=icra5.250,65
threshold = [-9.50 ];
values = [0.00 -10.00 -16.00 -6.00 -9.00 -10.50 -11.00 -8.50 -9.00 -11.50 -12.00 -10.50 -8.00 -9.50 -11.00 -10.50 -9.00 -10.50 -8.00 -9.50 ];
reversals = [0 0 1 -1 0 0 1 -1 0 0 1 0 -1 0 1 0 -1 1 -1 1 ];
measures = [0 0 0 0 0 0 1 1 1 1 1 1 1 1 1 1 1 1 1 1 ];
presentations = [1 2 3 4 5 6 7 8 9 10 11 12 13 14 15 16 17 18 19 20 ];
answers = [5 4 0 4 4 3 0 3 5 3 1 0 4 4 2 1 4 0 4 2 ];
adjustments = [-10 -6 10 -3 -1.5 -0.5 2.5 -0.5 -2.5 -0.5 1.5 2.5 -1.5 -1.5 0.5 1.5 -1.5 2.5 -1.5 0.5 ];
sentences = {'47048' '24621' '00456' '76802' '52277' '33980' '61793' '24318' '90790' '77974' '82487' '89135' '66553' '95569' '59026' '18314' '03262' '48835' '15149' '31601' };
offsets = [3592387 4641414 4018548 327833 2559392 4034717 549037 3429341 3477943 2901813 2784351 1188688 3120398 3545371 4580210 4605386 829918 4768236 888513 4494190 ];

