target=0.50;discardreversals=2;startvalue=0.00;steps=[4  2  1];selfservice=0;
%parameters=babble,65
threshold = [1.00 ];
values = [0.00 10.00 0.00 5.00 2.50 0.00 -1.50 1.00 2.50 1.00 3.50 1.00 0.50 -2.00 0.50 2.00 0.50 1.00 -1.50 -3.00 ];
reversals = [0 -1 1 -1 0 0 1 0 -1 1 -1 0 0 1 0 -1 1 -1 0 1 ];
measures = [0 0 0 1 1 1 1 1 1 1 1 1 1 1 1 1 1 1 1 1 ];
presentations = [1 2 3 4 5 6 7 8 9 10 11 12 13 14 15 16 17 18 19 20 ];
answers = [0 5 0 5 5 4 0 1 4 0 5 3 5 0 1 4 2 5 4 0 ];
adjustments = [10 -10 5 -2.5 -2.5 -1.5 2.5 1.5 -1.5 2.5 -2.5 -0.5 -2.5 2.5 1.5 -1.5 0.5 -2.5 -1.5 2.5 ];
sentences = {'69009' '23448' '22336' '54841' '44529' '45923' '87470' '11755' '76600' '89364' '08168' '37886' '68271' '70287' '51195' '90013' '93692' '15952' '36514' '02737' };
offsets = [28523 26126 9709 12938 15865 9405 17500 4634 33257 29605 16097 10050 16249 11841 21696 19391 26488 11970 4613 3478 ];

