target=0.50;discardreversals=2;startvalue=0.00;steps=[4  2  1];selfservice=0;
%parameters=icra5.250,65,re
threshold = [-8.75 ];
values = [0.00 -10.00 0.00 -5.00 -7.50 -7.00 -6.50 -9.00 -11.50 -13.00 -13.50 -12.00 -9.50 -10.00 -10.50 -11.00 -8.50 -9.00 -8.50 -9.00 ];
reversals = [0 1 -1 0 1 0 -1 0 0 0 1 0 -1 0 0 1 -1 1 -1 0 ];
measures = [0 0 0 0 1 1 1 1 1 1 1 1 1 1 1 1 1 1 1 1 ];
presentations = [1 2 3 4 5 6 7 8 9 10 11 12 13 14 15 16 17 18 19 20 ];
answers = [5 0 5 5 2 2 5 5 4 3 1 0 3 3 3 0 3 2 3 3 ];
adjustments = [-10 10 -5 -2.5 0.5 0.5 -2.5 -2.5 -1.5 -0.5 1.5 2.5 -0.5 -0.5 -0.5 2.5 -0.5 0.5 -0.5 -0.5 ];
sentences = {'16140' '72141' '68819' '94067' '87263' '51779' '55025' '05413' '26626' '22586' '67850' '41634' '43285' '99308' '74972' '80338' '39994' '30757' '18502' '03491' };
offsets = [1434779 604509 2370381 2890676 1103625 4755204 2005569 2220540 329306 3130340 1752694 2500159 3961964 2384969 1605420 4813674 1969250 2374886 1400489 1292005 ];

