target=0.75;minreversals=12;discardreversals=4;minmeasures=14;startvalue=65.00;steps=[8  4  4  2  1];feedback=0;
%parameters=4000, 35
threshold = [69.00 ];
values = [73.00 65.00 89.00 85.00 85.00 81.00 81.00 81.00 77.00 73.00 73.00 69.00 65.00 65.00 65.00 65.00 77.00 75.00 75.00 74.00 73.00 72.00 72.00 72.00 71.00 70.00 70.00 69.00 69.00 72.00 71.00 70.00 69.00 68.00 68.00 67.00 66.00 66.00 69.00 69.00 69.00 68.00 67.00 66.00 69.00 69.00 68.00 68.00 67.00 70.00 70.00 70.00 ];
reversals = [0 1 -1 0 0 0 0 0 0 0 0 0 0 0 0 1 -1 0 0 0 0 0 0 0 0 0 0 0 1 -1 0 0 0 0 0 0 0 1 0 0 -1 0 0 1 0 -1 0 0 1 0 0 -1 ];
measures = [0 0 0 0 0 0 0 0 0 0 0 0 0 0 0 0 0 0 0 0 0 0 0 0 0 0 0 0 1 1 1 1 1 1 1 1 1 1 1 1 1 1 1 1 1 1 1 1 1 1 1 1 ];
presentations = [1 1 1 0 1 0 0 1 1 0 1 1 0 0 0 1 1 0 1 1 1 0 0 1 1 0 1 0 1 1 1 1 1 0 1 1 0 1 0 0 1 1 1 1 0 1 0 1 1 0 0 1 ];
answers = [1 0 1 0 1 0 0 1 1 0 1 1 0 0 0 0 1 0 1 1 1 0 0 1 1 0 1 0 0 1 1 1 1 0 1 1 0 0 0 0 1 1 1 0 0 1 0 1 0 0 0 1 ];
adjustments = [-8 24 -4 0 -4 0 0 -4 -4 0 -4 -4 0 0 0 12 -2 0 -1 -1 -1 0 0 -1 -1 0 -1 0 3 -1 -1 -1 -1 0 -1 -1 0 3 0 0 -1 -1 -1 3 0 -1 0 -1 3 0 0 -1 ];

