target=0.50;discardreversals=2;startvalue=0.00;steps=[4  2  1];selfservice=0;
%parameters=icra5.250,65,train
threshold = [-7.50 ];
values = [0.00 -10.00 0.00 -3.00 -2.50 -4.00 -4.50 -7.00 -7.50 -5.00 -7.50 -6.00 -7.50 -8.00 -6.50 -9.00 -9.50 -11.00 -10.50 -13.00 ];
reversals = [0 1 -1 1 -1 0 0 0 1 -1 1 -1 0 1 -1 0 0 1 -1 1 ];
measures = [0 0 0 1 1 1 1 1 1 1 1 1 1 1 1 1 1 1 1 1 ];
presentations = [1 2 3 4 5 6 7 8 9 10 11 12 13 14 15 16 17 18 19 20 ];
answers = [5 0 4 2 4 3 5 3 0 5 1 4 3 1 5 3 4 2 5 0 ];
adjustments = [-10 10 -3 0.5 -1.5 -0.5 -2.5 -0.5 2.5 -2.5 1.5 -1.5 -0.5 1.5 -2.5 -0.5 -1.5 0.5 -2.5 2.5 ];
sentences = {'98162' '77705' '61793' '89135' '50976' '76802' '33528' '69444' '06251' '95569' '12339' '85813' '21080' '24621' '33980' '44697' '00456' '47048' '52277' '18314' };
offsets = [4048859 3728001 1279810 1032260 819287 4707810 247987 3974092 3723158 2644327 2333385 1742404 3290833 771538 1580616 4012483 2475524 4333441 1076300 170794 ];

