target=0.50;discardreversals=2;startvalue=0.00;steps=[4  2  1];selfservice=0;
%parameters=icra1,65
threshold = [-2.25 ];
values = [0.00 -10.00 0.00 -5.00 -2.50 -3.00 -4.50 -2.00 0.50 1.00 -0.50 -2.00 0.50 -2.00 -3.50 -6.00 -3.50 -1.00 -0.50 -3.00 ];
reversals = [0 1 -1 1 -1 0 1 0 0 -1 0 1 -1 0 0 1 0 0 -1 0 ];
measures = [0 0 0 1 1 1 1 1 1 1 1 1 1 1 1 1 1 1 1 1 ];
presentations = [1 2 3 4 5 6 7 8 9 10 11 12 13 14 15 16 17 18 19 20 ];
answers = [5 0 5 0 3 4 0 0 2 4 4 0 5 4 5 0 0 2 5 5 ];
adjustments = [-10 10 -5 2.5 -0.5 -1.5 2.5 2.5 0.5 -1.5 -1.5 2.5 -2.5 -1.5 -2.5 2.5 2.5 0.5 -2.5 -2.5 ];
sentences = {'94067' '33528' '44697' '72141' '67850' '06251' '51779' '50976' '12339' '69444' '80338' '43285' '21080' '26626' '85813' '39994' '18502' '77705' '98162' '05413' };
offsets = [24620 22493 18347 1528 1113 2322 13667 22292 7167 7665 16184 23795 9741 6845 3285 7781 16136 9703 3315 16596 ];

