target=0.50;discardreversals=2;startvalue=0.00;steps=[4  2  1];selfservice=0;
%parameters=icra1,36
threshold = [-1.00 ];
values = [0.00 10.00 0.00 5.00 2.50 1.00 0.50 -2.00 -0.50 2.00 2.50 1.00 -0.50 -2.00 0.50 -1.00 -2.50 -1.00 -1.50 -1.00 ];
reversals = [0 -1 1 -1 0 0 0 1 0 0 -1 0 0 1 -1 0 1 -1 1 -1 ];
measures = [0 0 0 1 1 1 1 1 1 1 1 1 1 1 1 1 1 1 1 1 ];
presentations = [1 2 3 4 5 6 7 8 9 10 11 12 13 14 15 16 17 18 19 20 ];
answers = [0 5 0 5 4 3 5 1 0 2 4 4 4 0 4 4 1 3 2 5 ];
adjustments = [10 -10 5 -2.5 -1.5 -0.5 -2.5 1.5 2.5 0.5 -1.5 -1.5 -1.5 2.5 -1.5 -1.5 1.5 -0.5 0.5 -2.5 ];
sentences = {'51195' '08168' '22336' '54841' '69009' '45923' '23448' '68271' '11755' '37886' '87470' '93692' '02737' '36514' '76600' '90013' '44529' '70287' '89364' '15952' };
offsets = [10533 26852 18922 10665 7007 21671 27600 35555 2100 14586 8197 29426 12996 4175 21584 13763 5974 14263 19285 3663 ];

