target=0.50;discardreversals=2;startvalue=0.00;steps=[4  2  1];selfservice=0;
%parameters=icra1,46
threshold = [-1.00 ];
values = [0.00 -6.00 4.00 -1.00 1.50 0.00 -2.50 -4.00 -4.50 -3.00 -0.50 -2.00 -0.50 -3.00 -3.50 -5.00 -2.50 -2.00 0.50 -2.00 ];
reversals = [0 1 -1 1 -1 0 0 0 1 0 -1 1 -1 0 0 1 0 0 -1 1 ];
measures = [0 0 0 1 1 1 1 1 1 1 1 1 1 1 1 1 1 1 1 1 ];
presentations = [1 2 3 4 5 6 7 8 9 10 11 12 13 14 15 16 17 18 19 20 ];
answers = [4 0 5 0 4 5 4 3 1 0 4 1 5 3 4 0 2 0 5 0 ];
adjustments = [-6 10 -5 2.5 -1.5 -2.5 -1.5 -0.5 1.5 2.5 -1.5 1.5 -2.5 -0.5 -1.5 2.5 0.5 2.5 -2.5 2.5 ];
sentences = {'03491' '68819' '16140' '31601' '82487' '15149' '77974' '03262' '41634' '30757' '22586' '24318' '66553' '90790' '74972' '87263' '99308' '48835' '55025' '59026' };
offsets = [25257 24399 16917 15315 4525 10307 3274 2451 34582 288 10076 14057 11626 3768 3067 10776 25109 10113 11534 29984 ];

