target=0.50;discardreversals=2;startvalue=0.00;steps=[4  2  1];selfservice=0;
%parameters=quiet,65
threshold = [-37.50 ];
values = [0.00 -10.00 -20.00 -30.00 -36.00 -42.00 -36.00 -37.00 -38.50 -40.00 -40.50 -38.00 -40.50 -42.00 -39.50 -38.00 -36.50 -37.00 -34.50 -35.00 ];
reversals = [0 0 0 0 0 1 -1 0 0 0 1 -1 0 1 0 0 -1 1 -1 0 ];
measures = [0 0 0 0 0 0 0 0 0 0 1 1 1 1 1 1 1 1 1 1 ];
presentations = [1 2 3 4 5 6 7 8 9 10 11 12 13 14 15 16 17 18 19 20 ];
answers = [5 5 5 4 4 1 3 4 4 3 0 5 4 0 1 1 3 0 3 4 ];
adjustments = [-10 -10 -10 -6 -6 6 -1 -1.5 -1.5 -0.5 2.5 -2.5 -1.5 2.5 1.5 1.5 -0.5 2.5 -0.5 -1.5 ];
sentences = {'33528' '08168' '11755' '22336' '70287' '69444' '06251' '69009' '87470' '93692' '36514' '45923' '85813' '98162' '77705' '12339' '44697' '50976' '21080' '54841' };
offsets = [72606 7420 47621 82114 7895 61649 75925 14368 47887 33426 59337 66528 2659 25976 47999 5397 70394 76096 33488 69483 ];

