target=0.50;discardreversals=2;startvalue=0.00;steps=[4  2  1];selfservice=0;
%parameters=icra1,65,re
threshold = [-2.75 ];
values = [0.00 -10.00 0.00 -3.00 -5.50 -3.00 -0.50 -3.00 -4.50 -5.00 -4.50 -2.00 -4.50 -5.00 -2.50 -3.00 -0.50 -2.00 -4.50 -2.00 ];
reversals = [0 1 -1 0 1 0 -1 0 0 1 0 -1 0 1 -1 1 -1 0 1 -1 ];
measures = [0 0 0 0 1 1 1 1 1 1 1 1 1 1 1 1 1 1 1 1 ];
presentations = [1 2 3 4 5 6 7 8 9 10 11 12 13 14 15 16 17 18 19 20 ];
answers = [5 0 4 5 0 0 5 4 3 2 0 5 3 0 3 0 4 5 0 5 ];
adjustments = [-10 10 -3 -2.5 2.5 2.5 -2.5 -1.5 -0.5 0.5 2.5 -2.5 -0.5 2.5 -0.5 2.5 -1.5 -2.5 2.5 -2.5 ];
sentences = {'44697' '33528' '85813' '95569' '12339' '50976' '69444' '00456' '98162' '89135' '77705' '33980' '47048' '18314' '61793' '76802' '21080' '24621' '52277' '06251' };
offsets = [29298 20450 7069 11850 18414 18100 14233 8482 16071 2950 15529 29448 32568 20984 19152 31490 20905 7356 12303 33139 ];

