target=0.50;discardreversals=2;startvalue=0.00;steps=[4  2  1];selfservice=0;
%parameters=icra1,65
threshold = [-4.00 ];
values = [0.00 -6.00 4.00 -1.00 -2.50 -4.00 -2.50 -5.00 -5.50 -4.00 -5.50 -4.00 -2.50 -3.00 -3.50 -4.00 -3.50 -4.00 -3.50 -1.00 ];
reversals = [0 1 -1 0 0 1 -1 0 1 -1 1 0 -1 0 0 1 -1 1 0 -1 ];
measures = [0 0 0 0 0 1 1 1 1 1 1 1 1 1 1 1 1 1 1 1 ];
presentations = [1 2 3 4 5 6 7 8 9 10 11 12 13 14 15 16 17 18 19 20 ];
answers = [4 0 5 4 4 1 5 3 1 4 1 1 3 3 3 2 3 2 0 5 ];
adjustments = [-6 10 -5 -1.5 -1.5 1.5 -2.5 -0.5 1.5 -1.5 1.5 1.5 -0.5 -0.5 -0.5 0.5 -0.5 0.5 2.5 -2.5 ];
sentences = {'65555' '68819' '16140' '87263' '23081' '30757' '18348' '41634' '74972' '22586' '55025' '51437' '03491' '34994' '99308' '47173' '92629' '09216' '86800' '70762' };
offsets = [8285 20430 15845 17263 4753 3264 3187 30331 21069 21597 18973 2448 10660 13687 1044 18641 19678 29770 35464 645 ];

