target=0.50;discardreversals=2;startvalue=0.00;steps=[4  2  1];selfservice=0;
%parameters=icra1,65,train
threshold = [-1.00 ];
values = [0.00 -6.00 4.00 1.00 0.50 2.00 0.50 -2.00 -1.50 0.00 -2.50 -3.00 -0.50 -2.00 -3.50 -1.00 -2.50 -1.00 -3.50 -6.00 ];
reversals = [0 1 -1 0 1 -1 0 1 0 -1 0 1 -1 0 1 -1 1 -1 0 1 ];
measures = [0 0 0 0 1 1 1 1 1 1 1 1 1 1 1 1 1 1 1 1 ];
presentations = [1 2 3 4 5 6 7 8 9 10 11 12 13 14 15 16 17 18 19 20 ];
answers = [4 0 4 3 1 4 5 2 1 5 3 0 4 4 0 4 1 5 5 0 ];
adjustments = [-6 10 -3 -0.5 1.5 -1.5 -2.5 0.5 1.5 -2.5 -0.5 2.5 -1.5 -1.5 2.5 -1.5 1.5 -2.5 -2.5 2.5 ];
sentences = {'76600' '23448' '44529' '51195' '98162' '77705' '02737' '44697' '50976' '85813' '21080' '89364' '06251' '33528' '15952' '69444' '37886' '68271' '90013' '12339' };
offsets = [31994 30032 13700 7124 22413 14257 10741 4621 18635 1534 23339 26933 5075 33857 8353 668 8554 31132 9154 19507 ];

