target=0.50;discardreversals=2;startvalue=0.00;steps=[4  2  1];selfservice=0;
%parameters=babble,65
threshold = [-0.50 ];
values = [0.00 10.00 0.00 1.00 0.50 1.00 -0.50 -1.00 -2.50 -2.00 -1.50 1.00 0.50 -2.00 -2.50 -1.00 -2.50 -1.00 -0.50 -1.00 ];
reversals = [0 -1 1 -1 1 -1 0 0 1 0 0 -1 0 0 1 -1 1 0 -1 0 ];
measures = [0 0 0 1 1 1 1 1 1 1 1 1 1 1 1 1 1 1 1 1 ];
presentations = [1 2 3 4 5 6 7 8 9 10 11 12 13 14 15 16 17 18 19 20 ];
answers = [0 5 2 3 2 4 3 4 2 2 0 3 5 3 1 4 1 2 3 5 ];
adjustments = [10 -10 1 -0.5 0.5 -1.5 -0.5 -1.5 0.5 0.5 2.5 -0.5 -2.5 -0.5 1.5 -1.5 1.5 0.5 -0.5 -2.5 ];
sentences = {'51779' '39994' '18502' '35209' '48832' '43285' '67850' '52988' '66127' '87713' '91451' '14040' '94067' '29394' '03676' '70565' '05413' '80338' '72141' '26626' };
offsets = [16877 29953 3528 4170 37664 7780 1102 17815 19103 19680 20510 5234 5517 15739 21657 4616 23898 4268 17584 35202 ];

