target=0.50;discardreversals=2;startvalue=0.00;steps=[4  2  1];selfservice=0;
%parameters=icra5.250,65,re
threshold = [-7.50 ];
values = [0.00 -6.00 -8.00 -10.00 -4.00 -9.00 -10.50 -10.00 -7.50 -8.00 -8.50 -7.00 -7.50 -6.00 -8.50 -7.00 -7.50 -7.00 -6.50 -8.00 ];
reversals = [0 0 0 1 -1 0 1 0 -1 0 1 -1 1 -1 1 -1 1 0 -1 0 ];
measures = [0 0 0 0 0 0 1 1 1 1 1 1 1 1 1 1 1 1 1 1 ];
presentations = [1 2 3 4 5 6 7 8 9 10 11 12 13 14 15 16 17 18 19 20 ];
answers = [4 3 3 1 5 4 2 0 3 3 1 3 1 5 1 3 2 2 4 4 ];
adjustments = [-6 -2 -2 6 -5 -1.5 0.5 2.5 -0.5 -0.5 1.5 -0.5 1.5 -2.5 1.5 -0.5 0.5 0.5 -1.5 -1.5 ];
sentences = {'29394' '35209' '09216' '51437' '03676' '92629' '65555' '91451' '52988' '86800' '48832' '70565' '87713' '70762' '34994' '66127' '18348' '23081' '14040' '47173' };
offsets = [3832203 3174022 4290789 15469 875991 459683 1844284 3506863 4620150 3249390 4709937 2730366 375218 4083922 1933574 1144735 4707376 1874854 4102549 2550964 ];

