target=0.50;discardreversals=2;startvalue=0.00;steps=[4  2  1];selfservice=0;
%parameters=quiet,65
threshold = [-32.00 ];
values = [0.00 -10.00 -20.00 -30.00 -32.00 -22.00 -25.00 -26.50 -29.00 -31.50 -31.00 -32.50 -32.00 -33.50 -32.00 -34.50 -35.00 -32.50 -31.00 -33.50 ];
reversals = [0 0 0 0 1 -1 0 0 0 1 -1 1 -1 1 -1 0 1 0 -1 0 ];
measures = [0 0 0 0 0 0 0 0 0 1 1 1 1 1 1 1 1 1 1 1 ];
presentations = [1 2 3 4 5 6 7 8 9 10 11 12 13 14 15 16 17 18 19 20 ];
answers = [5 5 5 3 0 4 4 5 5 2 4 2 4 1 5 3 0 1 5 3 ];
adjustments = [-10 -10 -10 -2 10 -3 -1.5 -2.5 -2.5 0.5 -1.5 0.5 -1.5 1.5 -2.5 -0.5 2.5 1.5 -2.5 -0.5 ];
sentences = {'39994' '50976' '18502' '33528' '77705' '51779' '44697' '43285' '94067' '85813' '21080' '69444' '72141' '67850' '26626' '80338' '12339' '98162' '05413' '06251' };
offsets = [71592 35881 8247 22754 43945 68023 6915 22637 32403 75064 22057 4342 34712 43897 71895 24435 6865 36654 82054 12689 ];

