target=0.50;discardreversals=2;startvalue=0.00;steps=[4  2  1];selfservice=0;
%parameters=icra5.250,65
threshold = [-10.00 ];
values = [0.00 -6.00 0.00 -3.00 -4.50 -6.00 -6.50 -6.00 -6.50 -9.00 -8.50 -8.00 -10.50 -10.00 -10.50 -10.00 -12.50 -12.00 -11.50 -12.00 ];
reversals = [0 1 -1 0 0 0 1 -1 0 1 0 -1 1 -1 1 -1 1 0 -1 1 ];
measures = [0 0 0 0 0 0 1 1 1 1 1 1 1 1 1 1 1 1 1 1 ];
presentations = [1 2 3 4 5 6 7 8 9 10 11 12 13 14 15 16 17 18 19 20 ];
answers = [4 1 4 4 4 3 2 3 5 2 2 5 2 3 2 5 2 2 3 2 ];
adjustments = [-6 6 -3 -1.5 -1.5 -0.5 0.5 -0.5 -2.5 0.5 0.5 -2.5 0.5 -0.5 0.5 -2.5 0.5 0.5 -0.5 0.5 ];
sentences = {'35209' '77974' '91451' '03676' '90790' '14040' '24318' '82487' '03262' '29394' '31601' '70565' '87713' '52988' '48832' '59026' '66553' '15149' '66127' '48835' };
offsets = [419267 665250 4752308 114682 3564025 2351160 3829110 849043 4069965 3495527 3942561 1650004 3171898 2966759 583700 1094310 3485655 2340117 884079 765862 ];

