target=0.50;discardreversals=2;startvalue=0.00;steps=[4  2  1];selfservice=0;
%parameters=icra5.250,65,train
threshold = [-5.50 ];
values = [0.00 -10.00 -4.00 -5.00 -5.50 -6.00 -8.50 -7.00 -5.50 -7.00 -5.50 -7.00 -9.50 -7.00 -4.50 -5.00 -5.50 -4.00 -6.50 -9.00 ];
reversals = [0 1 -1 0 0 0 1 0 -1 1 -1 0 1 0 -1 0 1 -1 0 0 ];
measures = [0 0 0 0 0 0 1 1 1 1 1 1 1 1 1 1 1 1 1 1 ];
presentations = [1 2 3 4 5 6 7 8 9 10 11 12 13 14 15 16 17 18 19 20 ];
answers = [5 1 3 3 3 5 1 1 4 1 4 5 0 0 3 3 1 5 5 3 ];
adjustments = [-10 6 -1 -0.5 -0.5 -2.5 1.5 1.5 -1.5 1.5 -1.5 -2.5 2.5 2.5 -0.5 -0.5 1.5 -2.5 -2.5 -0.5 ];
sentences = {'03262' '00456' '89135' '31601' '18314' '95569' '66553' '52277' '90790' '61793' '48835' '59026' '82487' '76802' '33980' '24318' '47048' '15149' '24621' '77974' };
offsets = [461624 1856956 2438425 1565733 1307955 2409162 3028306 3602100 1679319 2880588 3764815 2282545 1952139 3881704 4768052 2296804 3769892 3416343 2306675 2584398 ];

