target=0.50;discardreversals=2;startvalue=0.00;steps=[4  2  1];selfservice=0;
%parameters=icra1,40
threshold = [-0.25 ];
values = [0.00 10.00 0.00 -1.00 4.00 3.50 1.00 -0.50 1.00 2.50 0.00 -1.50 1.00 1.50 -1.00 -0.50 1.00 -1.50 0.00 -1.50 ];
reversals = [0 -1 0 1 -1 0 0 1 0 -1 0 1 0 -1 1 0 -1 1 -1 1 ];
measures = [0 0 0 0 1 1 1 1 1 1 1 1 1 1 1 1 1 1 1 1 ];
presentations = [1 2 3 4 5 6 7 8 9 10 11 12 13 14 15 16 17 18 19 20 ];
answers = [0 5 3 0 3 5 4 1 1 5 4 0 2 5 2 1 5 1 4 0 ];
adjustments = [10 -10 -1 5 -0.5 -2.5 -1.5 1.5 1.5 -2.5 -1.5 2.5 0.5 -2.5 0.5 1.5 -2.5 1.5 -1.5 2.5 ];
sentences = {'23448' '87263' '22586' '16140' '37886' '74972' '02737' '03491' '44529' '55025' '68819' '30757' '89364' '41634' '15952' '51195' '68271' '90013' '99308' '76600' };
offsets = [5005 16435 3167 24218 10816 26189 15969 30593 3413 13355 35160 571 8771 188 9384 15748 30293 23104 19589 19182 ];

