target=0.50;discardreversals=2;startvalue=0.00;steps=[4  2  1];selfservice=0;
%parameters=icra1,50
threshold = [0.25 ];
values = [0.00 6.00 -4.00 1.00 -1.50 -4.00 -1.50 1.00 -1.50 0.00 0.50 0.00 0.50 -1.00 -1.50 -1.00 0.50 -1.00 -1.50 -2.00 ];
reversals = [0 -1 1 -1 0 1 0 -1 1 0 -1 1 -1 0 1 0 -1 0 0 1 ];
measures = [0 0 0 1 1 1 1 1 1 1 1 1 1 1 1 1 1 1 1 1 ];
presentations = [1 2 3 4 5 6 7 8 9 10 11 12 13 14 15 16 17 18 19 20 ];
answers = [1 5 0 5 5 0 0 5 1 2 3 2 4 3 2 1 4 3 3 2 ];
adjustments = [6 -10 5 -2.5 -2.5 2.5 2.5 -2.5 1.5 0.5 -0.5 0.5 -1.5 -0.5 0.5 1.5 -1.5 -0.5 -0.5 0.5 ];
sentences = {'66553' '48835' '99308' '16140' '68819' '59026' '31601' '03491' '90790' '55025' '77974' '03262' '41634' '74972' '87263' '30757' '22586' '15149' '82487' '24318' };
offsets = [24470 19756 12391 11232 27767 21534 34414 496 2011 20109 17089 24960 33011 9372 10834 715 27307 707 11380 26962 ];

