target=0.50;discardreversals=2;startvalue=0.00;steps=[4  2  1];selfservice=0;
threshold = [-3.00 ];
values = [0.00 -2.00 -8.00 2.00 -3.00 -2.50 -3.00 -4.50 -2.00 -2.50 -3.00 -3.50 -5.00 -2.50 -3.00 -5.50 -3.00 -1.50 -4.00 -4.50 ];
reversals = [0 0 1 -1 1 -1 0 1 -1 0 0 0 1 -1 0 1 0 -1 0 1 ];
measures = [0 0 0 0 1 1 1 1 1 1 1 1 1 1 1 1 1 1 1 1 ];
presentations = [1 2 3 4 5 6 7 8 9 10 11 12 13 14 15 16 17 18 19 20 ];
answers = [3 4 0 5 2 3 4 0 3 3 3 4 0 3 5 0 1 5 3 1 ];
adjustments = [-2 -6 10 -5 0.5 -0.5 -1.5 2.5 -0.5 -0.5 -0.5 -1.5 2.5 -0.5 -2.5 2.5 1.5 -2.5 -0.5 1.5 ];
sentences = {'99308' '16140' '87263' '55025' '68819' '80338' '22586' '72141' '05413' '30757' '39994' '43285' '51779' '41634' '03491' '18502' '74972' '94067' '26626' '67850' };
offsets = [10737 15677 17436 16687 39840 22990 25387 1694 260 4410 9359 7571 3565 14046 32799 23382 5131 31358 32904 10321 ];

