target=0.75;minreversals=14;discardreversals=4;minmeasures=25;startvalue=60.00;steps=[8  8  4  2];feedback=0;
threshold = [40.00 ];
values = [60.00 84.00 76.00 68.00 68.00 68.00 92.00 104.00 104.00 104.00 104.00 100.00 98.00 96.00 94.00 94.00 92.00 92.00 90.00 88.00 86.00 86.00 86.00 84.00 82.00 82.00 80.00 78.00 76.00 76.00 76.00 74.00 72.00 72.00 70.00 68.00 68.00 68.00 66.00 66.00 64.00 62.00 62.00 60.00 60.00 58.00 56.00 54.00 52.00 52.00 50.00 48.00 46.00 44.00 42.00 42.00 40.00 40.00 38.00 38.00 38.00 38.00 38.00 36.00 36.00 34.00 34.00 32.00 38.00 38.00 36.00 34.00 40.00 38.00 38.00 44.00 42.00 42.00 42.00 40.00 40.00 40.00 40.00 38.00 36.00 36.00 34.00 40.00 38.00 38.00 38.00 36.00 36.00 34.00 34.00 34.00 34.00 34.00 40.00 38.00 38.00 36.00 36.00 34.00 34.00 34.00 34.00 40.00 38.00 38.00 38.00 38.00 44.00 52.00 50.00 50.00 50.00 56.00 56.00 56.00 54.00 54.00 ];
reversals = [0 -1 0 0 0 1 0 0 0 0 -1 0 0 0 0 0 0 0 0 0 0 0 0 0 0 0 0 0 0 0 0 0 0 0 0 0 0 0 0 0 0 0 0 0 0 0 0 0 0 0 0 0 0 0 0 0 0 0 0 0 0 0 0 0 0 0 0 1 0 -1 0 1 -1 0 1 -1 0 0 0 0 0 0 0 0 0 0 1 -1 0 0 0 0 0 0 0 0 0 1 -1 0 0 0 0 0 0 0 1 -1 0 0 0 1 0 -1 0 0 1 0 0 -1 0 0 ];
measures = [0 0 0 0 0 0 0 0 0 0 0 0 0 0 0 0 0 0 0 0 0 0 0 0 0 0 0 0 0 0 0 0 0 0 0 0 0 0 0 0 0 0 0 0 0 0 0 0 0 0 0 0 0 0 0 0 0 0 0 0 0 0 0 0 0 0 0 0 0 1 1 1 1 1 1 1 1 1 1 1 1 1 1 1 1 1 1 1 1 1 1 1 1 1 1 1 1 1 1 1 1 1 1 1 1 1 1 1 1 1 1 1 1 1 1 1 1 1 1 1 1 1 ];
presentations = [1 1 1 0 0 1 1 0 0 0 1 1 1 1 0 1 0 1 1 1 0 0 1 1 0 1 1 1 0 0 1 1 0 1 1 0 0 1 0 1 1 0 1 0 1 1 1 1 0 1 1 1 1 1 0 1 0 1 0 0 0 0 1 0 1 0 1 1 0 1 1 1 1 0 1 1 0 0 1 0 0 0 1 1 0 1 1 1 0 0 1 0 1 0 0 0 0 1 1 0 1 0 1 0 0 0 1 1 0 0 0 1 0 1 0 0 1 0 0 1 0 1 ];
answers = [0 1 1 0 0 0 0 0 0 0 1 1 1 1 0 1 0 1 1 1 0 0 1 1 0 1 1 1 0 0 1 1 0 1 1 0 0 1 0 1 1 0 1 0 1 1 1 1 0 1 1 1 1 1 0 1 0 1 0 0 0 0 1 0 1 0 1 0 0 1 1 0 1 0 0 1 0 0 1 0 0 0 1 1 0 1 0 1 0 0 1 0 1 0 0 0 0 0 1 0 1 0 1 0 0 0 0 1 0 0 0 0 1 1 0 0 0 0 0 1 0 1 ];
adjustments = [24 -8 -8 0 0 24 12 0 0 0 -4 -2 -2 -2 0 -2 0 -2 -2 -2 0 0 -2 -2 0 -2 -2 -2 0 0 -2 -2 0 -2 -2 0 0 -2 0 -2 -2 0 -2 0 -2 -2 -2 -2 0 -2 -2 -2 -2 -2 0 -2 0 -2 0 0 0 0 -2 0 -2 0 -2 6 0 -2 -2 6 -2 0 6 -2 0 0 -2 0 0 0 -2 -2 0 -2 6 -2 0 0 -2 0 -2 0 0 0 0 6 -2 0 -2 0 -2 0 0 0 6 -2 0 0 0 6 8 -2 0 0 6 0 0 -2 0 -2 ];

