target=0.50;discardreversals=2;startvalue=0.00;steps=[4  2  1];selfservice=0;
threshold = [-4.50 ];
values = [0.00 -10.00 0.00 -5.00 -2.50 -5.00 -2.50 -4.00 -4.50 -4.00 -3.50 -1.00 -1.50 -4.00 -5.50 -3.00 -4.50 -3.00 -3.50 -5.00 ];
reversals = [0 1 -1 1 -1 1 -1 0 1 0 0 -1 0 0 1 -1 1 -1 0 1 ];
measures = [0 0 0 1 1 1 1 1 1 1 1 1 1 1 1 1 1 1 1 1 ];
presentations = [1 2 3 4 5 6 7 8 9 10 11 12 13 14 15 16 17 18 19 20 ];
answers = [5 0 5 0 5 0 4 3 2 2 0 3 5 4 0 4 1 3 4 0 ];
adjustments = [-10 10 -5 2.5 -2.5 2.5 -1.5 -0.5 0.5 0.5 2.5 -0.5 -2.5 -1.5 2.5 -1.5 1.5 -0.5 -1.5 2.5 ];
sentences = {'90013' '76600' '06251' '68271' '85813' '33528' '44529' '37886' '23448' '02737' '50976' '51195' '12339' '89364' '69444' '44697' '77705' '21080' '15952' '98162' };
offsets = [15165 38787 17685 15986 21422 5057 24549 7752 6934 8597 13283 5684 7593 4679 19122 12964 2958 26512 184 13163 ];

