target=0.50;discardreversals=2;startvalue=0.00;steps=[4  2  1];selfservice=0;
threshold = [-17.25 ];
values = [5.00 -5.00 -15.00 -21.00 -11.00 -12.00 -14.50 -14.00 -16.50 -18.00 -19.50 -19.00 -18.50 -16.00 -17.50 -19.00 -19.50 -19.00 -18.50 -20.00 ];
reversals = [0 0 0 1 -1 0 1 -1 0 0 1 0 0 -1 0 0 1 0 -1 0 ];
measures = [0 0 0 0 0 0 1 1 1 1 1 1 1 1 1 1 1 1 1 1 ];
presentations = [1 2 3 4 5 6 7 8 9 10 11 12 13 14 15 16 17 18 19 20 ];
answers = [5 5 4 0 3 5 2 5 4 4 2 2 0 4 4 3 2 2 4 4 ];
adjustments = [-10 -10 -6 10 -1 -2.5 0.5 -2.5 -1.5 -1.5 0.5 0.5 2.5 -1.5 -1.5 -0.5 0.5 0.5 -1.5 -1.5 ];
sentences = {'98162' '37886' '68271' '50976' '23448' '44697' '51195' '33528' '90013' '77705' '76600' '89364' '12339' '02737' '69444' '44529' '21080' '06251' '85813' '15952' };
offsets = [80916 90317 57962 20569 28221 50499 35310 66333 16000 4427 76346 75199 69099 41794 8966 87059 80504 76926 33338 49450 ];

