target=0.50;discardreversals=2;startvalue=0.00;steps=[4  2  1];selfservice=0;
threshold = [-3.00 ];
values = [0.00 -6.00 4.00 -1.00 -2.50 -4.00 -5.50 -6.00 -4.50 -4.00 -2.50 -2.00 -2.50 -4.00 -2.50 -3.00 -1.50 -2.00 -3.50 -5.00 ];
reversals = [0 1 -1 0 0 0 0 1 0 0 0 -1 0 1 -1 1 -1 0 0 1 ];
measures = [0 0 0 0 0 0 0 1 1 1 1 1 1 1 1 1 1 1 1 1 ];
presentations = [1 2 3 4 5 6 7 8 9 10 11 12 13 14 15 16 17 18 19 20 ];
answers = [4 0 5 4 4 4 3 1 2 1 2 3 4 1 3 1 3 4 4 1 ];
adjustments = [-6 10 -5 -1.5 -1.5 -1.5 -0.5 1.5 0.5 1.5 0.5 -0.5 -1.5 1.5 -0.5 1.5 -0.5 -1.5 -1.5 1.5 ];
sentences = {'59026' '48835' '37886' '03262' '82487' '15149' '90013' '76600' '89364' '77974' '90790' '24318' '68271' '23448' '15952' '02737' '51195' '44529' '66553' '31601' };
offsets = [3927956 1196639 2808924 699093 3323595 2382112 4694590 3092895 4011310 2550744 62648 3933621 48467 2895736 1565893 594197 2020566 3444785 1583004 309600 ];

