target=0.75;minreversals=14;discardreversals=4;minmeasures=25;startvalue=60.00;steps=[8  8  4  2];feedback=0;
threshold = [139.00 ];
values = [60.00 52.00 44.00 36.00 28.00 28.00 28.00 28.00 52.00 76.00 76.00 68.00 68.00 68.00 80.00 80.00 86.00 86.00 86.00 92.00 92.00 98.00 96.00 94.00 92.00 92.00 98.00 104.00 110.00 110.00 116.00 114.00 114.00 120.00 126.00 132.00 130.00 136.00 136.00 136.00 142.00 148.00 146.00 146.00 146.00 146.00 146.00 152.00 152.00 158.00 158.00 164.00 164.00 164.00 164.00 170.00 170.00 170.00 176.00 182.00 182.00 182.00 182.00 188.00 194.00 200.00 200.00 206.00 212.00 218.00 218.00 218.00 224.00 230.00 236.00 236.00 242.00 248.00 254.00 254.00 254.00 260.00 260.00 266.00 264.00 264.00 264.00 270.00 276.00 276.00 276.00 276.00 282.00 282.00 282.00 282.00 288.00 ];
reversals = [0 0 0 0 0 0 0 1 0 0 -1 0 0 1 0 0 0 0 0 0 0 -1 0 0 0 1 0 0 0 0 -1 0 1 0 0 -1 1 0 0 0 0 -1 0 0 0 0 1 0 0 0 0 0 0 0 0 0 0 0 0 0 0 0 0 0 0 0 0 0 0 0 0 0 0 0 0 0 0 0 0 0 0 0 0 -1 0 0 1 0 0 0 0 0 0 0 0 0 -1 ];
measures = [0 0 0 0 0 0 0 0 0 0 0 0 0 0 0 0 0 0 0 0 0 0 0 0 0 1 1 1 1 1 1 1 1 1 1 1 1 1 1 1 1 1 1 1 1 1 1 1 1 1 1 1 1 1 1 1 1 1 1 1 1 1 1 1 1 1 1 1 1 1 1 1 1 1 1 1 1 1 1 1 1 1 1 1 1 1 1 1 1 1 1 1 1 1 1 1 1 ];
presentations = [1 1 1 1 0 0 0 1 1 0 1 0 0 1 0 1 0 0 1 0 1 1 1 1 0 1 1 1 0 1 1 0 1 1 1 1 1 0 0 1 1 1 0 0 0 0 1 0 1 0 1 0 0 0 1 0 0 1 1 0 0 0 1 1 1 0 1 1 1 0 0 1 1 1 0 1 1 1 0 0 1 0 1 1 0 0 1 1 0 0 0 1 0 0 0 1 1 ];
answers = [1 1 1 1 0 0 0 0 0 0 1 0 0 0 0 0 0 0 0 0 0 1 1 1 0 0 0 0 0 0 1 0 0 0 0 1 0 0 0 0 0 1 0 0 0 0 0 0 0 0 0 0 0 0 0 0 0 0 0 0 0 0 0 0 0 0 0 0 0 0 0 0 0 0 0 0 0 0 0 0 0 0 0 1 0 0 0 0 0 0 0 0 0 0 0 0 1 ];
adjustments = [-8 -8 -8 -8 0 0 0 24 24 0 -8 0 0 12 0 6 0 0 6 0 6 -2 -2 -2 0 6 6 6 0 6 -2 0 6 6 6 -2 6 0 0 6 6 -2 0 0 0 0 6 0 6 0 6 0 0 0 6 0 0 6 6 0 0 0 6 6 6 0 6 6 6 0 0 6 6 6 0 6 6 6 0 0 6 0 6 -2 0 0 6 6 0 0 0 6 0 0 0 6 -2 ];

