target=0.50;discardreversals=2;startvalue=0.00;steps=[4  2  1];selfservice=0;
threshold = [-8.00 ];
values = [0.00 -6.00 -4.00 -3.00 -2.00 -5.00 -7.50 -8.00 -6.50 -7.00 -6.50 -6.00 -5.50 -7.00 -8.50 -10.00 -9.50 -9.00 -8.50 -9.00 ];
reversals = [0 1 0 0 -1 0 0 1 -1 1 0 0 -1 0 0 1 0 0 -1 1 ];
measures = [0 0 0 0 0 0 0 1 1 1 1 1 1 1 1 1 1 1 1 1 ];
presentations = [1 2 3 4 5 6 7 8 9 10 11 12 13 14 15 16 17 18 19 20 ];
answers = [4 2 2 2 4 5 3 1 3 2 2 2 4 4 4 2 2 2 3 0 ];
adjustments = [-6 2 1 1 -3 -2.5 -0.5 1.5 -0.5 0.5 0.5 0.5 -1.5 -1.5 -1.5 0.5 0.5 0.5 -0.5 2.5 ];
sentences = {'05413' '72141' '21080' '51779' '06251' '39994' '12339' '50976' '69444' '80338' '44697' '26626' '43285' '33528' '94067' '67850' '98162' '18502' '85813' '77705' };
offsets = [4313829 9631 4642934 4470283 4753490 1605251 2886852 1139216 2483797 1028763 1881537 739956 316667 2692099 2037452 580381 2822875 703239 3062598 1805288 ];

