target=0.50;discardreversals=2;startvalue=0.00;steps=[4  2  1];selfservice=0;
threshold = [-2.75 ];
values = [0.00 -2.00 8.00 3.00 0.50 -1.00 -2.50 -3.00 -4.50 -2.00 -2.50 0.00 -2.50 -4.00 -4.50 -3.00 -4.50 -4.00 -2.50 -3.00 ];
reversals = [0 1 -1 0 0 0 0 0 1 -1 1 -1 0 0 1 -1 1 0 -1 0 ];
measures = [0 0 0 0 0 0 0 0 1 1 1 1 1 1 1 1 1 1 1 1 ];
presentations = [1 2 3 4 5 6 7 8 9 10 11 12 13 14 15 16 17 18 19 20 ];
answers = [3 0 5 5 4 4 3 4 0 3 0 5 4 3 1 4 2 1 3 3 ];
adjustments = [-2 10 -5 -2.5 -1.5 -1.5 -0.5 -1.5 2.5 -0.5 2.5 -2.5 -1.5 -0.5 1.5 -1.5 0.5 1.5 -0.5 -0.5 ];
sentences = {'35209' '68819' '48832' '14040' '87713' '22586' '70565' '03491' '55025' '74972' '91451' '30757' '52988' '29394' '99308' '87263' '66127' '16140' '03676' '41634' };
offsets = [15769 3785 34591 6975 3418 25882 11640 35026 12577 15111 6336 1655 4432 10170 29309 1288 22000 24432 39675 6403 ];

