target=0.50;discardreversals=2;startvalue=0.00;steps=[4  2  1];selfservice=0;
threshold = [-3.50 ];
values = [0.00 -10.00 0.00 -1.00 -3.50 -3.00 -5.50 -3.00 -5.50 -7.00 -4.50 -5.00 -5.50 -4.00 -2.50 -2.00 -1.50 -3.00 -3.50 -2.00 ];
reversals = [0 1 -1 0 1 -1 1 -1 0 1 -1 0 1 0 0 0 -1 0 1 -1 ];
measures = [0 0 0 0 1 1 1 1 1 1 1 1 1 1 1 1 1 1 1 1 ];
presentations = [1 2 3 4 5 6 7 8 9 10 11 12 13 14 15 16 17 18 19 20 ];
answers = [5 0 3 5 2 5 0 5 4 0 3 3 1 1 2 2 4 3 1 4 ];
adjustments = [-10 10 -1 -2.5 0.5 -2.5 2.5 -2.5 -1.5 2.5 -0.5 -0.5 1.5 1.5 0.5 0.5 -1.5 -0.5 1.5 -1.5 ];
sentences = {'76600' '15952' '02737' '70565' '48832' '68271' '89364' '44529' '03676' '23448' '90013' '66127' '91451' '37886' '35209' '87713' '52988' '14040' '51195' '29394' };
offsets = [13790 5383 993 15489 30529 24501 1161 25828 38332 45 19935 5537 212 2855 5818 1857 3396 8824 8023 12638 ];

