target=0.50;discardreversals=2;startvalue=0.00;steps=[4  2  1];selfservice=0;
threshold = [-7.25 ];
values = [0.00 2.00 -8.00 -5.00 -5.50 -6.00 -3.50 -5.00 -7.50 -7.00 -9.50 -8.00 -8.50 -6.00 -7.50 -6.00 -4.50 -3.00 -2.50 -2.00 ];
reversals = [0 -1 1 -1 0 1 -1 0 1 -1 1 -1 1 -1 1 0 0 0 0 0 ];
measures = [0 0 0 1 1 1 1 1 1 1 1 1 1 1 1 1 1 1 1 1 ];
presentations = [1 2 3 4 5 6 7 8 9 10 11 12 13 14 15 16 17 18 19 20 ];
answers = [2 5 1 3 3 0 4 5 2 5 1 3 0 4 1 1 1 2 2 2 ];
adjustments = [2 -10 3 -0.5 -0.5 2.5 -1.5 -2.5 0.5 -2.5 1.5 -0.5 2.5 -1.5 1.5 1.5 1.5 0.5 0.5 0.5 ];
sentences = {'41634' '44697' '06251' '21080' '22586' '03491' '50976' '16140' '85813' '55025' '77705' '98162' '68819' '74972' '69444' '87263' '30757' '12339' '33528' '99308' };
offsets = [4443308 3640464 1148487 4754207 4337930 3029084 3156700 149183 2920986 1061230 1161659 1308660 2122153 891975 556644 2754217 1021241 4547152 1200145 230722 ];

