target=0.50;discardreversals=2;startvalue=0.00;steps=[4  2  1];selfservice=0;
threshold = [-1.75 ];
values = [0.00 10.00 20.00 10.00 7.00 2.00 -1.00 0.00 -1.50 -2.00 -2.50 -5.00 -2.50 -1.00 -0.50 -3.00 -5.50 -3.00 -1.50 -2.00 ];
reversals = [0 0 -1 0 0 0 1 -1 0 0 0 1 0 0 -1 0 1 0 -1 1 ];
measures = [0 0 0 0 0 0 0 1 1 1 1 1 1 1 1 1 1 1 1 1 ];
presentations = [1 2 3 4 5 6 7 8 9 10 11 12 13 14 15 16 17 18 19 20 ];
answers = [0 0 5 4 5 4 2 4 3 3 5 0 1 2 5 5 0 1 3 2 ];
adjustments = [10 10 -10 -3 -5 -3 1 -1.5 -0.5 -0.5 -2.5 2.5 1.5 0.5 -2.5 -2.5 2.5 1.5 -0.5 0.5 ];
sentences = {'67850' '39994' '05413' '48832' '14040' '72141' '87713' '51779' '43285' '03676' '52988' '91451' '35209' '18502' '80338' '66127' '26626' '29394' '94067' '70565' };
offsets = [9099 23138 17812 33045 5680 1210 12676 6339 26062 7415 14347 23647 20 14509 17602 25234 24983 20800 26461 8045 ];

