target=0.50;discardreversals=2;startvalue=0.00;steps=[4  2  1];selfservice=0;
threshold = [-5.00 ];
values = [0.00 -10.00 -4.00 -3.00 -2.00 -5.00 -3.50 -6.00 -4.50 -7.00 -5.50 -5.00 -6.50 -4.00 -3.50 -5.00 -2.50 -2.00 -0.50 -3.00 ];
reversals = [0 1 0 0 -1 1 -1 1 -1 1 0 -1 1 0 -1 1 0 0 -1 0 ];
measures = [0 0 0 0 0 1 1 1 1 1 1 1 1 1 1 1 1 1 1 1 ];
presentations = [1 2 3 4 5 6 7 8 9 10 11 12 13 14 15 16 17 18 19 20 ];
answers = [5 1 2 2 4 1 5 1 5 1 2 4 0 2 4 0 2 1 5 4 ];
adjustments = [-10 6 1 1 -3 1.5 -2.5 1.5 -2.5 1.5 0.5 -1.5 2.5 0.5 -1.5 2.5 0.5 1.5 -2.5 -1.5 ];
sentences = {'16140' '22586' '30757' '03676' '70565' '41634' '66127' '03491' '55025' '14040' '87713' '68819' '35209' '29394' '48832' '99308' '52988' '91451' '74972' '87263' };
offsets = [941936 4601786 3007589 347700 1395453 1029331 1404544 319498 1827163 4077840 32961 1543996 2913560 1186480 4560410 286108 4262786 1166490 783641 653537 ];

