target=0.75;minreversals=14;discardreversals=4;minmeasures=25;startvalue=60.00;steps=[8  8  4  2];feedback=0;
threshold = [16.00 ];
values = [68.00 60.00 52.00 44.00 36.00 36.00 36.00 28.00 20.00 20.00 20.00 20.00 20.00 20.00 20.00 20.00 20.00 20.00 12.00 36.00 36.00 36.00 36.00 36.00 28.00 28.00 28.00 28.00 28.00 28.00 28.00 28.00 28.00 40.00 48.00 46.00 46.00 46.00 46.00 46.00 44.00 42.00 42.00 40.00 40.00 38.00 38.00 36.00 34.00 34.00 32.00 32.00 30.00 30.00 28.00 26.00 24.00 24.00 22.00 20.00 18.00 16.00 16.00 16.00 16.00 16.00 16.00 16.00 16.00 22.00 28.00 26.00 24.00 24.00 22.00 22.00 20.00 18.00 16.00 16.00 16.00 16.00 22.00 22.00 22.00 20.00 20.00 20.00 20.00 18.00 18.00 16.00 22.00 20.00 18.00 16.00 24.00 24.00 24.00 22.00 22.00 22.00 22.00 22.00 20.00 20.00 18.00 18.00 18.00 16.00 14.00 12.00 18.00 18.00 18.00 16.00 ];
reversals = [0 0 0 0 0 0 0 0 0 0 0 0 0 0 0 0 0 0 1 0 0 0 0 -1 0 0 0 0 0 0 0 0 1 0 -1 0 0 0 0 0 0 0 0 0 0 0 0 0 0 0 0 0 0 0 0 0 0 0 0 0 0 0 0 0 0 0 0 0 1 0 -1 0 0 0 0 0 0 0 0 0 0 1 0 0 -1 0 0 0 0 0 0 1 -1 0 0 1 0 0 -1 0 0 0 0 0 0 0 0 0 0 0 0 1 0 0 -1 1 ];
measures = [0 0 0 0 0 0 0 0 0 0 0 0 0 0 0 0 0 0 0 0 0 0 0 0 0 0 0 0 0 0 0 0 0 0 0 0 0 0 0 0 0 0 0 0 0 0 0 0 0 0 0 0 0 0 0 0 0 0 0 0 0 0 0 0 0 0 0 0 1 1 1 1 1 1 1 1 1 1 1 1 1 1 1 1 1 1 1 1 1 1 1 1 1 1 1 1 1 1 1 1 1 1 1 1 1 1 1 1 1 1 1 1 1 1 1 1 ];
presentations = [1 1 1 1 0 0 1 1 0 0 0 0 0 0 0 0 0 1 1 0 0 0 0 1 0 0 0 0 0 0 0 0 1 0 1 0 0 0 0 1 1 0 1 0 1 0 1 1 0 1 0 1 0 1 1 1 0 1 1 1 1 0 0 0 0 0 0 0 1 1 1 1 0 1 0 1 1 1 0 0 0 1 0 0 1 0 0 0 1 0 1 1 1 1 1 0 0 0 1 0 0 0 0 1 0 1 0 0 1 1 1 1 0 0 1 1 ];
answers = [1 1 1 1 0 0 1 1 0 0 0 0 0 0 0 0 0 1 0 0 0 0 0 1 0 0 0 0 0 0 0 0 0 1 1 0 0 0 0 1 1 0 1 0 1 0 1 1 0 1 0 1 0 1 1 1 0 1 1 1 1 0 0 0 0 0 0 0 0 0 1 1 0 1 0 1 1 1 0 0 0 0 0 0 1 0 0 0 1 0 1 0 1 1 1 1 0 0 1 0 0 0 0 1 0 1 0 0 1 1 1 0 0 0 1 0 ];
adjustments = [-8 -8 -8 -8 0 0 -8 -8 0 0 0 0 0 0 0 0 0 -8 24 0 0 0 0 -8 0 0 0 0 0 0 0 0 12 8 -2 0 0 0 0 -2 -2 0 -2 0 -2 0 -2 -2 0 -2 0 -2 0 -2 -2 -2 0 -2 -2 -2 -2 0 0 0 0 0 0 0 6 6 -2 -2 0 -2 0 -2 -2 -2 0 0 0 6 0 0 -2 0 0 0 -2 0 -2 6 -2 -2 -2 8 0 0 -2 0 0 0 0 -2 0 -2 0 0 -2 -2 -2 6 0 0 -2 6 ];

