target=0.50;discardreversals=2;startvalue=0.00;steps=[4  2  1];selfservice=0;
threshold = [-3.00 ];
values = [0.00 -10.00 0.00 -1.00 -1.50 -3.00 -2.50 -2.00 -3.50 -2.00 -3.50 -1.00 -3.50 -2.00 -4.50 -3.00 -1.50 -3.00 -3.50 -2.00 ];
reversals = [0 1 -1 0 0 1 0 -1 1 -1 1 -1 1 -1 1 0 -1 0 1 0 ];
measures = [0 0 0 0 0 1 1 1 1 1 1 1 1 1 1 1 1 1 1 1 ];
presentations = [1 2 3 4 5 6 7 8 9 10 11 12 13 14 15 16 17 18 19 20 ];
answers = [5 0 3 3 4 2 2 4 1 4 0 5 1 5 1 1 4 3 1 2 ];
adjustments = [-10 10 -1 -0.5 -1.5 0.5 0.5 -1.5 1.5 -1.5 2.5 -2.5 1.5 -2.5 1.5 1.5 -1.5 -0.5 1.5 0.5 ];
sentences = {'52277' '91451' '29394' '61793' '47048' '95569' '76802' '33980' '00456' '89135' '24621' '35209' '03676' '70565' '18314' '48832' '14040' '52988' '66127' '87713' };
offsets = [13150 9781 1412 598 17489 3099 20184 20074 3172 5591 20097 19088 29062 14946 5126 6175 9769 1918 12971 10085 ];

