target=0.50;discardreversals=2;startvalue=0.00;steps=[4  2  1];selfservice=0;
threshold = [-21.25 ];
values = [5.00 -5.00 -15.00 -13.00 -16.00 -16.50 -18.00 -20.50 -20.00 -21.50 -19.00 -20.50 -22.00 -24.50 -24.00 -22.50 -22.00 -23.50 -21.00 -21.50 ];
reversals = [0 0 1 -1 0 0 0 1 -1 1 -1 0 0 1 0 0 -1 1 -1 0 ];
measures = [0 0 0 0 0 0 0 1 1 1 1 1 1 1 1 1 1 1 1 1 ];
presentations = [1 2 3 4 5 6 7 8 9 10 11 12 13 14 15 16 17 18 19 20 ];
answers = [5 5 2 4 3 4 5 2 4 0 4 4 5 2 1 2 4 0 3 4 ];
adjustments = [-10 -10 2 -3 -0.5 -1.5 -2.5 0.5 -1.5 2.5 -1.5 -1.5 -2.5 0.5 1.5 0.5 -1.5 2.5 -0.5 -1.5 ];
sentences = {'52277' '86800' '09216' '24621' '23081' '33980' '00456' '47173' '65555' '18348' '51437' '34994' '70762' '89135' '61793' '47048' '76802' '95569' '18314' '92629' };
offsets = [10330 48880 35359 19444 70 28084 31484 73783 38071 76823 19573 47550 2315 61321 11959 11430 12195 6213 47503 59827 ];

