target=0.50;discardreversals=2;startvalue=0.00;steps=[4  2  1];selfservice=0;
threshold = [-4.00 ];
values = [0.00 -10.00 0.00 -5.00 -3.50 -6.00 -4.50 -5.00 -7.50 -5.00 -4.50 -2.00 0.50 -1.00 -3.50 -3.00 -4.50 -6.00 -3.50 -2.00 ];
reversals = [0 1 -1 1 -1 1 -1 0 1 0 0 0 -1 0 1 -1 0 1 0 -1 ];
measures = [0 0 0 1 1 1 1 1 1 1 1 1 1 1 1 1 1 1 1 1 ];
presentations = [1 2 3 4 5 6 7 8 9 10 11 12 13 14 15 16 17 18 19 20 ];
answers = [5 0 5 1 5 1 3 5 0 2 0 0 4 5 2 4 4 0 1 4 ];
adjustments = [-10 10 -5 1.5 -2.5 1.5 -0.5 -2.5 2.5 0.5 2.5 2.5 -1.5 -2.5 0.5 -1.5 -1.5 2.5 1.5 -1.5 ];
sentences = {'90790' '48835' '15149' '86800' '47173' '03262' '24318' '65555' '34994' '51437' '70762' '82487' '59026' '77974' '09216' '23081' '18348' '66553' '31601' '92629' };
offsets = [836892 2098123 988996 3653573 3284825 512428 4036495 2579732 1669116 3901572 349744 2270130 2565812 2128481 1767133 1179702 3755532 2858919 2840078 3780359 ];

