target=0.50;discardreversals=2;startvalue=0.00;steps=[4  2  1];selfservice=0;
threshold = [-2.00 ];
values = [0.00 -6.00 4.00 -1.00 -2.50 -1.00 -3.50 -1.00 1.50 2.00 0.50 -1.00 0.50 -2.00 0.50 -1.00 -3.50 -2.00 -4.50 -3.00 ];
reversals = [0 1 -1 0 1 -1 1 0 0 -1 0 1 -1 1 -1 0 1 -1 1 0 ];
measures = [0 0 0 0 1 1 1 1 1 1 1 1 1 1 1 1 1 1 1 1 ];
presentations = [1 2 3 4 5 6 7 8 9 10 11 12 13 14 15 16 17 18 19 20 ];
answers = [4 0 5 4 1 5 0 0 2 4 4 1 5 0 4 5 1 5 1 2 ];
adjustments = [-6 10 -5 -1.5 1.5 -2.5 2.5 2.5 0.5 -1.5 -1.5 1.5 -2.5 2.5 -1.5 -2.5 1.5 -2.5 1.5 0.5 ];
sentences = {'43285' '18502' '26626' '08168' '93692' '45923' '11755' '80338' '67850' '69009' '94067' '51779' '70287' '36514' '87470' '05413' '54841' '72141' '39994' '22336' };
offsets = [706 17808 11680 9223 27770 12015 7150 16582 14696 19312 21181 11118 24729 18373 12816 16288 12068 960 600 10733 ];

