target=0.50;discardreversals=2;startvalue=0.00;steps=[4  2  1];selfservice=0;
threshold = [-2.50 ];
values = [0.00 -10.00 0.00 -5.00 -2.50 -3.00 -4.50 -3.00 -2.50 0.00 -1.50 -4.00 -3.50 -1.00 -2.50 0.00 -0.50 -3.00 -1.50 -1.00 ];
reversals = [0 1 -1 1 -1 0 1 0 0 -1 0 1 0 -1 1 -1 0 1 0 -1 ];
measures = [0 0 0 1 1 1 1 1 1 1 1 1 1 1 1 1 1 1 1 1 ];
presentations = [1 2 3 4 5 6 7 8 9 10 11 12 13 14 15 16 17 18 19 20 ];
answers = [5 0 5 0 3 4 1 2 0 4 5 2 0 4 0 3 5 1 2 4 ];
adjustments = [-10 10 -5 2.5 -0.5 -1.5 1.5 0.5 2.5 -1.5 -2.5 0.5 2.5 -1.5 2.5 -0.5 -2.5 1.5 0.5 -1.5 ];
sentences = {'47048' '76802' '35209' '29394' '24621' '18314' '33980' '66127' '91451' '87713' '95569' '61793' '00456' '48832' '14040' '89135' '52277' '03676' '52988' '70565' };
offsets = [26595 16330 3888 18700 17253 27980 12450 14676 13474 11825 3177 15458 18154 25252 47 3972 9038 27448 2794 4139 ];

