target=0.50;discardreversals=2;startvalue=0.00;steps=[4  2  1];selfservice=0;
threshold = [-1.50 ];
values = [0.00 -10.00 0.00 -1.00 0.50 -1.00 -1.50 1.00 -1.50 -4.00 -1.50 -4.00 -1.50 -4.00 -1.50 0.00 -2.50 -1.00 -3.50 -3.00 ];
reversals = [0 1 -1 1 -1 0 1 -1 0 1 -1 1 -1 1 0 -1 1 -1 1 0 ];
measures = [0 0 0 1 1 1 1 1 1 1 1 1 1 1 1 1 1 1 1 1 ];
presentations = [1 2 3 4 5 6 7 8 9 10 11 12 13 14 15 16 17 18 19 20 ];
answers = [5 0 3 1 4 3 0 5 5 0 5 0 5 0 1 5 1 5 2 0 ];
adjustments = [-10 10 -1 1.5 -1.5 -0.5 2.5 -2.5 -2.5 2.5 -2.5 2.5 -2.5 2.5 1.5 -2.5 1.5 -2.5 0.5 2.5 ];
sentences = {'23081' '51437' '87713' '03676' '52988' '70762' '66127' '48832' '18348' '29394' '70565' '65555' '09216' '91451' '34994' '14040' '35209' '92629' '47173' '86800' };
offsets = [1763 6394 6747 890 2359 312 29891 31852 20939 14735 15221 15385 3337 8473 30597 7725 13210 6855 17408 17181 ];

