target=0.50;discardreversals=2;startvalue=0.00;steps=[4  2  1];selfservice=0;
threshold = [-5.50 ];
values = [5.00 -5.00 1.00 -4.00 -4.50 -7.00 -4.50 -3.00 -5.50 -8.00 -6.50 -5.00 -3.50 -4.00 -3.50 -6.00 -5.50 -7.00 -9.50 -12.00 ];
reversals = [0 1 -1 0 0 1 0 -1 0 1 0 0 -1 1 -1 1 -1 0 0 1 ];
measures = [0 0 0 0 0 1 1 1 1 1 1 1 1 1 1 1 1 1 1 1 ];
presentations = [1 2 3 4 5 6 7 8 9 10 11 12 13 14 15 16 17 18 19 20 ];
answers = [5 1 5 3 5 0 1 5 5 1 1 1 3 2 5 2 4 5 5 1 ];
adjustments = [-10 6 -5 -0.5 -2.5 2.5 1.5 -2.5 -2.5 1.5 1.5 1.5 -0.5 0.5 -2.5 0.5 -1.5 -2.5 -2.5 1.5 ];
sentences = {'23448' '09216' '23081' '65555' '47173' '34994' '02737' '68271' '18348' '51437' '90013' '44529' '51195' '86800' '15952' '76600' '89364' '37886' '70762' '92629' };
offsets = [64644 19977 6646 13310 95184 21771 15370 35037 49663 64523 18819 46439 43766 10441 45217 18729 77409 69556 39352 83406 ];

