target=0.75;minreversals=14;discardreversals=4;minmeasures=25;startvalue=70.00;steps=[4  4  2  1];feedback=0;
threshold = [82.50 ];
values = [78.00 74.00 70.00 66.00 78.00 94.00 110.00 110.00 110.00 110.00 106.00 104.00 102.00 102.00 100.00 100.00 98.00 98.00 96.00 94.00 92.00 90.00 90.00 88.00 86.00 86.00 84.00 84.00 84.00 82.00 80.00 80.00 78.00 76.00 74.00 74.00 74.00 74.00 80.00 79.00 79.00 79.00 78.00 81.00 85.00 84.00 84.00 83.00 83.00 82.00 82.00 82.00 81.00 81.00 80.00 83.00 82.00 81.00 80.00 79.00 78.00 77.00 77.00 77.00 77.00 77.00 76.00 76.00 76.00 76.00 79.00 83.00 83.00 83.00 83.00 83.00 83.00 82.00 82.00 82.00 81.00 80.00 80.00 80.00 80.00 80.00 80.00 80.00 80.00 83.00 82.00 86.00 85.00 85.00 85.00 84.00 84.00 83.00 83.00 83.00 83.00 82.00 ];
reversals = [0 0 0 1 0 0 0 0 0 -1 0 0 0 0 0 0 0 0 0 0 0 0 0 0 0 0 0 0 0 0 0 0 0 0 0 0 0 1 -1 0 0 0 1 0 -1 0 0 0 0 0 0 0 0 0 1 -1 0 0 0 0 0 0 0 0 0 0 0 0 0 1 0 0 0 0 0 0 -1 0 0 0 0 0 0 0 0 0 0 0 1 -1 1 -1 0 0 0 0 0 0 0 0 0 0 ];
measures = [0 0 0 0 0 0 0 0 0 0 0 0 0 0 0 0 0 0 0 0 0 0 0 0 0 0 0 0 0 0 0 0 0 0 0 0 0 0 0 0 0 0 1 1 1 1 1 1 1 1 1 1 1 1 1 1 1 1 1 1 1 1 1 1 1 1 1 1 1 1 1 1 1 1 1 1 1 1 1 1 1 1 1 1 1 1 1 1 1 1 1 1 1 1 1 1 1 1 1 1 1 1 ];
presentations = [1 1 1 1 0 0 0 0 0 1 1 1 0 1 0 1 0 1 1 1 1 0 1 1 0 1 0 0 1 1 0 1 1 1 0 0 0 1 1 0 0 1 1 0 1 0 1 0 1 0 0 1 0 1 1 1 1 1 1 1 1 0 0 0 0 1 0 0 0 1 0 0 0 0 0 0 1 0 0 1 1 0 0 0 0 0 0 0 1 1 0 1 0 0 1 0 1 0 0 0 1 1 ];
answers = [1 1 1 0 1 1 0 0 0 1 1 1 0 1 0 1 0 1 1 1 1 0 1 1 0 1 0 0 1 1 0 1 1 1 0 0 0 0 1 0 0 1 0 1 1 0 1 0 1 0 0 1 0 1 0 1 1 1 1 1 1 0 0 0 0 1 0 0 0 0 1 0 0 0 0 0 1 0 0 1 1 0 0 0 0 0 0 0 0 1 1 1 0 0 1 0 1 0 0 0 1 1 ];
adjustments = [-4 -4 -4 12 16 16 0 0 0 -4 -2 -2 0 -2 0 -2 0 -2 -2 -2 -2 0 -2 -2 0 -2 0 0 -2 -2 0 -2 -2 -2 0 0 0 6 -1 0 0 -1 3 4 -1 0 -1 0 -1 0 0 -1 0 -1 3 -1 -1 -1 -1 -1 -1 0 0 0 0 -1 0 0 0 3 4 0 0 0 0 0 -1 0 0 -1 -1 0 0 0 0 0 0 0 3 -1 4 -1 0 0 -1 0 -1 0 0 0 -1 -1 ];

