target=0.50;discardreversals=2;startvalue=0.00;steps=[4  2  1];selfservice=0;
threshold = [-2.50 ];
values = [0.00 2.00 -8.00 -3.00 -2.50 0.00 -2.50 -5.00 -5.50 -3.00 -0.50 -1.00 -2.50 -1.00 1.50 0.00 -2.50 -1.00 -3.50 -3.00 ];
reversals = [0 -1 1 0 0 -1 0 0 1 0 -1 0 1 0 -1 0 1 -1 1 -1 ];
measures = [0 0 0 0 0 1 1 1 1 1 1 1 1 1 1 1 1 1 1 1 ];
presentations = [1 2 3 4 5 6 7 8 9 10 11 12 13 14 15 16 17 18 19 20 ];
answers = [2 5 0 2 0 5 5 3 0 0 3 4 1 0 4 5 1 5 2 5 ];
adjustments = [2 -10 5 0.5 2.5 -2.5 -2.5 -0.5 2.5 2.5 -0.5 -1.5 1.5 2.5 -1.5 -2.5 1.5 -2.5 0.5 -2.5 ];
sentences = {'61793' '95569' '33980' '09216' '23081' '00456' '89135' '70762' '34994' '24621' '18314' '47048' '92629' '86800' '52277' '47173' '76802' '65555' '51437' '18348' };
offsets = [812598 3336926 1747553 2243645 3638109 4179601 3341688 379152 2866287 4382190 340098 1992990 1366593 1597512 2247265 667972 1640456 129459 3130769 4027841 ];

