target=0.50;discardreversals=2;startvalue=0.00;steps=[4  2  1];selfservice=0;
threshold = [-1.25 ];
values = [0.00 -10.00 0.00 -3.00 -1.50 0.00 -2.50 0.00 -2.50 -1.00 0.50 -2.00 -4.50 -2.00 -1.50 0.00 -2.50 -1.00 0.50 -1.00 ];
reversals = [0 1 -1 1 0 -1 1 -1 1 0 -1 0 1 0 0 -1 1 0 -1 0 ];
measures = [0 0 0 1 1 1 1 1 1 1 1 1 1 1 1 1 1 1 1 1 ];
presentations = [1 2 3 4 5 6 7 8 9 10 11 12 13 14 15 16 17 18 19 20 ];
answers = [5 0 4 1 1 5 0 5 1 1 5 5 0 2 1 5 1 1 4 3 ];
adjustments = [-10 10 -3 1.5 1.5 -2.5 2.5 -2.5 1.5 1.5 -2.5 -2.5 2.5 0.5 1.5 -2.5 1.5 1.5 -1.5 -0.5 ];
sentences = {'26626' '94067' '67850' '70565' '72141' '39994' '43285' '05413' '66127' '91451' '51779' '35209' '87713' '52988' '80338' '03676' '48832' '18502' '14040' '29394' };
offsets = [28006 19581 12788 7094 10306 12368 26173 12026 25555 39264 5761 13592 11814 13758 9517 1314 21198 430 15854 18096 ];

