target=0.50;discardreversals=2;startvalue=0.00;steps=[4  2  1];selfservice=0;
threshold = [-8.00 ];
values = [0.00 2.00 -4.00 -9.00 -6.00 -8.50 -7.00 -5.50 -8.00 -7.50 -10.00 -7.50 -9.00 -8.50 -8.00 -10.50 -8.00 -10.50 -8.00 -9.50 ];
reversals = [0 -1 0 1 -1 1 0 -1 1 -1 1 -1 1 0 -1 1 -1 1 -1 0 ];
measures = [0 0 0 0 1 1 1 1 1 1 1 1 1 1 1 1 1 1 1 1 ];
presentations = [1 2 3 4 5 6 7 8 9 10 11 12 13 14 15 16 17 18 19 20 ];
answers = [2 4 5 1 5 1 1 5 2 5 0 4 2 2 5 0 5 0 4 3 ];
adjustments = [2 -6 -5 3 -2.5 1.5 1.5 -2.5 0.5 -2.5 2.5 -1.5 0.5 0.5 -2.5 2.5 -2.5 2.5 -1.5 -0.5 ];
sentences = {'67850' '80338' '18502' '21080' '50976' '26626' '12339' '51779' '94067' '72141' '43285' '39994' '77705' '98162' '85813' '44697' '05413' '06251' '33528' '69444' };
offsets = [2840632 1883572 3083904 1761433 1635091 3311791 1618235 2266325 1013460 75500 2796810 925339 2399906 1144348 950958 3685528 363533 498723 816915 1875926 ];

