target=0.50;discardreversals=2;startvalue=0.00;steps=[4  2  1];selfservice=0;
threshold = [-1.50 ];
values = [0.00 6.00 -4.00 -1.00 -3.50 -1.00 -0.50 -3.00 -0.50 -2.00 -2.50 -2.00 -1.50 -3.00 -2.50 -1.00 -3.50 -2.00 -1.50 1.00 ];
reversals = [0 -1 1 -1 1 0 -1 1 -1 0 1 0 -1 1 0 -1 1 0 0 -1 ];
measures = [0 0 0 1 1 1 1 1 1 1 1 1 1 1 1 1 1 1 1 1 ];
presentations = [1 2 3 4 5 6 7 8 9 10 11 12 13 14 15 16 17 18 19 20 ];
answers = [1 5 1 5 0 2 5 0 4 3 2 2 4 2 1 5 1 2 0 3 ];
adjustments = [6 -10 3 -2.5 2.5 0.5 -2.5 2.5 -1.5 -0.5 0.5 0.5 -1.5 0.5 1.5 -2.5 1.5 0.5 2.5 -0.5 ];
sentences = {'70762' '70565' '87713' '29394' '34994' '23081' '35209' '65555' '03676' '14040' '47173' '86800' '18348' '09216' '48832' '66127' '51437' '52988' '91451' '92629' };
offsets = [493 7033 4407 3709 21434 18687 14043 8047 34145 793 15704 34493 7531 28446 5312 19476 2689 12234 9599 15812 ];

