target=0.50;discardreversals=2;startvalue=0.00;steps=[4  2  1];selfservice=0;
threshold = [-30.50 ];
values = [5.00 3.00 -7.00 -17.00 -19.00 -29.00 -23.00 -28.00 -30.50 -29.00 -31.50 -30.00 -32.50 -30.00 -28.50 -29.00 -31.50 -30.00 -31.50 -30.00 ];
reversals = [0 0 0 0 0 1 -1 0 1 -1 1 -1 1 0 -1 0 1 -1 1 0 ];
measures = [0 0 0 0 0 0 0 0 1 1 1 1 1 1 1 1 1 1 1 1 ];
presentations = [1 2 3 4 5 6 7 8 9 10 11 12 13 14 15 16 17 18 19 20 ];
answers = [3 5 5 3 5 1 5 5 1 5 1 5 0 1 3 5 1 4 1 0 ];
adjustments = [-2 -10 -10 -2 -10 6 -5 -2.5 1.5 -2.5 1.5 -2.5 2.5 1.5 -0.5 -2.5 1.5 -1.5 1.5 2.5 ];
sentences = {'34994' '69444' '09216' '21080' '77705' '85813' '06251' '70762' '98162' '65555' '12339' '50976' '44697' '92629' '23081' '33528' '18348' '86800' '51437' '47173' };
offsets = [6336 13615 69056 45565 32344 2254 33650 20018 42956 64422 66132 52247 40288 62889 74283 5725 51943 76677 19865 72831 ];

