target=0.50;discardreversals=2;startvalue=0.00;steps=[4  2  1];selfservice=0;
threshold = [6.00 ];
values = [0.00 10.00 8.00 13.00 12.50 10.00 12.50 13.00 10.50 8.00 6.50 6.00 3.50 6.00 3.50 6.00 3.50 1.00 3.50 2.00 ];
reversals = [0 -1 1 -1 0 1 0 -1 0 0 0 0 1 -1 1 -1 0 1 -1 0 ];
measures = [0 0 0 1 1 1 1 1 1 1 1 1 1 1 1 1 1 1 1 1 ];
presentations = [1 2 3 4 5 6 7 8 9 10 11 12 13 14 15 16 17 18 19 20 ];
answers = [0 3 0 3 5 0 2 5 5 4 3 5 0 5 0 5 5 0 4 4 ];
adjustments = [10 -2 5 -0.5 -2.5 2.5 0.5 -2.5 -2.5 -1.5 -0.5 -2.5 2.5 -2.5 2.5 -2.5 -2.5 2.5 -1.5 -1.5 ];
sentences = {'18502' '87713' '43285' '66127' '67850' '29394' '91451' '14040' '51779' '35209' '52988' '94067' '80338' '03676' '48832' '72141' '26626' '39994' '70565' '05413' };
offsets = [2280 13118 18397 11963 4649 4025 10851 13728 16026 9924 12715 13169 20487 434 1143 7207 1471 15050 11277 7692 ];

