target=0.50;discardreversals=2;startvalue=0.00;steps=[4  2  1];selfservice=0;
threshold = [-8.25 ];
values = [0.00 -10.00 -8.00 -9.00 -7.50 -7.00 -5.50 -6.00 -6.50 -8.00 -8.50 -6.00 -7.50 -8.00 -7.50 -8.00 -8.50 -8.00 -10.50 -10.00 ];
reversals = [0 1 -1 1 0 0 -1 0 0 0 1 -1 0 1 -1 0 1 -1 1 -1 ];
measures = [0 0 0 1 1 1 1 1 1 1 1 1 1 1 1 1 1 1 1 1 ];
presentations = [1 2 3 4 5 6 7 8 9 10 11 12 13 14 15 16 17 18 19 20 ];
answers = [5 2 3 1 2 1 3 3 4 3 0 4 3 2 3 3 2 5 2 4 ];
adjustments = [-10 2 -1 1.5 0.5 1.5 -0.5 -0.5 -1.5 -0.5 2.5 -1.5 -0.5 0.5 -0.5 -0.5 0.5 -2.5 0.5 -1.5 ];
sentences = {'31601' '14040' '59026' '35209' '48835' '90790' '29394' '03262' '52988' '48832' '24318' '66553' '91451' '03676' '66127' '82487' '15149' '70565' '87713' '77974' };
offsets = [620923 4805254 2340282 1937677 4398724 212172 3736418 100792 2976907 3115213 3034275 4387360 4182832 3840606 4682286 4088133 1208325 1425595 3745165 124481 ];

