target=0.75;minreversals=14;discardreversals=4;minmeasures=25;startvalue=70.00;steps=[4  4  2  1];feedback=0;
threshold = [63.00 ];
values = [74.00 70.00 66.00 62.00 58.00 70.00 66.00 66.00 64.00 64.00 70.00 70.00 70.00 70.00 70.00 69.00 69.00 69.00 69.00 68.00 71.00 70.00 69.00 68.00 68.00 67.00 67.00 66.00 66.00 65.00 65.00 64.00 63.00 63.00 63.00 62.00 61.00 61.00 61.00 64.00 67.00 67.00 67.00 66.00 66.00 65.00 65.00 64.00 64.00 64.00 63.00 63.00 66.00 66.00 65.00 65.00 65.00 65.00 65.00 65.00 65.00 65.00 65.00 64.00 64.00 64.00 63.00 62.00 62.00 62.00 62.00 61.00 61.00 61.00 60.00 63.00 62.00 61.00 61.00 61.00 60.00 60.00 60.00 59.00 59.00 58.00 57.00 57.00 57.00 57.00 56.00 59.00 62.00 ];
reversals = [0 0 0 0 1 -1 0 0 0 1 0 0 0 0 -1 0 0 0 0 1 -1 0 0 0 0 0 0 0 0 0 0 0 0 0 0 0 0 0 1 0 0 0 -1 0 0 0 0 0 0 0 0 1 0 -1 0 0 0 0 0 0 0 0 0 0 0 0 0 0 0 0 0 0 0 0 1 -1 0 0 0 0 0 0 0 0 0 0 0 0 0 0 1 0 -1 ];
measures = [0 0 0 0 0 0 0 0 0 0 0 0 0 0 0 0 0 0 0 1 1 1 1 1 1 1 1 1 1 1 1 1 1 1 1 1 1 1 1 1 1 1 1 1 1 1 1 1 1 1 1 1 1 1 1 1 1 1 1 1 1 1 1 1 1 1 1 1 1 1 1 1 1 1 1 1 1 1 1 1 1 1 1 1 1 1 1 1 1 1 1 1 1 ];
presentations = [1 1 1 1 1 1 0 1 0 1 0 0 0 0 1 0 0 0 1 1 1 1 1 0 1 0 1 0 1 0 1 1 0 0 1 1 0 0 1 1 0 0 1 0 1 0 1 0 0 1 0 1 0 1 0 0 0 0 0 0 0 0 1 0 0 1 1 0 0 0 1 0 0 1 1 1 1 0 0 1 0 0 1 0 1 1 0 0 0 1 1 1 1 ];
answers = [1 1 1 1 0 1 0 1 0 0 0 0 0 0 1 0 0 0 1 0 1 1 1 0 1 0 1 0 1 0 1 1 0 0 1 1 0 0 0 0 0 0 1 0 1 0 1 0 0 1 0 0 0 1 0 0 0 0 0 0 0 0 1 0 0 1 1 0 0 0 1 0 0 1 0 1 1 0 0 1 0 0 1 0 1 1 0 0 0 1 0 0 1 ];
adjustments = [-4 -4 -4 -4 12 -4 0 -2 0 6 0 0 0 0 -1 0 0 0 -1 3 -1 -1 -1 0 -1 0 -1 0 -1 0 -1 -1 0 0 -1 -1 0 0 3 3 0 0 -1 0 -1 0 -1 0 0 -1 0 3 0 -1 0 0 0 0 0 0 0 0 -1 0 0 -1 -1 0 0 0 -1 0 0 -1 3 -1 -1 0 0 -1 0 0 -1 0 -1 -1 0 0 0 -1 3 3 -1 ];

