target=0.50;discardreversals=2;startvalue=0.00;steps=[4  2  1];selfservice=0;
threshold = [-6.00 ];
values = [0.00 -10.00 0.00 -3.00 -4.50 -7.00 -4.50 -6.00 -3.50 -3.00 -4.50 -7.00 -4.50 -2.00 -3.50 -6.00 -5.50 -5.00 -4.50 -6.00 ];
reversals = [0 1 -1 0 0 1 -1 1 0 -1 0 1 0 -1 0 1 0 0 -1 1 ];
measures = [0 0 0 0 0 1 1 1 1 1 1 1 1 1 1 1 1 1 1 1 ];
presentations = [1 2 3 4 5 6 7 8 9 10 11 12 13 14 15 16 17 18 19 20 ];
answers = [5 0 4 4 5 0 4 0 2 4 5 0 0 4 5 2 2 2 4 1 ];
adjustments = [-10 10 -3 -1.5 -2.5 2.5 -1.5 2.5 0.5 -1.5 -2.5 2.5 2.5 -1.5 -2.5 0.5 0.5 0.5 -1.5 1.5 ];
sentences = {'03491' '87713' '41634' '29394' '70565' '52988' '03676' '91451' '35209' '87263' '99308' '74972' '66127' '30757' '14040' '55025' '22586' '16140' '68819' '48832' };
offsets = [11011 7152 23412 3751 8260 12548 37117 16664 7036 6658 15443 2066 5618 717 14394 4017 1190 28316 16088 18852 ];

