target=0.50;discardreversals=2;startvalue=0.00;steps=[4  2  1];selfservice=0;
threshold = [-5.25 ];
values = [0.00 -10.00 0.00 -5.00 -6.50 -4.00 -6.50 -4.00 -5.50 -5.00 -7.50 -5.00 -6.50 -4.00 -6.50 -4.00 -6.50 -4.00 -5.50 -6.00 ];
reversals = [0 1 -1 0 1 -1 1 -1 1 -1 1 -1 1 -1 1 -1 1 -1 0 0 ];
measures = [0 0 0 0 1 1 1 1 1 1 1 1 1 1 1 1 1 1 1 1 ];
presentations = [1 2 3 4 5 6 7 8 9 10 11 12 13 14 15 16 17 18 19 20 ];
answers = [5 0 5 4 0 5 0 4 2 5 0 4 0 5 0 5 0 4 3 3 ];
adjustments = [-10 10 -5 -1.5 2.5 -2.5 2.5 -1.5 0.5 -2.5 2.5 -1.5 2.5 -2.5 2.5 -2.5 2.5 -1.5 -0.5 -0.5 ];
sentences = {'66127' '48832' '07970' '63558' '78835' '03676' '51417' '29744' '46393' '35209' '91451' '95162' '34226' '14040' '82009' '10681' '70565' '87713' '52988' '29394' };
offsets = [22030 3599 19564 6520 27639 29891 78 11612 45116 17437 2653 5921 12270 4846 14245 13403 1144 1371 13084 28 ];

