target=0.50;discardreversals=2;startvalue=0.00;steps=[4  2  1];selfservice=0;
threshold = [-8.00 ];
values = [0.00 -10.00 -8.00 -11.00 -10.50 -8.00 -10.50 -8.00 -9.50 -9.00 -9.50 -12.00 -9.50 -8.00 -5.50 -8.00 -6.50 -8.00 -5.50 -7.00 ];
reversals = [0 1 -1 1 0 -1 1 -1 1 -1 0 1 0 0 -1 1 -1 1 -1 0 ];
measures = [0 0 0 1 1 1 1 1 1 1 1 1 1 1 1 1 1 1 1 1 ];
presentations = [1 2 3 4 5 6 7 8 9 10 11 12 13 14 15 16 17 18 19 20 ];
answers = [5 2 4 2 0 5 0 4 2 3 5 0 1 0 5 1 4 0 4 5 ];
adjustments = [-10 2 -3 0.5 2.5 -2.5 2.5 -1.5 0.5 -0.5 -2.5 2.5 1.5 2.5 -2.5 1.5 -1.5 2.5 -1.5 -2.5 ];
sentences = {'18314' '76802' '74972' '61793' '03491' '95569' '41634' '52277' '33980' '87263' '55025' '16140' '00456' '68819' '99308' '30757' '47048' '22586' '89135' '24621' };
offsets = [4299470 1396704 4012551 3811487 722008 430468 2122438 518589 3277848 552848 2504735 1952767 243893 4761628 2304219 3275429 4496201 4169215 1253886 1263435 ];

