target=0.50;discardreversals=2;startvalue=0.00;steps=[4  2  1];selfservice=0;
threshold = [-14.00 ];
values = [5.00 -5.00 -11.00 -9.00 -14.00 -13.50 -13.00 -12.50 -14.00 -13.50 -14.00 -11.50 -14.00 -15.50 -14.00 -16.50 -15.00 -13.50 -16.00 -13.50 ];
reversals = [0 0 1 -1 1 0 0 -1 1 -1 1 -1 0 1 -1 1 0 -1 1 -1 ];
measures = [0 0 0 0 1 1 1 1 1 1 1 1 1 1 1 1 1 1 1 1 ];
presentations = [1 2 3 4 5 6 7 8 9 10 11 12 13 14 15 16 17 18 19 20 ];
answers = [5 4 2 5 2 2 2 4 2 3 0 5 4 1 5 1 1 5 0 3 ];
adjustments = [-10 -6 2 -5 0.5 0.5 0.5 -1.5 0.5 -0.5 2.5 -2.5 -1.5 1.5 -2.5 1.5 1.5 -2.5 2.5 -0.5 ];
sentences = {'67850' '54841' '43285' '18502' '39994' '72141' '94067' '69009' '36514' '45923' '22336' '05413' '93692' '51779' '70287' '08168' '11755' '87470' '26626' '80338' };
offsets = [58640 26255 60574 15697 29347 27832 80653 13630 2399 62537 51269 413 7106 25120 19736 9386 34685 16212 667 73898 ];

