target=0.50;discardreversals=2;startvalue=0.00;steps=[4  2  1];selfservice=0;
threshold = [-11.50 ];
values = [0.00 -10.00 -20.00 -10.00 -15.00 -14.50 -13.00 -11.50 -11.00 -11.50 -11.00 -11.50 -10.00 -10.50 -9.00 -10.50 -13.00 -13.50 -12.00 -12.50 ];
reversals = [0 0 1 -1 1 0 0 0 -1 1 -1 1 -1 1 -1 0 0 1 -1 1 ];
measures = [0 0 0 0 1 1 1 1 1 1 1 1 1 1 1 1 1 1 1 1 ];
presentations = [1 2 3 4 5 6 7 8 9 10 11 12 13 14 15 16 17 18 19 20 ];
answers = [5 5 0 5 2 1 1 2 3 2 3 1 3 1 4 5 3 1 3 1 ];
adjustments = [-10 -10 10 -5 0.5 1.5 1.5 0.5 -0.5 0.5 -0.5 1.5 -0.5 1.5 -1.5 -2.5 -0.5 1.5 -0.5 1.5 ];
sentences = {'70287' '78835' '10681' '29744' '95162' '93692' '63558' '69009' '11755' '82009' '22336' '07970' '87470' '54841' '08168' '36514' '46393' '51417' '34226' '45923' };
offsets = [2721739 45940 3889162 1216093 4105926 3616303 3614936 4230080 323025 3934562 776213 3501739 4655034 4309456 1742958 3940580 763221 1178252 2916883 3480941 ];

