target=0.50;discardreversals=2;startvalue=0.00;steps=[4  2  1];selfservice=0;
threshold = [-4.00 ];
values = [0.00 -10.00 0.00 -5.00 -2.50 -4.00 -3.50 -6.00 -3.50 -1.00 -3.50 -6.00 -3.50 -3.00 -5.50 -4.00 -4.50 -4.00 -6.50 -5.00 ];
reversals = [0 1 -1 1 -1 1 -1 1 0 -1 0 1 0 -1 1 -1 1 -1 1 0 ];
measures = [0 0 0 1 1 1 1 1 1 1 1 1 1 1 1 1 1 1 1 1 ];
presentations = [1 2 3 4 5 6 7 8 9 10 11 12 13 14 15 16 17 18 19 20 ];
answers = [5 0 5 0 4 2 5 0 0 5 5 0 2 5 1 3 2 5 1 1 ];
adjustments = [-10 10 -5 2.5 -1.5 0.5 -2.5 2.5 2.5 -2.5 -2.5 2.5 0.5 -2.5 1.5 -0.5 0.5 -2.5 1.5 1.5 ];
sentences = {'70287' '48832' '14040' '22336' '29394' '69009' '52988' '45923' '91451' '87713' '36514' '87470' '08168' '54841' '93692' '03676' '70565' '66127' '11755' '35209' };
offsets = [12862 24546 11573 5222 2151 18170 12377 8041 14556 2311 13336 3548 28731 7122 31799 31590 1419 1823 3031 12396 ];

