target=0.50;discardreversals=2;startvalue=0.00;steps=[4  2  1];selfservice=0;
threshold = [-3.50 ];
values = [0.00 -10.00 0.00 -5.00 -3.50 -4.00 -2.50 -2.00 0.50 -2.00 -2.50 -5.00 -2.50 -3.00 -3.50 -3.00 -1.50 -1.00 -2.50 -3.00 ];
reversals = [0 1 -1 1 -1 1 0 0 -1 0 0 1 -1 0 1 0 0 -1 0 0 ];
measures = [0 0 0 1 1 1 1 1 1 1 1 1 1 1 1 1 1 1 1 1 ];
presentations = [1 2 3 4 5 6 7 8 9 10 11 12 13 14 15 16 17 18 19 20 ];
answers = [5 0 5 1 3 1 2 0 5 3 5 0 3 3 2 1 2 4 3 5 ];
adjustments = [-10 10 -5 1.5 -0.5 1.5 0.5 2.5 -2.5 -0.5 -2.5 2.5 -0.5 -0.5 0.5 1.5 0.5 -1.5 -0.5 -2.5 ];
sentences = {'15149' '12339' '06251' '50976' '44697' '59026' '90790' '31601' '24318' '85813' '69444' '21080' '66553' '33528' '82487' '77974' '77705' '48835' '98162' '03262' };
offsets = [4795487 2335053 145552 1953711 2458846 2840565 3691426 1193830 3213973 3775590 3410865 3512168 3225336 1157933 1657010 4110675 4604674 61077 290149 4316868 ];

