target=0.50;discardreversals=2;startvalue=0.00;steps=[4  2  1];selfservice=0;
threshold = [-4.00 ];
values = [0.00 -2.00 0.00 -5.00 -3.50 -1.00 1.50 -1.00 -2.50 -5.00 -6.50 -4.00 -4.50 -3.00 -0.50 -2.00 -3.50 -3.00 -5.50 -5.00 ];
reversals = [0 1 -1 1 0 0 -1 0 0 0 1 -1 1 0 -1 0 1 -1 1 0 ];
measures = [0 0 0 1 1 1 1 1 1 1 1 1 1 1 1 1 1 1 1 1 ];
presentations = [1 2 3 4 5 6 7 8 9 10 11 12 13 14 15 16 17 18 19 20 ];
answers = [3 2 5 1 0 0 5 4 5 4 0 3 1 0 4 4 2 5 2 1 ];
adjustments = [-2 2 -5 1.5 2.5 2.5 -2.5 -1.5 -2.5 -1.5 2.5 -0.5 1.5 2.5 -1.5 -1.5 0.5 -2.5 0.5 1.5 ];
sentences = {'43285' '51417' '72141' '80338' '67850' '39994' '26626' '63558' '78835' '07970' '82009' '05413' '29744' '18502' '10681' '34226' '51779' '95162' '94067' '46393' };
offsets = [4131 22943 1629 23252 11011 2094 6661 22763 389 23089 23142 5549 9326 9630 10209 26417 9308 9418 6023 46680 ];

