target=0.50;discardreversals=2;startvalue=0.00;steps=[4  2  1];selfservice=0;
threshold = [-2.75 ];
values = [0.00 -10.00 0.00 -5.00 -2.50 -1.00 -3.50 -5.00 -2.50 -2.00 -4.50 -5.00 -3.50 -5.00 -2.50 -1.00 0.50 -1.00 -0.50 -1.00 ];
reversals = [0 1 -1 1 0 -1 0 1 0 -1 0 1 -1 1 0 0 -1 1 -1 0 ];
measures = [0 0 0 1 1 1 1 1 1 1 1 1 1 1 1 1 1 1 1 1 ];
presentations = [1 2 3 4 5 6 7 8 9 10 11 12 13 14 15 16 17 18 19 20 ];
answers = [5 0 5 0 1 5 4 0 2 5 3 1 4 0 1 1 4 2 3 5 ];
adjustments = [-10 10 -5 2.5 1.5 -2.5 -1.5 2.5 0.5 -2.5 -0.5 1.5 -1.5 2.5 1.5 1.5 -1.5 0.5 -0.5 -2.5 ];
sentences = {'69444' '77705' '33528' '85813' '66553' '50976' '03262' '98162' '82487' '59026' '06251' '21080' '77974' '15149' '90790' '31601' '48835' '44697' '12339' '24318' };
offsets = [24251 17003 6870 10299 27786 8940 15860 24945 3027 27210 1172 3780 4463 8414 9492 14225 4484 23510 7728 24496 ];

