target=0.50;discardreversals=2;startvalue=0.00;steps=[4  2  1];selfservice=0;
threshold = [-4.75 ];
values = [0.00 -10.00 0.00 -5.00 -4.50 -4.00 -2.50 -5.00 -3.50 -1.00 -1.50 -4.00 -4.50 -4.00 -4.50 -6.00 -4.50 -5.00 -5.50 -5.00 ];
reversals = [0 1 -1 1 0 0 -1 1 0 -1 0 0 1 -1 0 1 -1 0 1 -1 ];
measures = [0 0 0 1 1 1 1 1 1 1 1 1 1 1 1 1 1 1 1 1 ];
presentations = [1 2 3 4 5 6 7 8 9 10 11 12 13 14 15 16 17 18 19 20 ];
answers = [5 0 5 2 2 1 5 1 0 3 5 3 2 3 4 1 3 3 2 4 ];
adjustments = [-10 10 -5 0.5 0.5 1.5 -2.5 1.5 2.5 -0.5 -2.5 -0.5 0.5 -0.5 -1.5 1.5 -0.5 -0.5 0.5 -1.5 ];
sentences = {'44697' '08168' '69444' '85813' '36514' '12339' '33528' '54841' '87470' '11755' '70287' '45923' '93692' '06251' '22336' '98162' '50976' '69009' '77705' '21080' };
offsets = [3519494 4069613 202921 3086899 335052 3611323 892321 3862138 2118464 1360560 298967 3096198 910015 3698165 26091 1390035 775977 3715887 878964 2201638 ];

