target=0.50;discardreversals=2;startvalue=0.00;steps=[4  2  1];selfservice=0;
threshold = [-4.00 ];
values = [0.00 -6.00 4.00 -1.00 -3.50 -6.00 -3.50 -6.00 -3.50 -3.00 -3.50 -3.00 -4.50 -4.00 -6.50 -4.00 -6.50 -6.00 -5.50 -4.00 ];
reversals = [0 1 -1 0 0 1 -1 1 0 -1 1 -1 1 -1 1 -1 1 0 0 -1 ];
measures = [0 0 0 0 0 1 1 1 1 1 1 1 1 1 1 1 1 1 1 1 ];
presentations = [1 2 3 4 5 6 7 8 9 10 11 12 13 14 15 16 17 18 19 20 ];
answers = [4 0 5 5 5 0 5 0 2 3 2 4 2 5 0 5 2 2 1 5 ];
adjustments = [-6 10 -5 -2.5 -2.5 2.5 -2.5 2.5 0.5 -0.5 0.5 -1.5 0.5 -2.5 2.5 -2.5 0.5 0.5 1.5 -2.5 ];
sentences = {'93692' '11755' '87470' '98162' '08168' '85813' '69444' '77705' '33528' '12339' '50976' '21080' '06251' '36514' '22336' '54841' '45923' '70287' '69009' '44697' };
offsets = [10126 3482 5491 20507 19279 10207 23551 12736 24858 2650 3311 17371 23107 35130 21136 11940 15592 24489 902 960 ];

