target=0.50;discardreversals=2;startvalue=0.00;steps=[4  2  1];selfservice=0;
threshold = [-11.00 ];
values = [5.00 -5.00 -11.00 -21.00 -11.00 -10.00 -11.00 -10.50 -13.00 -10.50 -9.00 -11.50 -10.00 -11.50 -14.00 -11.50 -11.00 -13.50 -11.00 -9.50 ];
reversals = [0 0 0 1 0 -1 1 -1 1 0 -1 1 -1 0 1 0 -1 1 0 -1 ];
measures = [0 0 0 0 0 0 1 1 1 1 1 1 1 1 1 1 1 1 1 1 ];
presentations = [1 2 3 4 5 6 7 8 9 10 11 12 13 14 15 16 17 18 19 20 ];
answers = [5 4 5 0 2 3 2 5 0 1 5 1 4 5 0 2 5 0 1 5 ];
adjustments = [-10 -6 -10 10 1 -1 0.5 -2.5 2.5 1.5 -2.5 1.5 -1.5 -2.5 2.5 0.5 -2.5 2.5 1.5 -2.5 ];
sentences = {'05413' '43285' '80338' '70287' '11755' '36514' '93692' '69009' '22336' '67850' '08168' '54841' '51779' '87470' '72141' '45923' '94067' '18502' '39994' '26626' };
offsets = [76068 64388 46910 20642 35453 83180 53292 75731 66079 69154 65556 45441 33513 45859 28511 37629 12424 61132 6287 24258 ];

