target=0.50;discardreversals=2;startvalue=0.00;steps=[4  2  1];selfservice=0;
%parameters=icra1,65,train
threshold = [-2.00 ];
values = [0.00 10.00 0.00 5.00 3.50 2.00 -0.50 -2.00 -0.50 -3.00 -0.50 -3.00 -3.50 -1.00 -2.50 0.00 -2.50 -2.00 -4.50 -2.00 ];
reversals = [0 -1 1 -1 0 0 0 1 -1 1 -1 0 1 -1 1 -1 1 -1 1 -1 ];
measures = [0 0 0 1 1 1 1 1 1 1 1 1 1 1 1 1 1 1 1 1 ];
presentations = [1 2 3 4 5 6 7 8 9 10 11 12 13 14 15 16 17 18 19 20 ];
answers = [0 5 0 4 4 5 4 1 5 0 5 3 0 4 0 5 2 5 0 5 ];
adjustments = [10 -10 5 -1.5 -1.5 -2.5 -1.5 1.5 -2.5 2.5 -2.5 -0.5 2.5 -1.5 2.5 -2.5 0.5 -2.5 2.5 -2.5 ];
sentences = {'91451' '70287' '45923' '35209' '93692' '66127' '52988' '03676' '69009' '48832' '08168' '54841' '11755' '87713' '22336' '36514' '14040' '87470' '29394' '70565' };
offsets = [38681 1075 7431 9693 23577 24592 7072 30814 27114 21709 4742 11508 9406 6114 17080 18799 5105 14094 4866 17253 ];

