target=0.50;discardreversals=2;startvalue=0.00;steps=[4  2  1];selfservice=0;
%parameters=icra5.250,65
threshold = [-7.50 ];
values = [0.00 -10.00 0.00 -5.00 -7.50 -6.00 -6.50 -7.00 -7.50 -8.00 -5.50 -8.00 -7.50 -5.00 -5.50 -8.00 -8.50 -6.00 -7.50 -9.00 ];
reversals = [0 1 -1 0 1 -1 0 0 0 1 -1 1 0 -1 0 0 1 -1 0 1 ];
measures = [0 0 0 0 1 1 1 1 1 1 1 1 1 1 1 1 1 1 1 1 ];
presentations = [1 2 3 4 5 6 7 8 9 10 11 12 13 14 15 16 17 18 19 20 ];
answers = [5 0 5 5 1 3 3 3 3 0 5 2 0 3 5 3 0 4 4 0 ];
adjustments = [-10 10 -5 -2.5 1.5 -0.5 -0.5 -0.5 -0.5 2.5 -2.5 0.5 2.5 -0.5 -2.5 -0.5 2.5 -1.5 -1.5 2.5 ];
sentences = {'07970' '63558' '90790' '46393' '95162' '66553' '59026' '48835' '51417' '34226' '10681' '78835' '82487' '03262' '77974' '82009' '31601' '15149' '29744' '24318' };
offsets = [1532401 437374 340717 3319735 258434 4748945 433447 1033801 4736807 3554335 2632117 3274842 948755 4447369 2400079 65510 4617963 1393818 3736561 2109814 ];

