target=0.50;discardreversals=2;startvalue=0.00;steps=[4  2  1];selfservice=0;
%parameters=icra5.250,65,train
threshold = [-3.25 ];
values = [0.00 2.00 -8.00 -3.00 -0.50 0.00 -0.50 -2.00 -0.50 -2.00 -2.50 -2.00 -4.50 -6.00 -6.50 -4.00 -4.50 -7.00 -5.50 -6.00 ];
reversals = [0 -1 1 0 0 -1 0 1 -1 0 1 -1 0 0 1 -1 0 1 -1 1 ];
measures = [0 0 0 0 0 1 1 1 1 1 1 1 1 1 1 1 1 1 1 1 ];
presentations = [1 2 3 4 5 6 7 8 9 10 11 12 13 14 15 16 17 18 19 20 ];
answers = [2 5 0 0 2 3 4 1 4 3 2 5 4 3 0 3 5 1 3 2 ];
adjustments = [2 -10 5 2.5 0.5 -0.5 -1.5 1.5 -1.5 -0.5 0.5 -2.5 -1.5 -0.5 2.5 -0.5 -2.5 1.5 -0.5 0.5 ];
sentences = {'70762' '51437' '09216' '15149' '92629' '23081' '66553' '48835' '90790' '77974' '24318' '18348' '59026' '03262' '47173' '65555' '86800' '34994' '31601' '82487' };
offsets = [2102218 2527824 3490145 4108781 3550518 767930 2728076 3501184 2306637 2068168 1620799 516297 1218453 3044293 3604025 932227 1414653 301746 1682258 3742242 ];

