target=0.50;discardreversals=2;startvalue=0.00;steps=[4  2  1];selfservice=0;
%parameters=icra5.250,65,re
threshold = [-8.00 ];
values = [0.00 -10.00 -12.00 -6.00 -9.00 -7.50 -8.00 -9.50 -9.00 -8.50 -7.00 -7.50 -8.00 -6.50 -8.00 -7.50 -10.00 -12.50 -11.00 -10.50 ];
reversals = [0 0 1 -1 1 -1 0 1 0 0 -1 0 1 -1 1 -1 0 1 0 -1 ];
measures = [0 0 0 0 1 1 1 1 1 1 1 1 1 1 1 1 1 1 1 1 ];
presentations = [1 2 3 4 5 6 7 8 9 10 11 12 13 14 15 16 17 18 19 20 ];
answers = [5 3 1 4 1 3 4 2 2 1 3 3 1 4 2 5 5 1 2 3 ];
adjustments = [-10 -2 6 -3 1.5 -0.5 -1.5 0.5 0.5 1.5 -0.5 -0.5 1.5 -1.5 0.5 -2.5 -2.5 1.5 0.5 -0.5 ];
sentences = {'44697' '43285' '80338' '67850' '72141' '18502' '26626' '94067' '06251' '12339' '85813' '69444' '39994' '77705' '33528' '05413' '51779' '21080' '98162' '50976' };
offsets = [3693743 4305083 1593696 465034 2997619 2924895 1539380 424264 2068615 520934 4273749 3875729 4503758 3356516 4314211 1444180 2435724 4277196 1992632 723767 ];

