target=0.50;discardreversals=2;startvalue=0.00;steps=[4  2  1];selfservice=0;
%parameters=icra1,65,re
threshold = [-4.50 ];
values = [0.00 -2.00 -12.00 -2.00 1.00 -2.00 -3.50 -5.00 -4.50 -3.00 -5.50 -4.00 -3.50 -4.00 -6.50 -5.00 -3.50 -4.00 -6.50 -4.00 ];
reversals = [0 0 1 0 -1 0 0 1 0 -1 1 0 -1 0 1 0 -1 0 1 -1 ];
measures = [0 0 0 0 0 0 0 1 1 1 1 1 1 1 1 1 1 1 1 1 ];
presentations = [1 2 3 4 5 6 7 8 9 10 11 12 13 14 15 16 17 18 19 20 ];
answers = [3 5 0 1 4 4 4 2 1 5 1 2 3 5 1 1 3 5 0 4 ];
adjustments = [-2 -10 10 3 -3 -1.5 -1.5 0.5 1.5 -2.5 1.5 0.5 -0.5 -2.5 1.5 1.5 -0.5 -2.5 2.5 -1.5 ];
sentences = {'68819' '22586' '54841' '11755' '99308' '08168' '22336' '70287' '93692' '87263' '55025' '74972' '45923' '87470' '69009' '41634' '03491' '16140' '30757' '36514' };
offsets = [21391 6036 4402 16156 6920 12918 20627 23929 392 12764 12102 15547 8896 9461 25982 10794 25874 1293 5420 30003 ];

