target=0.50;discardreversals=2;startvalue=0.00;steps=[4  2  1];selfservice=0;
%parameters=icra1,37
threshold = [1.75 ];
values = [0.00 -2.00 4.00 3.00 3.50 2.00 2.50 0.00 -0.50 -2.00 -0.50 1.00 -0.50 -2.00 -1.50 0.00 1.50 1.00 3.50 1.00 ];
reversals = [0 1 -1 1 -1 1 -1 0 0 1 0 -1 0 1 0 0 -1 1 -1 0 ];
measures = [0 0 0 1 1 1 1 1 1 1 1 1 1 1 1 1 1 1 1 1 ];
presentations = [1 2 3 4 5 6 7 8 9 10 11 12 13 14 15 16 17 18 19 20 ];
answers = [3 1 3 2 4 2 5 3 4 1 1 4 4 2 1 1 3 0 5 3 ];
adjustments = [-2 6 -1 0.5 -1.5 0.5 -2.5 -0.5 -1.5 1.5 1.5 -1.5 -1.5 0.5 1.5 1.5 -0.5 2.5 -2.5 -0.5 ];
sentences = {'47048' '95569' '89135' '33528' '77705' '44697' '52277' '12339' '98162' '18314' '61793' '76802' '21080' '33980' '50976' '69444' '00456' '24621' '85813' '06251' };
offsets = [34891 12489 18639 34507 7089 1915 9652 18534 24723 19260 13614 21679 750 1409 6342 9272 34322 15690 16696 7732 ];

