target=0.50;discardreversals=2;startvalue=0.00;steps=[4  2  1];selfservice=0;
%parameters=icra1,65
threshold = [-3.75 ];
values = [0.00 -10.00 0.00 1.00 -4.00 -3.50 -4.00 -4.50 -2.00 -2.50 -3.00 -4.50 -3.00 -4.50 -4.00 -3.50 -6.00 -7.50 -6.00 -3.50 ];
reversals = [0 1 0 -1 1 -1 0 1 -1 0 0 1 -1 1 0 -1 0 1 0 -1 ];
measures = [0 0 0 0 1 1 1 1 1 1 1 1 1 1 1 1 1 1 1 1 ];
presentations = [1 2 3 4 5 6 7 8 9 10 11 12 13 14 15 16 17 18 19 20 ];
answers = [5 0 2 5 2 3 3 0 3 3 4 1 4 2 2 5 4 1 0 3 ];
adjustments = [-10 10 1 -5 0.5 -0.5 -0.5 2.5 -0.5 -0.5 -1.5 1.5 -1.5 0.5 0.5 -2.5 -1.5 1.5 2.5 -0.5 ];
sentences = {'59026' '31601' '03262' '77974' '43285' '72141' '48835' '80338' '39994' '24318' '94067' '18502' '51779' '66553' '67850' '15149' '26626' '90790' '05413' '82487' };
offsets = [14091 32893 23599 17902 10229 2139 5058 17268 25380 17626 25970 2138 1421 27995 12161 9448 17455 9462 22751 15131 ];

