target=0.50;discardreversals=2;startvalue=0.00;steps=[4  2  1];selfservice=0;
%parameters=icra1,47
threshold = [-1.00 ];
values = [0.00 -2.00 -4.00 6.00 1.00 -0.50 1.00 0.50 -1.00 1.50 -1.00 -0.50 2.00 -0.50 -3.00 -3.50 -4.00 -2.50 -1.00 -3.50 ];
reversals = [0 0 1 -1 0 1 -1 0 1 -1 1 0 -1 0 0 0 1 0 -1 1 ];
measures = [0 0 0 0 0 1 1 1 1 1 1 1 1 1 1 1 1 1 1 1 ];
presentations = [1 2 3 4 5 6 7 8 9 10 11 12 13 14 15 16 17 18 19 20 ];
answers = [3 3 0 5 4 1 3 4 0 5 2 0 5 5 3 3 1 1 5 1 ];
adjustments = [-2 -2 10 -5 -1.5 1.5 -0.5 -1.5 2.5 -2.5 0.5 2.5 -2.5 -2.5 -0.5 -0.5 1.5 1.5 -2.5 1.5 ];
sentences = {'26626' '51437' '39994' '94067' '23081' '09216' '80338' '34994' '65555' '86800' '67850' '47173' '72141' '18348' '43285' '05413' '18502' '70762' '92629' '51779' };
offsets = [16880 26336 15436 32191 1799 2244 3353 1382 12458 9555 2798 5218 16079 3180 5172 20176 16026 137 2264 12476 ];

