target=0.50;discardreversals=2;startvalue=0.00;steps=[4  2  1];selfservice=0;
%parameters=babble,65
threshold = [1.00 ];
values = [0.00 10.00 0.00 -5.00 0.00 1.50 1.00 2.50 1.00 0.50 1.00 1.50 -1.00 -2.50 0.00 -2.50 -2.00 0.50 1.00 2.50 ];
reversals = [0 -1 0 1 0 -1 1 -1 0 1 0 -1 0 1 -1 1 0 0 0 -1 ];
measures = [0 0 0 0 0 1 1 1 1 1 1 1 1 1 1 1 1 1 1 1 ];
presentations = [1 2 3 4 5 6 7 8 9 10 11 12 13 14 15 16 17 18 19 20 ];
answers = [0 5 5 0 1 3 1 4 3 2 2 5 4 0 5 2 0 2 1 5 ];
adjustments = [10 -10 -5 5 1.5 -0.5 1.5 -1.5 -0.5 0.5 0.5 -2.5 -1.5 2.5 -2.5 0.5 2.5 0.5 1.5 -2.5 ];
sentences = {'85813' '02737' '37886' '15952' '89364' '23448' '76600' '51195' '44529' '50976' '33528' '98162' '77705' '68271' '90013' '06251' '21080' '69444' '12339' '44697' };
offsets = [28556 3551 35052 3281 34326 31780 13603 12272 9993 6217 5047 191 10720 36540 32969 30564 28623 2984 1576 36853 ];

