target=0.50;discardreversals=2;startvalue=0.00;steps=[4  2  1];selfservice=0;
%parameters=quiet,65
threshold = [-32.50 ];
values = [0.00 -10.00 -16.00 -26.00 -28.00 -38.00 -28.00 -33.00 -32.50 -31.00 -32.50 -31.00 -32.50 -34.00 -36.50 -34.00 -32.50 -35.00 -35.50 -34.00 ];
reversals = [0 0 0 0 0 1 -1 1 0 -1 1 -1 0 0 1 0 -1 0 1 0 ];
measures = [0 0 0 0 0 0 0 1 1 1 1 1 1 1 1 1 1 1 1 1 ];
presentations = [1 2 3 4 5 6 7 8 9 10 11 12 13 14 15 16 17 18 19 20 ];
answers = [5 4 5 3 5 0 5 2 1 4 1 4 4 5 0 1 5 3 1 1 ];
adjustments = [-10 -6 -10 -2 -10 10 -5 0.5 1.5 -1.5 1.5 -1.5 -1.5 -2.5 2.5 1.5 -2.5 -0.5 1.5 1.5 ];
sentences = {'33528' '85813' '24318' '06251' '90790' '48835' '44697' '82487' '12339' '77974' '21080' '77705' '15149' '98162' '59026' '69444' '50976' '03262' '66553' '31601' };
offsets = [18568 61981 6791 30321 48524 78038 13743 10993 41647 17432 52269 64014 35625 52545 35484 1100 25726 51970 74212 60149 ];

