target=0.50;discardreversals=2;startvalue=0.00;steps=[4  2  1];selfservice=0;
threshold = [-1.50 ];
values = [0.00 10.00 0.00 -1.00 -4.00 -3.00 -1.50 -1.00 -0.50 2.00 1.50 0.00 -0.50 0.00 -2.50 -3.00 -3.50 -3.00 -2.50 -4.00 ];
reversals = [0 -1 0 0 1 0 0 0 0 -1 0 0 1 -1 0 0 1 0 -1 1 ];
measures = [0 0 0 0 0 0 0 0 0 1 1 1 1 1 1 1 1 1 1 1 ];
presentations = [1 2 3 4 5 6 7 8 9 10 11 12 13 14 15 16 17 18 19 20 ];
answers = [0 5 3 4 2 1 2 2 0 3 4 3 2 5 3 3 2 2 4 1 ];
adjustments = [10 -10 -1 -3 1 1.5 0.5 0.5 2.5 -0.5 -1.5 -0.5 0.5 -2.5 -0.5 -0.5 0.5 0.5 -1.5 1.5 ];
sentences = {'06251' '74972' '87263' '16140' '69444' '21080' '85813' '44697' '03491' '12339' '77705' '30757' '33528' '98162' '55025' '50976' '99308' '41634' '68819' '22586' };
offsets = [4760 26158 12173 24428 6674 7622 7063 20040 34459 17437 2330 844 5155 9528 817 15679 4497 14668 27848 20586 ];

