target=0.50;discardreversals=2;startvalue=0.00;steps=[4  2  1];selfservice=0;
threshold = [-3.25 ];
values = [5.00 -5.00 -3.00 -4.00 -5.50 -5.00 -3.50 -5.00 -2.50 -4.00 -2.50 -3.00 -2.50 -2.00 0.50 0.00 -0.50 -1.00 -3.50 -4.00 ];
reversals = [0 1 -1 0 1 0 -1 1 -1 1 -1 1 0 0 -1 0 0 0 0 0 ];
measures = [0 0 0 0 1 1 1 1 1 1 1 1 1 1 1 1 1 1 1 1 ];
presentations = [1 2 3 4 5 6 7 8 9 10 11 12 13 14 15 16 17 18 19 20 ];
answers = [5 2 3 4 2 1 4 0 4 1 3 2 2 0 3 3 3 5 3 3 ];
adjustments = [-10 2 -1 -1.5 0.5 1.5 -1.5 2.5 -1.5 1.5 -0.5 0.5 0.5 2.5 -0.5 -0.5 -0.5 -2.5 -0.5 -0.5 ];
sentences = {'52277' '92629' '89135' '18348' '70762' '47173' '51437' '00456' '76802' '33980' '18314' '65555' '34994' '09216' '61793' '86800' '47048' '95569' '24621' '23081' };
offsets = [62613 36871 61073 42586 23278 76458 49537 53950 89938 45000 44563 48309 42079 78898 76472 74887 25673 74437 83172 86806 ];

