target=0.50;discardreversals=2;startvalue=0.00;steps=[4  2  1];selfservice=0;
threshold = [-3.00 ];
values = [0.00 -2.00 4.00 -1.00 0.50 -1.00 -2.50 -4.00 -2.50 -3.00 -2.50 -4.00 -3.50 -5.00 -2.50 -3.00 -3.50 -2.00 -3.50 -3.00 ];
reversals = [0 1 -1 1 -1 0 0 1 -1 1 -1 1 -1 1 -1 0 1 -1 1 -1 ];
measures = [0 0 0 1 1 1 1 1 1 1 1 1 1 1 1 1 1 1 1 1 ];
presentations = [1 2 3 4 5 6 7 8 9 10 11 12 13 14 15 16 17 18 19 20 ];
answers = [3 1 5 1 4 4 4 1 3 2 4 2 4 0 3 3 1 4 2 5 ];
adjustments = [-2 6 -5 1.5 -1.5 -1.5 -1.5 1.5 -0.5 0.5 -1.5 0.5 -1.5 2.5 -0.5 -0.5 1.5 -1.5 0.5 -2.5 ];
sentences = {'70287' '45923' '82009' '36514' '63558' '93692' '51417' '34226' '29744' '08168' '22336' '78835' '69009' '10681' '11755' '07970' '54841' '87470' '46393' '95162' };
offsets = [8155 13169 21398 30616 27329 3959 18072 18428 2610 20316 25420 30271 20249 3107 16028 23711 740 15631 35758 5928 ];

