target=0.50;discardreversals=2;startvalue=0.00;steps=[4  2  1];selfservice=0;
threshold = [-1.00 ];
values = [0.00 -2.00 -4.00 6.00 3.00 1.50 1.00 1.50 -1.00 -0.50 -2.00 -1.50 -1.00 -3.50 -1.00 -1.50 0.00 -0.50 -3.00 -1.50 ];
reversals = [0 0 1 -1 0 0 1 -1 1 -1 1 0 -1 1 -1 1 -1 0 1 -1 ];
measures = [0 0 0 0 0 0 1 1 1 1 1 1 1 1 1 1 1 1 1 1 ];
presentations = [1 2 3 4 5 6 7 8 9 10 11 12 13 14 15 16 17 18 19 20 ];
answers = [3 3 0 4 4 3 2 5 2 4 2 2 5 0 3 1 3 5 1 3 ];
adjustments = [-2 -2 10 -3 -1.5 -0.5 0.5 -2.5 0.5 -1.5 0.5 0.5 -2.5 2.5 -0.5 1.5 -0.5 -2.5 1.5 -0.5 ];
sentences = {'34994' '47173' '09216' '00456' '76802' '89135' '24621' '95569' '86800' '47048' '65555' '18348' '18314' '33980' '61793' '52277' '23081' '92629' '51437' '70762' };
offsets = [30089 16674 20551 27659 16202 26581 9713 8084 18750 5498 2059 3884 9581 30118 6486 11287 10050 832 8090 672 ];

