target=0.50;discardreversals=2;startvalue=0.00;steps=[4  2  1];selfservice=0;
threshold = [-7.50 ];
values = [0.00 -2.00 -4.00 -14.00 -4.00 -9.00 -7.50 -7.00 -6.50 -6.00 -7.50 -9.00 -7.50 -8.00 -5.50 -7.00 -6.50 -8.00 -6.50 -8.00 ];
reversals = [0 0 0 1 -1 1 0 0 0 -1 0 1 -1 1 -1 1 -1 1 -1 1 ];
measures = [0 0 0 0 0 1 1 1 1 1 1 1 1 1 1 1 1 1 1 1 ];
presentations = [1 2 3 4 5 6 7 8 9 10 11 12 13 14 15 16 17 18 19 20 ];
answers = [3 3 5 0 5 1 2 2 2 4 4 1 3 0 4 2 4 1 4 0 ];
adjustments = [-2 -2 -10 10 -5 1.5 0.5 0.5 0.5 -1.5 -1.5 1.5 -0.5 2.5 -1.5 0.5 -1.5 1.5 -1.5 2.5 ];
sentences = {'80338' '54841' '08168' '70287' '05413' '26626' '94067' '11755' '22336' '87470' '39994' '67850' '51779' '18502' '69009' '43285' '36514' '45923' '93692' '72141' };
offsets = [1243114 3505235 1343420 1465179 2847351 3859414 2824775 4392166 2165591 4221731 758850 2792867 3390299 4084622 3133358 1395121 531006 3127892 3697987 4428001 ];

