target=0.50;discardreversals=2;startvalue=0.00;steps=[4  2  1];selfservice=0;
threshold = [-5.50 ];
values = [0.00 -6.00 -8.00 -2.00 -5.00 -4.50 -4.00 -4.50 -5.00 -7.50 -7.00 -6.50 -6.00 -6.50 -5.00 -6.50 -6.00 -5.50 -3.00 -2.50 ];
reversals = [0 0 1 -1 1 0 -1 0 0 1 0 0 -1 1 -1 1 0 0 0 -1 ];
measures = [0 0 0 0 1 1 1 1 1 1 1 1 1 1 1 1 1 1 1 1 ];
presentations = [1 2 3 4 5 6 7 8 9 10 11 12 13 14 15 16 17 18 19 20 ];
answers = [4 3 1 4 2 2 3 3 5 2 2 2 3 1 4 2 2 0 2 4 ];
adjustments = [-6 -2 6 -3 0.5 0.5 -0.5 -0.5 -2.5 0.5 0.5 0.5 -0.5 1.5 -1.5 0.5 0.5 2.5 0.5 -1.5 ];
sentences = {'54841' '89364' '15952' '90013' '23448' '08168' '36514' '02737' '68271' '70287' '76600' '51195' '87470' '44529' '69009' '93692' '37886' '22336' '11755' '45923' };
offsets = [1465710 3362660 2554834 4708161 948249 1014309 4135997 4118437 4255052 3914437 2051536 873415 2895002 3069087 979119 147100 496132 3594765 1422816 3261409 ];

