target=0.50;discardreversals=2;startvalue=0.00;steps=[4  2  1];selfservice=0;
threshold = [-1.00 ];
values = [0.00 -6.00 0.00 -3.00 -1.50 -1.00 -0.50 -3.00 -1.50 -1.00 -0.50 0.00 -0.50 -1.00 0.50 0.00 -2.50 -1.00 -2.50 -3.00 ];
reversals = [0 1 -1 1 0 0 -1 1 0 0 0 -1 0 1 -1 0 1 -1 0 0 ];
measures = [0 0 0 1 1 1 1 1 1 1 1 1 1 1 1 1 1 1 1 1 ];
presentations = [1 2 3 4 5 6 7 8 9 10 11 12 13 14 15 16 17 18 19 20 ];
answers = [4 1 4 1 2 2 5 1 2 2 2 3 3 1 3 5 1 4 3 3 ];
adjustments = [-6 6 -3 1.5 0.5 0.5 -2.5 1.5 0.5 0.5 0.5 -0.5 -0.5 1.5 -0.5 -2.5 1.5 -1.5 -0.5 -0.5 ];
sentences = {'70565' '87713' '16140' '30757' '14040' '03491' '55025' '03676' '35209' '68819' '91451' '74972' '52988' '22586' '48832' '99308' '87263' '29394' '66127' '41634' };
offsets = [17861 7525 6133 1682 2527 46932 12520 17674 8267 39264 16366 1818 7929 27875 12363 29566 3683 8633 1430 5708 ];

