target=0.50;discardreversals=2;startvalue=0.00;steps=[4  2  1];selfservice=0;
threshold = [4.00 ];
values = [0.00 10.00 4.00 1.00 6.00 5.50 4.00 3.50 4.00 3.50 3.00 2.50 2.00 3.50 4.00 3.50 2.00 2.50 5.00 4.50 ];
reversals = [0 -1 0 1 -1 0 0 1 -1 0 0 0 1 0 -1 0 1 0 -1 0 ];
measures = [0 0 0 0 1 1 1 1 1 1 1 1 1 1 1 1 1 1 1 1 ];
presentations = [1 2 3 4 5 6 7 8 9 10 11 12 13 14 15 16 17 18 19 20 ];
answers = [0 4 4 0 3 4 3 2 3 3 3 3 1 2 3 4 2 0 3 4 ];
adjustments = [10 -6 -3 5 -0.5 -1.5 -0.5 0.5 -0.5 -0.5 -0.5 -0.5 1.5 0.5 -0.5 -1.5 0.5 2.5 -0.5 -1.5 ];
sentences = {'12339' '21080' '77705' '76600' '23448' '15952' '44697' '06251' '69444' '98162' '02737' '68271' '50976' '44529' '89364' '90013' '51195' '33528' '37886' '85813' };
offsets = [3243801 1826804 1024206 1792404 1859551 4611889 4178202 439312 2177518 2473029 4248791 2157370 4361862 3258129 3760021 1223079 2271505 2657300 3581545 4458015 ];

