target=0.50;discardreversals=2;startvalue=0.00;steps=[4  2  1];selfservice=0;
threshold = [1.50 ];
values = [0.00 10.00 0.00 -5.00 0.00 2.50 2.00 2.50 2.00 2.50 0.00 -2.50 -1.00 1.50 0.00 1.50 0.00 0.50 -2.00 -0.50 ];
reversals = [0 -1 0 1 0 -1 1 -1 1 -1 0 1 0 -1 1 -1 1 -1 1 -1 ];
measures = [0 0 0 0 0 1 1 1 1 1 1 1 1 1 1 1 1 1 1 1 ];
presentations = [1 2 3 4 5 6 7 8 9 10 11 12 13 14 15 16 17 18 19 20 ];
answers = [0 5 5 0 0 3 2 3 2 5 5 1 0 4 1 4 2 5 1 5 ];
adjustments = [10 -10 -5 5 2.5 -0.5 0.5 -0.5 0.5 -2.5 -2.5 1.5 2.5 -1.5 1.5 -1.5 0.5 -2.5 1.5 -2.5 ];
sentences = {'89364' '02737' '68271' '51437' '23081' '23448' '09216' '37886' '86800' '90013' '92629' '65555' '44529' '70762' '51195' '18348' '34994' '76600' '15952' '47173' };
offsets = [5900 7231 27030 24027 24822 7979 29920 27460 4089 10266 1640 5647 14844 289 14586 12598 23771 8956 5098 33115 ];

