target=0.50;discardreversals=2;startvalue=0.00;steps=[4  2  1];selfservice=0;
threshold = [-1.00 ];
values = [0.00 -6.00 4.00 1.00 -0.50 0.00 1.50 -1.00 -2.50 -1.00 -1.50 -1.00 -0.50 1.00 1.50 1.00 0.50 0.00 -1.50 -1.00 ];
reversals = [0 1 -1 0 1 0 -1 0 1 -1 1 0 0 0 -1 0 0 0 1 -1 ];
measures = [0 0 0 0 1 1 1 1 1 1 1 1 1 1 1 1 1 1 1 1 ];
presentations = [1 2 3 4 5 6 7 8 9 10 11 12 13 14 15 16 17 18 19 20 ];
answers = [4 0 4 4 2 1 5 4 1 3 2 2 1 2 3 3 3 4 2 3 ];
adjustments = [-6 10 -3 -1.5 0.5 1.5 -2.5 -1.5 1.5 -0.5 0.5 0.5 1.5 0.5 -0.5 -0.5 -0.5 -1.5 0.5 -0.5 ];
sentences = {'15149' '77705' '66553' '12339' '06251' '33528' '98162' '50976' '69444' '59026' '24318' '48835' '31601' '21080' '03262' '85813' '77974' '90790' '82487' '44697' };
offsets = [1888843 321976 4810910 495246 151900 3214340 889406 53347 4414109 1092919 1047791 2784410 4742039 538051 2717422 3342846 3832141 4367262 1854425 3737107 ];

