target=0.50;discardreversals=2;startvalue=0.00;steps=[4  2  1];selfservice=0;
threshold = [1.50 ];
values = [0.00 10.00 0.00 3.00 0.50 0.00 1.50 1.00 1.50 3.00 1.50 2.00 2.50 1.00 1.50 1.00 0.50 3.00 1.50 1.00 ];
reversals = [0 -1 1 -1 0 1 -1 1 0 -1 1 0 -1 1 -1 0 1 -1 0 1 ];
measures = [0 0 0 1 1 1 1 1 1 1 1 1 1 1 1 1 1 1 1 1 ];
presentations = [1 2 3 4 5 6 7 8 9 10 11 12 13 14 15 16 17 18 19 20 ];
answers = [0 5 1 5 3 1 3 2 1 4 2 2 4 2 3 3 0 4 3 1 ];
adjustments = [10 -10 3 -2.5 -0.5 1.5 -0.5 0.5 1.5 -1.5 0.5 0.5 -1.5 0.5 -0.5 -0.5 2.5 -1.5 -0.5 1.5 ];
sentences = {'03491' '87263' '99308' '85813' '50976' '68819' '74972' '16140' '33528' '69444' '06251' '12339' '55025' '21080' '77705' '98162' '44697' '22586' '41634' '30757' };
offsets = [36176 1889 18369 16361 11384 12779 2757 31955 33518 7949 9745 3502 19068 8294 8860 113 7662 9391 24727 925 ];

