target=0.50;discardreversals=2;startvalue=0.00;steps=[4  2  1];selfservice=0;
threshold = [1.50 ];
values = [5.00 -1.00 9.00 4.00 2.50 3.00 1.50 4.00 2.50 0.00 1.50 -1.00 -0.50 1.00 -0.50 -1.00 -0.50 2.00 0.50 -2.00 ];
reversals = [0 1 -1 0 1 -1 1 -1 0 1 -1 1 0 -1 0 1 0 -1 0 1 ];
measures = [0 0 0 0 1 1 1 1 1 1 1 1 1 1 1 1 1 1 1 1 ];
presentations = [1 2 3 4 5 6 7 8 9 10 11 12 13 14 15 16 17 18 19 20 ];
answers = [4 0 5 4 2 4 0 4 5 1 5 2 1 4 3 2 0 4 5 1 ];
adjustments = [-6 10 -5 -1.5 0.5 -1.5 2.5 -1.5 -2.5 1.5 -2.5 0.5 1.5 -1.5 -0.5 0.5 2.5 -1.5 -2.5 1.5 ];
sentences = {'15952' '44529' '76802' '02737' '89364' '00456' '76600' '95569' '68271' '23448' '90013' '89135' '51195' '37886' '47048' '33980' '61793' '52277' '18314' '24621' };
offsets = [49737 65452 17613 56760 35150 60995 3446 8208 24479 37122 59291 61360 18842 39293 74755 50587 65014 36764 56335 23310 ];

