target=0.50;discardreversals=2;startvalue=0.00;steps=[4  2  1];selfservice=0;
threshold = [-9.00 ];
values = [0.00 -10.00 -4.00 -7.00 -8.50 -9.00 -7.50 -6.00 -4.50 -6.00 -6.50 -9.00 -7.50 -7.00 -5.50 -4.00 -6.50 -8.00 -9.50 -9.00 ];
reversals = [0 1 -1 0 0 1 0 0 -1 0 0 1 0 0 0 -1 0 0 1 -1 ];
measures = [0 0 0 0 0 1 1 1 1 1 1 1 1 1 1 1 1 1 1 1 ];
presentations = [1 2 3 4 5 6 7 8 9 10 11 12 13 14 15 16 17 18 19 20 ];
answers = [5 1 4 4 3 1 1 1 4 3 5 1 2 1 1 5 4 4 2 5 ];
adjustments = [-10 6 -3 -1.5 -0.5 1.5 1.5 1.5 -1.5 -0.5 -2.5 1.5 0.5 1.5 1.5 -2.5 -1.5 -1.5 0.5 -2.5 ];
sentences = {'70565' '51417' '95162' '46393' '29744' '03676' '66127' '14040' '52988' '34226' '10681' '87713' '91451' '29394' '63558' '35209' '48832' '82009' '78835' '07970' };
offsets = [121340 346866 2601659 3178408 4453908 2670571 439406 3328783 827490 3383567 223146 4542738 426360 2781667 2868705 810599 2006597 141114 687471 2724035 ];

