target=0.50;discardreversals=2;startvalue=0.00;steps=[4  2  1];selfservice=0;
threshold = [-5.00 ];
values = [0.00 2.00 0.00 -5.00 -2.00 -4.50 -7.00 -4.50 -3.00 -2.50 -4.00 -4.50 -3.00 -4.50 -6.00 -5.50 -5.00 -6.50 -5.00 -6.50 ];
reversals = [0 -1 0 1 -1 0 1 0 0 -1 0 1 -1 0 1 0 -1 1 -1 1 ];
measures = [0 0 0 0 1 1 1 1 1 1 1 1 1 1 1 1 1 1 1 1 ];
presentations = [1 2 3 4 5 6 7 8 9 10 11 12 13 14 15 16 17 18 19 20 ];
answers = [2 3 5 1 5 5 0 1 2 4 3 1 4 4 2 2 4 1 4 0 ];
adjustments = [2 -2 -5 3 -2.5 -2.5 2.5 1.5 0.5 -1.5 -0.5 1.5 -1.5 -1.5 0.5 0.5 -1.5 1.5 -1.5 2.5 ];
sentences = {'18314' '18348' '51437' '34994' '09216' '52277' '23081' '76802' '70762' '89135' '92629' '00456' '24621' '47048' '47173' '65555' '86800' '61793' '95569' '33980' };
offsets = [26809 12111 13459 23377 38811 10512 159 29483 121 15999 25278 15332 1934 21690 12404 8594 32550 2052 23736 18081 ];

