target=0.50;discardreversals=2;startvalue=0.00;steps=[4  2  1];selfservice=0;
threshold = [-8.00 ];
values = [0.00 -10.00 -16.00 -6.00 -7.00 -5.50 -8.00 -8.50 -6.00 -6.50 -8.00 -7.50 -10.00 -9.50 -8.00 -10.50 -11.00 -11.50 -13.00 -12.50 ];
reversals = [0 0 1 -1 1 -1 0 1 -1 0 1 -1 1 0 -1 0 0 0 1 -1 ];
measures = [0 0 0 0 1 1 1 1 1 1 1 1 1 1 1 1 1 1 1 1 ];
presentations = [1 2 3 4 5 6 7 8 9 10 11 12 13 14 15 16 17 18 19 20 ];
answers = [5 4 0 3 1 5 3 0 3 4 2 5 2 1 5 3 3 4 2 4 ];
adjustments = [-10 -6 10 -1 1.5 -2.5 -0.5 2.5 -0.5 -1.5 0.5 -2.5 0.5 1.5 -2.5 -0.5 -0.5 -1.5 0.5 -1.5 ];
sentences = {'89135' '55025' '00456' '76802' '18314' '95569' '33980' '03491' '16140' '41634' '99308' '52277' '22586' '30757' '24621' '68819' '61793' '74972' '87263' '47048' };
offsets = [3609543 2426006 4360098 4496252 3574417 276160 4681831 3119568 2184765 898440 3384378 1525336 1642770 1429414 856425 4755362 2782478 148705 1441188 3356901 ];

