target=0.50;discardreversals=2;startvalue=0.00;steps=[4  2  1];selfservice=0;
threshold = [-6.00 ];
values = [0.00 -2.00 -12.00 -6.00 -5.00 -2.00 -7.00 -4.50 -6.00 -8.50 -7.00 -5.50 -4.00 -5.50 -6.00 -3.50 -5.00 -6.50 -7.00 -7.50 ];
reversals = [0 0 1 0 0 -1 1 -1 0 1 0 0 -1 0 1 -1 0 0 0 1 ];
measures = [0 0 0 0 0 0 1 1 1 1 1 1 1 1 1 1 1 1 1 1 ];
presentations = [1 2 3 4 5 6 7 8 9 10 11 12 13 14 15 16 17 18 19 20 ];
answers = [3 5 1 2 1 5 0 4 5 1 1 1 4 3 0 4 4 3 3 1 ];
adjustments = [-2 -10 6 1 3 -5 2.5 -1.5 -2.5 1.5 1.5 1.5 -1.5 -0.5 2.5 -1.5 -1.5 -0.5 -0.5 1.5 ];
sentences = {'03262' '45923' '70287' '22336' '48835' '69009' '90790' '36514' '08168' '93692' '31601' '54841' '24318' '15149' '82487' '66553' '77974' '87470' '59026' '11755' };
offsets = [3468632 863624 2556834 2508344 758668 1882268 626435 3801117 1329070 3821331 4016014 984082 2940875 2319016 4464971 4220 3393465 3937899 4433775 1545373 ];

