target=0.50;discardreversals=2;startvalue=0.00;steps=[4  2  1];selfservice=0;
threshold = [-5.00 ];
values = [0.00 -10.00 0.00 -5.00 -5.50 -5.00 -3.50 -5.00 -2.50 -5.00 -5.50 -3.00 -5.50 -4.00 -6.50 -5.00 -5.50 -4.00 -1.50 -4.00 ];
reversals = [0 1 -1 0 1 0 -1 1 -1 0 1 -1 1 -1 1 -1 1 0 -1 1 ];
measures = [0 0 0 0 1 1 1 1 1 1 1 1 1 1 1 1 1 1 1 1 ];
presentations = [1 2 3 4 5 6 7 8 9 10 11 12 13 14 15 16 17 18 19 20 ];
answers = [5 0 5 3 2 1 4 0 5 3 0 5 1 5 1 3 1 0 5 2 ];
adjustments = [-10 10 -5 -0.5 0.5 1.5 -1.5 2.5 -2.5 -0.5 2.5 -2.5 1.5 -2.5 1.5 -0.5 1.5 2.5 -2.5 0.5 ];
sentences = {'24621' '03491' '16140' '55025' '89135' '00456' '41634' '74972' '68819' '52277' '76802' '95569' '87263' '99308' '18314' '47048' '30757' '61793' '33980' '22586' };
offsets = [13446 11621 18473 20521 14945 29061 10508 26003 13560 119 33983 13516 7703 13953 26011 18837 4942 17553 15702 9544 ];

