target=0.50;discardreversals=2;startvalue=0.00;steps=[4  2  1];selfservice=0;
threshold = [-26.00 ];
values = [5.00 -5.00 -15.00 -25.00 -27.00 -17.00 -18.00 -19.50 -22.00 -24.50 -26.00 -27.50 -27.00 -25.50 -26.00 -24.50 -26.00 -27.50 -26.00 -26.50 ];
reversals = [0 0 0 0 1 -1 0 0 0 0 0 1 0 -1 1 -1 0 1 -1 0 ];
measures = [0 0 0 0 0 0 0 0 0 0 0 1 1 1 1 1 1 1 1 1 ];
presentations = [1 2 3 4 5 6 7 8 9 10 11 12 13 14 15 16 17 18 19 20 ];
answers = [5 5 5 3 0 3 4 5 5 4 4 2 1 3 1 4 4 1 3 4 ];
adjustments = [-10 -10 -10 -2 10 -1 -1.5 -2.5 -2.5 -1.5 -1.5 0.5 1.5 -0.5 1.5 -1.5 -1.5 1.5 -0.5 -1.5 ];
sentences = {'24318' '66553' '76600' '15149' '48835' '51195' '23448' '90013' '59026' '15952' '90790' '03262' '68271' '77974' '44529' '82487' '37886' '89364' '02737' '31601' };
offsets = [21636 41721 50815 57113 88411 52387 50912 66978 33161 38055 3714 81184 81578 77777 92024 47157 70788 27977 63058 34873 ];

