target=0.50;discardreversals=2;startvalue=0.00;steps=[4  2  1];selfservice=0;
threshold = [-4.25 ];
values = [0.00 2.00 -8.00 -3.00 -4.50 -3.00 -3.50 -4.00 -6.50 -4.00 -4.50 -5.00 -3.50 -2.00 -4.50 -6.00 -3.50 -6.00 -3.50 -6.00 ];
reversals = [0 -1 1 -1 1 -1 0 0 1 -1 0 1 0 -1 0 1 -1 1 -1 1 ];
measures = [0 0 0 1 1 1 1 1 1 1 1 1 1 1 1 1 1 1 1 1 ];
presentations = [1 2 3 4 5 6 7 8 9 10 11 12 13 14 15 16 17 18 19 20 ];
answers = [2 5 0 4 1 3 3 5 0 3 3 1 1 5 4 0 5 0 5 0 ];
adjustments = [2 -10 5 -1.5 1.5 -0.5 -0.5 -2.5 2.5 -0.5 -0.5 1.5 1.5 -2.5 -1.5 2.5 -2.5 2.5 -2.5 2.5 ];
sentences = {'48832' '44529' '23448' '37886' '89364' '15952' '87713' '66127' '52988' '02737' '76600' '51195' '70565' '35209' '68271' '91451' '14040' '29394' '03676' '90013' };
offsets = [36276 31730 19592 16778 19322 2374 3383 8161 1195 22572 33586 12743 132 16443 23942 30909 2089 8530 350 16407 ];

