target=0.50;discardreversals=2;startvalue=0.00;steps=[4  2  1];selfservice=0;
threshold = [-27.75 ];
values = [5.00 -5.00 -15.00 -25.00 -31.00 -25.00 -26.00 -27.50 -25.00 -26.50 -29.00 -29.50 -28.00 -27.50 -28.00 -27.50 -27.00 -28.50 -29.00 -28.50 ];
reversals = [0 0 0 0 1 -1 0 1 -1 0 0 1 0 -1 1 0 -1 0 1 -1 ];
measures = [0 0 0 0 0 0 0 1 1 1 1 1 1 1 1 1 1 1 1 1 ];
presentations = [1 2 3 4 5 6 7 8 9 10 11 12 13 14 15 16 17 18 19 20 ];
answers = [5 5 5 4 1 3 4 0 4 5 3 1 2 3 2 2 4 3 2 3 ];
adjustments = [-10 -10 -10 -6 6 -1 -1.5 2.5 -1.5 -2.5 -0.5 1.5 0.5 -0.5 0.5 0.5 -1.5 -0.5 0.5 -0.5 ];
sentences = {'82487' '05413' '66553' '67850' '31601' '48835' '77974' '51779' '39994' '15149' '43285' '80338' '26626' '59026' '03262' '18502' '24318' '94067' '90790' '72141' };
offsets = [74979 21504 2453 16285 33503 36627 28337 61995 2902 2345 64682 57800 12764 87150 8375 59194 26896 53143 32120 10148 ];

