target=0.50;discardreversals=2;startvalue=0.00;steps=[4  2  1];selfservice=0;
threshold = [-4.50 ];
values = [0.00 -10.00 0.00 -5.00 -3.50 -2.00 -4.50 -3.00 -4.50 -3.00 -2.50 -5.00 -3.50 -3.00 -4.50 -3.00 -3.50 -6.00 -5.50 -7.00 ];
reversals = [0 1 -1 1 0 -1 1 -1 1 0 -1 1 0 -1 1 -1 0 1 -1 1 ];
measures = [0 0 0 1 1 1 1 1 1 1 1 1 1 1 1 1 1 1 1 1 ];
presentations = [1 2 3 4 5 6 7 8 9 10 11 12 13 14 15 16 17 18 19 20 ];
answers = [5 0 5 1 1 5 1 4 1 2 5 1 2 4 1 3 5 2 4 2 ];
adjustments = [-10 10 -5 1.5 1.5 -2.5 1.5 -1.5 1.5 0.5 -2.5 1.5 0.5 -1.5 1.5 -0.5 -2.5 0.5 -1.5 0.5 ];
sentences = {'33980' '00456' '52277' '89135' '66553' '47048' '76802' '24318' '90790' '61793' '31601' '59026' '03262' '95569' '82487' '77974' '24621' '15149' '18314' '48835' };
offsets = [4046 1811 11414 14737 3879 8795 11959 2159 116 11812 32301 22959 13035 13739 27792 25606 25718 424 26973 8723 ];

