target=0.50;discardreversals=2;startvalue=0.00;steps=[4  2  1];selfservice=0;
threshold = [-2.50 ];
values = [0.00 6.00 -4.00 -1.00 -3.50 -4.00 -3.50 -1.00 -2.50 -1.00 -2.50 -4.00 -2.50 -3.00 -4.50 -6.00 -3.50 -2.00 -2.50 -5.00 ];
reversals = [0 -1 1 -1 0 1 0 -1 1 -1 0 1 -1 0 0 1 0 -1 0 1 ];
measures = [0 0 0 1 1 1 1 1 1 1 1 1 1 1 1 1 1 1 1 1 ];
presentations = [1 2 3 4 5 6 7 8 9 10 11 12 13 14 15 16 17 18 19 20 ];
answers = [1 5 1 5 3 2 0 4 1 4 4 1 3 4 4 0 1 3 5 0 ];
adjustments = [6 -10 3 -2.5 -0.5 0.5 2.5 -1.5 1.5 -1.5 -1.5 1.5 -0.5 -1.5 -1.5 2.5 1.5 -0.5 -2.5 2.5 ];
sentences = {'85813' '44697' '99308' '55025' '87263' '69444' '74972' '12339' '98162' '30757' '41634' '77705' '33528' '22586' '06251' '68819' '50976' '03491' '16140' '21080' };
offsets = [9019 33635 29734 15344 18621 14110 19764 12468 14165 1445 9707 8713 5448 4605 19500 39111 4132 35656 28474 10876 ];

