target=0.50;discardreversals=2;startvalue=0.00;steps=[4  2  1];selfservice=0;
threshold = [-7.00 ];
values = [0.00 -10.00 -4.00 -7.00 -8.50 -7.00 -7.50 -6.00 -4.50 -5.00 -6.50 -5.00 -5.50 -7.00 -8.50 -7.00 -6.50 -6.00 -6.50 -9.00 ];
reversals = [0 1 -1 0 1 -1 1 0 -1 0 1 -1 0 0 1 0 0 -1 0 1 ];
measures = [0 0 0 0 1 1 1 1 1 1 1 1 1 1 1 1 1 1 1 1 ];
presentations = [1 2 3 4 5 6 7 8 9 10 11 12 13 14 15 16 17 18 19 20 ];
answers = [5 1 4 4 1 3 1 1 3 4 1 3 4 4 1 2 2 3 5 0 ];
adjustments = [-10 6 -3 -1.5 1.5 -0.5 1.5 1.5 -0.5 -1.5 1.5 -0.5 -1.5 -1.5 1.5 0.5 0.5 -0.5 -2.5 2.5 ];
sentences = {'82009' '29744' '87713' '07970' '78835' '29394' '48832' '14040' '35209' '70565' '10681' '63558' '34226' '46393' '95162' '03676' '91451' '52988' '66127' '51417' };
offsets = [3083005 3387793 4079181 3406970 1598560 1842186 4605593 4057540 2769354 3990970 4535917 4428488 929382 1693000 292870 1511502 2374373 4808118 2017574 2268445 ];

