target=0.50;discardreversals=2;startvalue=0.00;steps=[4  2  1];selfservice=0;
threshold = [-4.50 ];
values = [0.00 -10.00 0.00 -5.00 -7.50 -6.00 -5.50 -4.00 -3.50 -4.00 -2.50 -5.00 -3.50 -5.00 -5.50 -5.00 -3.50 -4.00 -6.50 -5.00 ];
reversals = [0 1 -1 0 1 0 0 0 -1 1 -1 1 -1 0 1 0 -1 0 1 -1 ];
measures = [0 0 0 0 1 1 1 1 1 1 1 1 1 1 1 1 1 1 1 1 ];
presentations = [1 2 3 4 5 6 7 8 9 10 11 12 13 14 15 16 17 18 19 20 ];
answers = [5 0 5 5 1 2 1 2 3 1 5 1 4 3 2 1 3 5 1 3 ];
adjustments = [-10 10 -5 -2.5 1.5 0.5 1.5 0.5 -0.5 1.5 -2.5 1.5 -1.5 -0.5 0.5 1.5 -0.5 -2.5 1.5 -0.5 ];
sentences = {'74972' '41634' '68819' '76600' '23448' '87263' '44529' '37886' '99308' '51195' '30757' '02737' '03491' '90013' '16140' '89364' '15952' '68271' '55025' '22586' };
offsets = [11744 16226 2527 16940 18682 8296 9533 14125 7634 20329 6486 1959 645 11917 2518 18701 1653 29319 12918 6370 ];

