target=0.50;discardreversals=2;startvalue=0.00;steps=[4  2  1];selfservice=0;
threshold = [-25.00 ];
values = [0.00 -10.00 -20.00 -30.00 -20.00 -25.00 -25.50 -26.00 -23.50 -25.00 -22.50 -24.00 -23.50 -21.00 -23.50 -26.00 -28.50 -28.00 -26.50 -27.00 ];
reversals = [0 0 0 1 -1 0 0 1 -1 1 -1 1 0 -1 0 0 1 0 -1 1 ];
measures = [0 0 0 0 0 0 0 1 1 1 1 1 1 1 1 1 1 1 1 1 ];
presentations = [1 2 3 4 5 6 7 8 9 10 11 12 13 14 15 16 17 18 19 20 ];
answers = [5 5 5 0 5 3 3 0 4 0 4 2 0 5 5 5 2 1 3 0 ];
adjustments = [-10 -10 -10 10 -5 -0.5 -0.5 2.5 -1.5 2.5 -1.5 0.5 2.5 -2.5 -2.5 -2.5 0.5 1.5 -0.5 2.5 ];
sentences = {'87713' '70565' '55025' '99308' '68819' '91451' '16140' '30757' '52988' '35209' '74972' '29394' '41634' '03491' '14040' '87263' '66127' '22586' '03676' '48832' };
offsets = [3999478 4093575 4027544 4636069 2787007 1795326 4577033 4209862 257071 1036792 4197520 3120273 3549729 1131766 2322915 3875047 3211618 4469656 3972660 1557142 ];

