target=0.50;discardreversals=2;startvalue=0.00;steps=[4  2  1];selfservice=0;
threshold = [-34.00 ];
values = [5.00 -5.00 -15.00 -25.00 -35.00 -25.00 -30.00 -32.50 -32.00 -34.50 -34.00 -36.50 -34.00 -36.50 -34.00 -33.50 -34.00 -36.50 -34.00 -36.50 ];
reversals = [0 0 0 0 1 -1 0 1 -1 1 -1 1 -1 1 0 -1 0 1 -1 0 ];
measures = [0 0 0 0 0 0 0 1 1 1 1 1 1 1 1 1 1 1 1 1 ];
presentations = [1 2 3 4 5 6 7 8 9 10 11 12 13 14 15 16 17 18 19 20 ];
answers = [5 5 5 5 0 5 5 2 5 2 5 0 5 0 2 3 5 0 5 3 ];
adjustments = [-10 -10 -10 -10 10 -5 -2.5 0.5 -2.5 0.5 -2.5 2.5 -2.5 2.5 0.5 -0.5 -2.5 2.5 -2.5 -0.5 ];
sentences = {'76600' '02737' '23448' '44529' '09216' '37886' '51437' '89364' '65555' '47173' '86800' '34994' '23081' '15952' '90013' '70762' '92629' '68271' '51195' '18348' };
offsets = [92737 66498 60229 103355 41251 37697 24083 57189 16478 91139 77333 33549 3042 24111 55074 35001 90436 72331 11244 35062 ];

