target=0.50;discardreversals=2;startvalue=0.00;steps=[4  2  1];selfservice=0;
threshold = [-20.00 ];
values = [0.00 -10.00 -20.00 -26.00 -16.00 -19.00 -16.50 -19.00 -19.50 -22.00 -24.50 -22.00 -19.50 -19.00 -20.50 -21.00 -23.50 -26.00 -23.50 -21.00 ];
reversals = [0 0 0 1 -1 1 -1 0 0 0 1 0 0 -1 0 0 0 1 0 -1 ];
measures = [0 0 0 0 0 1 1 1 1 1 1 1 1 1 1 1 1 1 1 1 ];
presentations = [1 2 3 4 5 6 7 8 9 10 11 12 13 14 15 16 17 18 19 20 ];
answers = [5 5 4 0 4 0 5 3 5 5 0 0 2 4 3 5 5 0 0 5 ];
adjustments = [-10 -10 -6 10 -3 2.5 -2.5 -0.5 -2.5 -2.5 2.5 2.5 0.5 -1.5 -0.5 -2.5 -2.5 2.5 2.5 -2.5 ];
sentences = {'37886' '68271' '51195' '68819' '90013' '44529' '55025' '15952' '16140' '87263' '23448' '30757' '89364' '02737' '22586' '76600' '03491' '74972' '41634' '99308' };
offsets = [4658844 1403193 4744615 2467079 1695552 1471247 3818014 4017545 931140 2419090 1714135 3046115 2985831 4382619 741298 3861197 1855034 853989 517877 1350028 ];

