target=0.50;discardreversals=2;startvalue=0.00;steps=[4  2  1];selfservice=0;
threshold = [-7.25 ];
values = [0.00 -10.00 0.00 -5.00 -7.50 -7.00 -8.50 -6.00 -3.50 -6.00 -7.50 -5.00 -7.50 -5.00 -7.50 -10.00 -11.50 -9.00 -6.50 -9.00 ];
reversals = [0 1 -1 0 1 -1 1 0 -1 0 1 -1 1 -1 0 0 1 0 -1 0 ];
measures = [0 0 0 0 1 1 1 1 1 1 1 1 1 1 1 1 1 1 1 1 ];
presentations = [1 2 3 4 5 6 7 8 9 10 11 12 13 14 15 16 17 18 19 20 ];
answers = [5 0 5 5 2 4 0 0 5 4 0 5 0 5 5 4 0 0 5 4 ];
adjustments = [-10 10 -5 -2.5 0.5 -1.5 2.5 2.5 -2.5 -1.5 2.5 -2.5 2.5 -2.5 -2.5 -1.5 2.5 2.5 -2.5 -1.5 ];
sentences = {'26626' '15952' '51779' '02737' '43285' '90013' '89364' '67850' '39994' '72141' '23448' '18502' '80338' '37886' '05413' '51195' '68271' '76600' '94067' '44529' };
offsets = [1360 5325 18038 21818 16571 15052 11420 12234 25526 13 7314 2647 7568 12353 11554 7849 15466 12087 32562 35931 ];

