target=0.50;discardreversals=2;startvalue=0.00;steps=[4  2  1];selfservice=0;
threshold = [-6.75 ];
values = [0.00 -10.00 0.00 -5.00 -7.50 -5.00 -7.50 -5.00 -7.50 -9.00 -9.50 -9.00 -6.50 -9.00 -9.50 -7.00 -4.50 -7.00 -4.50 -7.00 ];
reversals = [0 1 -1 0 1 -1 1 -1 0 0 1 0 -1 0 1 0 -1 1 -1 0 ];
measures = [0 0 0 0 1 1 1 1 1 1 1 1 1 1 1 1 1 1 1 1 ];
presentations = [1 2 3 4 5 6 7 8 9 10 11 12 13 14 15 16 17 18 19 20 ];
answers = [5 0 5 5 0 5 0 5 4 3 2 0 5 3 0 0 5 0 5 4 ];
adjustments = [-10 10 -5 -2.5 2.5 -2.5 2.5 -2.5 -1.5 -0.5 0.5 2.5 -2.5 -0.5 2.5 2.5 -2.5 2.5 -2.5 -1.5 ];
sentences = {'09216' '94067' '26626' '86800' '70762' '18348' '92629' '51779' '34994' '18502' '39994' '43285' '51437' '47173' '05413' '67850' '65555' '72141' '23081' '80338' };
offsets = [25992 23919 33090 5718 494 4814 21571 7294 24748 1587 2195 20131 11802 26220 19282 301 14496 15758 2549 22115 ];

