target=0.50;discardreversals=2;startvalue=0.00;steps=[4  2  1];selfservice=0;
threshold = [2.00 ];
values = [0.00 10.00 0.00 5.00 3.50 4.00 1.50 -1.00 1.50 3.00 0.50 2.00 -0.50 2.00 1.50 0.00 -0.50 -1.00 -3.50 -6.00 ];
reversals = [0 -1 1 -1 1 -1 0 1 0 -1 1 -1 1 -1 0 0 0 0 0 0 ];
measures = [0 0 0 1 1 1 1 1 1 1 1 1 1 1 1 1 1 1 1 1 ];
presentations = [1 2 3 4 5 6 7 8 9 10 11 12 13 14 15 16 17 18 19 20 ];
answers = [0 5 0 4 2 5 5 0 1 5 1 5 0 3 4 3 3 5 5 5 ];
adjustments = [10 -10 5 -1.5 0.5 -2.5 -2.5 2.5 1.5 -2.5 1.5 -2.5 2.5 -0.5 -1.5 -0.5 -0.5 -2.5 -2.5 -2.5 ];
sentences = {'45923' '02737' '44529' '76600' '89364' '90013' '69009' '87470' '68271' '08168' '15952' '54841' '93692' '70287' '51195' '23448' '22336' '11755' '37886' '36514' };
offsets = [10189 7346 16145 3569 6598 10072 5135 3762 5084 6517 1125 11583 6164 20282 4478 5004 25671 11994 21030 2439 ];

