target=0.75;minreversals=14;discardreversals=4;minmeasures=25;startvalue=70.00;steps=[4  4  2  1];feedback=0;
threshold = [87.50 ];
values = [70.00 66.00 62.00 58.00 54.00 70.00 86.00 82.00 80.00 88.00 87.00 87.00 87.00 90.00 89.00 89.00 92.00 91.00 90.00 90.00 90.00 89.00 88.00 87.00 86.00 86.00 86.00 86.00 86.00 89.00 88.00 87.00 86.00 85.00 84.00 84.00 83.00 87.00 86.00 90.00 90.00 90.00 89.00 88.00 87.00 86.00 85.00 84.00 88.00 87.00 ];
reversals = [0 0 0 0 1 0 -1 0 1 -1 0 0 1 -1 0 1 -1 0 0 0 0 0 0 0 0 0 0 0 1 -1 0 0 0 0 0 0 1 -1 1 0 0 -1 0 0 0 0 0 1 -1 0 ];
measures = [0 0 0 0 0 0 0 0 0 0 0 0 1 1 1 1 1 1 1 1 1 1 1 1 1 1 1 1 1 1 1 1 1 1 1 1 1 1 1 1 1 1 1 1 1 1 1 1 1 1 ];
presentations = [1 1 1 1 0 0 1 1 0 1 0 0 1 1 0 1 1 1 0 0 1 1 1 1 0 0 0 0 1 1 1 1 1 1 0 1 0 1 0 0 0 1 1 1 1 1 1 0 1 1 ];
answers = [1 1 1 1 1 1 1 1 1 1 0 0 0 1 0 0 1 1 0 0 1 1 1 1 0 0 0 0 0 1 1 1 1 1 0 1 1 1 1 0 0 1 1 1 1 1 1 1 1 1 ];
adjustments = [-4 -4 -4 -4 16 16 -4 -2 8 -1 0 0 3 -1 0 3 -1 -1 0 0 -1 -1 -1 -1 0 0 0 0 3 -1 -1 -1 -1 -1 0 -1 4 -1 4 0 0 -1 -1 -1 -1 -1 -1 4 -1 -1 ];

