target=0.50;discardreversals=2;startvalue=0.00;steps=[4  2  1];selfservice=0;
threshold = [-4.50 ];
values = [5.00 -5.00 -7.00 -1.00 -6.00 -3.50 -4.00 -5.50 -4.00 -3.50 -6.00 -4.50 -5.00 -4.50 -3.00 -2.50 -4.00 -3.50 -5.00 -7.50 ];
reversals = [0 0 1 -1 1 -1 0 1 0 -1 1 -1 1 0 0 -1 1 -1 0 1 ];
measures = [0 0 0 0 1 1 1 1 1 1 1 1 1 1 1 1 1 1 1 1 ];
presentations = [1 2 3 4 5 6 7 8 9 10 11 12 13 14 15 16 17 18 19 20 ];
answers = [5 3 1 5 0 3 4 1 2 5 1 3 2 1 2 4 2 4 5 2 ];
adjustments = [-10 -2 6 -5 2.5 -0.5 -1.5 1.5 0.5 -2.5 1.5 -0.5 0.5 1.5 0.5 -1.5 0.5 -1.5 -2.5 0.5 ];
sentences = {'29394' '48832' '52988' '82487' '48835' '31601' '91451' '24318' '59026' '14040' '35209' '03676' '03262' '90790' '66127' '77974' '66553' '87713' '15149' '70565' };
offsets = [41119 62541 62820 15483 36248 17141 30750 54002 25104 30419 62164 20408 59334 30564 81378 841 30867 18740 44078 28161 ];

