target=0.50;discardreversals=2;startvalue=0.00;steps=[4  2  1];selfservice=0;
threshold = [-5.75 ];
values = [0.00 -6.00 0.00 -3.00 -3.50 -6.00 -4.50 -6.00 -8.50 -7.00 -6.50 -7.00 -5.50 -5.00 -5.50 -4.00 -3.50 -6.00 -6.50 -5.00 ];
reversals = [0 1 -1 0 0 1 -1 0 1 0 -1 1 0 -1 1 0 -1 0 1 -1 ];
measures = [0 0 0 0 0 1 1 1 1 1 1 1 1 1 1 1 1 1 1 1 ];
presentations = [1 2 3 4 5 6 7 8 9 10 11 12 13 14 15 16 17 18 19 20 ];
answers = [4 1 4 3 5 1 4 5 1 2 3 1 2 3 1 2 5 3 1 4 ];
adjustments = [-6 6 -3 -0.5 -2.5 1.5 -1.5 -2.5 1.5 0.5 -0.5 1.5 0.5 -0.5 1.5 0.5 -2.5 -0.5 1.5 -1.5 ];
sentences = {'09216' '44697' '51437' '34994' '18348' '47173' '86800' '77705' '69444' '06251' '23081' '33528' '98162' '21080' '85813' '65555' '50976' '12339' '92629' '70762' };
offsets = [10683 2019 22504 6008 22052 34655 5148 231 8228 891 20488 10620 6440 26281 4592 3175 10049 3612 17144 390 ];

