target=0.50;discardreversals=2;startvalue=0.00;steps=[4  2  1];selfservice=0;
threshold = [2.00 ];
values = [0.00 10.00 0.00 -1.00 -2.00 -5.00 -4.00 -3.50 -3.00 -0.50 0.00 0.50 1.00 -0.50 -2.00 0.50 1.00 3.50 2.00 3.50 ];
reversals = [0 -1 0 0 0 1 0 0 0 0 0 0 -1 0 1 0 0 -1 1 -1 ];
measures = [0 0 0 0 0 0 0 0 0 0 0 0 1 1 1 1 1 1 1 1 ];
presentations = [1 2 3 4 5 6 7 8 9 10 11 12 13 14 15 16 17 18 19 20 ];
answers = [0 5 3 3 4 2 2 2 0 2 2 2 4 4 0 2 0 4 1 5 ];
adjustments = [10 -10 -1 -1 -3 1 0.5 0.5 2.5 0.5 0.5 0.5 -1.5 -1.5 2.5 0.5 2.5 -1.5 1.5 -2.5 ];
sentences = {'09216' '23448' '70762' '65555' '90013' '68271' '76600' '51195' '34994' '51437' '37886' '18348' '23081' '89364' '92629' '02737' '86800' '47173' '44529' '15952' };
offsets = [3051114 3031264 302183 2114615 4334745 2166641 2066314 3469552 3479044 3517357 3673536 3942371 4024126 874141 3674134 3758672 4101047 1512470 3324199 26256 ];

