target=0.50;discardreversals=2;startvalue=0.00;steps=[4  2  1];selfservice=0;
threshold = [-2.25 ];
values = [0.00 -6.00 4.00 -1.00 0.50 -2.00 -2.50 -2.00 -4.50 -3.00 -3.50 -2.00 -2.50 -1.00 -2.50 -3.00 -5.50 -3.00 -2.50 -1.00 ];
reversals = [0 1 -1 1 -1 0 1 -1 1 -1 1 -1 1 -1 0 0 1 0 0 -1 ];
measures = [0 0 0 1 1 1 1 1 1 1 1 1 1 1 1 1 1 1 1 1 ];
presentations = [1 2 3 4 5 6 7 8 9 10 11 12 13 14 15 16 17 18 19 20 ];
answers = [4 0 5 1 5 3 2 5 1 3 1 3 1 4 3 5 0 2 1 4 ];
adjustments = [-6 10 -5 1.5 -2.5 -0.5 0.5 -2.5 1.5 -0.5 1.5 -0.5 1.5 -1.5 -0.5 -2.5 2.5 0.5 1.5 -1.5 ];
sentences = {'77974' '89364' '90790' '44529' '66553' '24318' '02737' '15149' '37886' '23448' '82487' '90013' '15952' '03262' '31601' '68271' '76600' '59026' '51195' '48835' };
offsets = [1146 19511 3482 14512 14210 8375 20555 1155 33612 8770 24038 23292 2607 4219 36662 2912 31353 6213 14868 31334 ];

