target=0.50;discardreversals=2;startvalue=0.00;steps=[4  2  1];selfservice=0;
threshold = [-3.00 ];
values = [0.00 -6.00 0.00 -1.00 -1.50 -2.00 -1.50 -2.00 -3.50 -3.00 -3.50 -4.00 -2.50 -3.00 -0.50 -2.00 -4.50 -4.00 -1.50 -1.00 ];
reversals = [0 1 -1 0 0 1 -1 0 1 -1 0 1 -1 1 -1 0 1 0 0 0 ];
measures = [0 0 0 0 0 1 1 1 1 1 1 1 1 1 1 1 1 1 1 1 ];
presentations = [1 2 3 4 5 6 7 8 9 10 11 12 13 14 15 16 17 18 19 20 ];
answers = [4 1 3 3 3 2 3 4 2 3 3 1 3 0 4 5 2 0 2 2 ];
adjustments = [-6 6 -1 -0.5 -0.5 0.5 -0.5 -1.5 0.5 -0.5 -0.5 1.5 -0.5 2.5 -1.5 -2.5 0.5 2.5 0.5 0.5 ];
sentences = {'70565' '87713' '35209' '34226' '66127' '14040' '82009' '07970' '52988' '48832' '46393' '10681' '78835' '95162' '63558' '29744' '29394' '51417' '91451' '03676' };
offsets = [6598 2616 13554 4269 36704 1501 24246 31563 5747 20180 7603 9550 4244 2590 15524 10393 1552 9289 21371 40616 ];

