target=0.50;discardreversals=2;startvalue=0.00;steps=[4  2  1];selfservice=0;
threshold = [-11.25 ];
values = [0.00 -2.00 -4.00 -14.00 -12.00 -9.00 -12.00 -9.50 -9.00 -8.50 -11.00 -12.50 -11.00 -11.50 -12.00 -10.50 -11.00 -11.50 -9.00 -7.50 ];
reversals = [0 0 0 1 0 -1 1 0 0 -1 0 1 -1 0 1 -1 0 1 0 -1 ];
measures = [0 0 0 0 0 0 1 1 1 1 1 1 1 1 1 1 1 1 1 1 ];
presentations = [1 2 3 4 5 6 7 8 9 10 11 12 13 14 15 16 17 18 19 20 ];
answers = [3 3 5 2 1 4 0 2 2 5 4 1 3 3 1 3 3 0 1 3 ];
adjustments = [-2 -2 -10 2 3 -3 2.5 0.5 0.5 -2.5 -1.5 1.5 -0.5 -0.5 1.5 -0.5 -0.5 2.5 1.5 -0.5 ];
sentences = {'24621' '65555' '95569' '70762' '52277' '18314' '76802' '34994' '00456' '18348' '89135' '47048' '51437' '47173' '61793' '92629' '23081' '33980' '86800' '09216' };
offsets = [18821 2745643 2671761 4166244 1831091 802891 1184293 3364911 4207583 81931 3359806 2962741 1513400 2812142 671476 145403 3974890 420306 2604972 4222612 ];

