target=0.50;discardreversals=2;startvalue=0.00;steps=[4  2  1];selfservice=0;
%parameters=babble,65
threshold = [0.00 ];
values = [0.00 -2.00 8.00 3.00 1.50 1.00 2.50 0.00 -0.50 -1.00 -2.50 0.00 -0.50 -2.00 0.50 0.00 1.50 0.00 -1.50 0.00 ];
reversals = [0 1 -1 0 0 1 -1 0 0 0 1 -1 0 1 -1 1 -1 0 1 -1 ];
measures = [0 0 0 0 0 1 1 1 1 1 1 1 1 1 1 1 1 1 1 1 ];
presentations = [1 2 3 4 5 6 7 8 9 10 11 12 13 14 15 16 17 18 19 20 ];
answers = [3 0 5 4 3 1 5 3 3 4 0 3 4 0 3 1 4 4 1 5 ];
adjustments = [-2 10 -5 -1.5 -0.5 1.5 -2.5 -0.5 -0.5 -1.5 2.5 -0.5 -1.5 2.5 -0.5 1.5 -1.5 -1.5 1.5 -2.5 ];
sentences = {'93692' '24621' '61793' '54841' '45923' '36514' '76802' '18314' '08168' '22336' '70287' '89135' '52277' '33980' '95569' '87470' '11755' '69009' '00456' '47048' };
offsets = [9661 28897 16046 18615 4830 11095 2541 16877 11417 21281 14987 15659 6276 18728 28003 15557 1946 9380 19271 28966 ];

