target=0.50;discardreversals=2;startvalue=0.00;steps=[4  2  1];selfservice=0;
%parameters=icra5.250,65,re
threshold = [-7.25 ];
values = [0.00 -10.00 0.00 -3.00 -2.50 -3.00 -4.50 -7.00 -6.50 -8.00 -8.50 -11.00 -10.50 -9.00 -7.50 -9.00 -10.50 -12.00 -9.50 -9.00 ];
reversals = [0 1 -1 1 -1 0 0 1 -1 0 0 1 0 0 -1 0 0 1 0 -1 ];
measures = [0 0 0 1 1 1 1 1 1 1 1 1 1 1 1 1 1 1 1 1 ];
presentations = [1 2 3 4 5 6 7 8 9 10 11 12 13 14 15 16 17 18 19 20 ];
answers = [5 0 4 2 3 4 5 2 4 3 5 2 1 1 4 4 4 0 2 3 ];
adjustments = [-10 10 -3 0.5 -0.5 -1.5 -2.5 0.5 -1.5 -0.5 -2.5 0.5 1.5 1.5 -1.5 -1.5 -1.5 2.5 0.5 -0.5 ];
sentences = {'44697' '35209' '69444' '33528' '77705' '70565' '12339' '06251' '87713' '66127' '85813' '48832' '03676' '91451' '29394' '50976' '21080' '14040' '52988' '98162' };
offsets = [2016575 4511945 1238668 3733683 2508676 4622613 472539 4389209 3403703 1941370 2116280 714901 3032736 1438451 2937393 501913 726024 2819169 3899478 683729 ];

