target=0.75;minreversals=12;discardreversals=4;minmeasures=14;startvalue=70.00;steps=[8  8  4  2];feedback=0;
%parameters=6000
threshold = [71.00 ];
threshold_dB_HL = [67.08 ];
threshold_dB_SPL = [71.00 ];
values = [78.00 70.00 94.00 86.00 82.00 82.00 82.00 78.00 78.00 74.00 70.00 66.00 78.00 76.00 74.00 72.00 72.00 72.00 72.00 72.00 70.00 70.00 70.00 68.00 68.00 74.00 74.00 72.00 70.00 68.00 74.00 74.00 74.00 72.00 72.00 72.00 72.00 70.00 76.00 76.00 74.00 74.00 72.00 70.00 68.00 68.00 66.00 72.00 72.00 ];
reversals = [0 1 -1 0 0 0 0 0 0 0 0 1 -1 0 0 0 0 0 0 0 0 0 0 0 1 0 -1 0 0 1 0 0 -1 0 0 0 0 1 0 -1 0 0 0 0 0 0 1 0 -1 ];
measures = [0 0 0 0 0 0 0 0 0 0 0 0 0 0 0 0 0 0 0 0 0 0 0 0 1 1 1 1 1 1 1 1 1 1 1 1 1 1 1 1 1 1 1 1 1 1 1 1 1 ];
presentations = [1 1 1 1 0 0 1 0 1 1 1 1 1 1 1 0 0 0 0 1 0 0 1 0 1 0 1 1 1 1 0 0 1 0 0 0 1 1 0 1 0 1 1 1 0 1 1 0 1 ];
answers = [1 0 1 1 0 0 1 0 1 1 1 0 1 1 1 0 0 0 0 1 0 0 1 0 0 0 1 1 1 0 0 0 1 0 0 0 1 0 0 1 0 1 1 1 0 1 0 0 1 ];
adjustments = [-8 24 -8 -4 0 0 -4 0 -4 -4 -4 12 -2 -2 -2 0 0 0 0 -2 0 0 -2 0 6 0 -2 -2 -2 6 0 0 -2 0 0 0 -2 6 0 -2 0 -2 -2 -2 0 -2 6 0 -2 ];

