target=0.50;discardreversals=2;startvalue=0.00;steps=[4  2  1];selfservice=0;
%parameters=icra1,65,re
threshold = [-3.75 ];
values = [0.00 2.00 -8.00 -3.00 -5.50 -4.00 -1.50 -4.00 -2.50 -3.00 -3.50 -6.00 -3.50 -6.00 -4.50 -3.00 -4.50 -4.00 -1.50 -4.00 ];
reversals = [0 -1 1 -1 1 0 -1 1 -1 0 0 1 -1 1 0 -1 1 0 -1 1 ];
measures = [0 0 0 1 1 1 1 1 1 1 1 1 1 1 1 1 1 1 1 1 ];
presentations = [1 2 3 4 5 6 7 8 9 10 11 12 13 14 15 16 17 18 19 20 ];
answers = [2 5 0 5 1 0 5 1 3 3 5 0 5 1 1 4 2 0 5 0 ];
adjustments = [2 -10 5 -2.5 1.5 2.5 -2.5 1.5 -0.5 -0.5 -2.5 2.5 -2.5 1.5 1.5 -1.5 0.5 2.5 -2.5 2.5 ];
sentences = {'89135' '47048' '70762' '33980' '95569' '86800' '52277' '61793' '76802' '47173' '18348' '34994' '92629' '51437' '18314' '09216' '24621' '23081' '00456' '65555' };
offsets = [19958 8371 467 20651 21073 26414 12399 18323 3855 11022 257 20060 20546 1169 12041 28165 6676 21774 5073 7072 ];

