target=0.50;discardreversals=2;startvalue=0.00;steps=[4  2  1];selfservice=0;
%parameters=icra1,65,train
threshold = [-3.00 ];
values = [0.00 -10.00 0.00 1.00 -4.00 -2.50 -5.00 -3.50 -5.00 -3.50 -2.00 -3.50 -4.00 -2.50 -2.00 -2.50 -3.00 -1.50 -2.00 -0.50 ];
reversals = [0 1 0 -1 1 -1 1 -1 1 0 -1 0 1 0 -1 0 1 -1 1 0 ];
measures = [0 0 0 0 1 1 1 1 1 1 1 1 1 1 1 1 1 1 1 1 ];
presentations = [1 2 3 4 5 6 7 8 9 10 11 12 13 14 15 16 17 18 19 20 ];
answers = [5 0 2 5 1 5 1 4 1 1 4 3 1 2 3 3 1 3 1 2 ];
adjustments = [-10 10 1 -5 1.5 -2.5 1.5 -1.5 1.5 1.5 -1.5 -0.5 1.5 0.5 -0.5 -0.5 1.5 -0.5 1.5 0.5 ];
sentences = {'26626' '14040' '70565' '94067' '87713' '35209' '52988' '05413' '66127' '48832' '29394' '39994' '80338' '03676' '72141' '43285' '51779' '18502' '91451' '67850' };
offsets = [39085 10275 1589 30812 6316 5038 3107 6905 24645 35653 8793 7786 10309 41258 2548 13380 1480 8131 36338 12324 ];

