target=0.50;discardreversals=2;startvalue=0.00;steps=[4  2  1];selfservice=0;
%parameters=icra5.250,65
threshold = [-9.50 ];
values = [0.00 -6.00 0.00 -5.00 -6.50 -7.00 -8.50 -7.00 -6.50 -9.00 -10.50 -11.00 -11.50 -11.00 -8.50 -10.00 -9.50 -11.00 -9.50 -10.00 ];
reversals = [0 1 -1 0 0 0 1 0 -1 0 0 0 1 0 -1 1 -1 1 -1 0 ];
measures = [0 0 0 0 0 0 1 1 1 1 1 1 1 1 1 1 1 1 1 1 ];
presentations = [1 2 3 4 5 6 7 8 9 10 11 12 13 14 15 16 17 18 19 20 ];
answers = [4 1 5 4 3 4 1 2 5 4 3 3 2 0 4 2 4 1 3 3 ];
adjustments = [-6 6 -5 -1.5 -0.5 -1.5 1.5 0.5 -2.5 -1.5 -0.5 -0.5 0.5 2.5 -1.5 0.5 -1.5 1.5 -0.5 -0.5 ];
sentences = {'18314' '39994' '76802' '26626' '24621' '43285' '89135' '80338' '95569' '52277' '67850' '00456' '33980' '72141' '05413' '61793' '94067' '51779' '47048' '18502' };
offsets = [2655249 3709647 1468859 3687741 1645233 1165561 1722826 3316897 1064122 2293249 1328326 4237346 1707811 1828594 2147440 2113587 3792374 4801145 2342551 4101499 ];

