target=0.50;discardreversals=2;startvalue=0.00;steps=[4  2  1];selfservice=0;
%parameters=icra5.250,65,train
threshold = [-6.25 ];
values = [0.00 -2.00 -8.00 2.00 -1.00 -3.50 -6.00 -6.50 -7.00 -4.50 -5.00 -6.50 -7.00 -8.50 -11.00 -9.50 -8.00 -7.50 -6.00 -5.50 ];
reversals = [0 0 1 -1 0 0 0 0 1 -1 0 0 0 0 1 0 0 0 0 -1 ];
measures = [0 0 0 0 0 0 0 0 1 1 1 1 1 1 1 1 1 1 1 1 ];
presentations = [1 2 3 4 5 6 7 8 9 10 11 12 13 14 15 16 17 18 19 20 ];
answers = [3 4 0 4 5 5 3 3 0 3 4 3 4 5 1 1 2 1 2 4 ];
adjustments = [-2 -6 10 -3 -2.5 -2.5 -0.5 -0.5 2.5 -0.5 -1.5 -0.5 -1.5 -2.5 1.5 1.5 0.5 1.5 0.5 -1.5 ];
sentences = {'51437' '34994' '36514' '65555' '86800' '45923' '54841' '69009' '11755' '87470' '22336' '08168' '70287' '23081' '18348' '93692' '70762' '09216' '92629' '47173' };
offsets = [1009219 2147741 4711283 3188423 3586527 554082 2785014 2131580 3770094 2920856 2328143 3448743 4228393 132274 2869882 86237 1342744 3821880 3103261 1350331 ];

