target=0.50;discardreversals=2;startvalue=0.00;steps=[4  2  1];selfservice=0;
%parameters=icra1,50
threshold = [-1.75 ];
values = [0.00 2.00 -8.00 -3.00 -1.50 -2.00 -1.50 -1.00 -1.50 -1.00 -2.50 -1.00 -0.50 1.00 -0.50 -3.00 -3.50 -2.00 -2.50 -3.00 ];
reversals = [0 -1 1 0 -1 1 0 -1 1 -1 1 0 0 -1 0 0 1 -1 0 1 ];
measures = [0 0 0 0 1 1 1 1 1 1 1 1 1 1 1 1 1 1 1 1 ];
presentations = [1 2 3 4 5 6 7 8 9 10 11 12 13 14 15 16 17 18 19 20 ];
answers = [2 5 0 1 3 2 2 3 2 4 1 2 1 4 5 3 1 3 3 0 ];
adjustments = [2 -10 5 1.5 -0.5 0.5 0.5 -0.5 0.5 -1.5 1.5 0.5 1.5 -1.5 -2.5 -0.5 1.5 -0.5 -0.5 2.5 ];
sentences = {'55025' '74972' '16140' '99308' '03491' '68819' '21080' '22586' '50976' '85813' '12339' '06251' '77705' '30757' '44697' '33528' '98162' '69444' '41634' '87263' };
offsets = [3224 17117 7018 21605 42530 26611 9942 31322 739 13303 3146 257 6032 2003 10309 27488 22482 9152 13770 22462 ];

