target=0.50;discardreversals=2;startvalue=0.00;steps=[4  2  1];selfservice=0;
%parameters=quiet,65
threshold = [-35.00 ];
values = [0.00 -10.00 -20.00 -30.00 -36.00 -30.00 -33.00 -34.50 -37.00 -34.50 -35.00 -34.50 -34.00 -33.50 -35.00 -35.50 -34.00 -36.50 -35.00 -35.50 ];
reversals = [0 0 0 0 1 -1 0 0 1 -1 1 0 0 -1 0 1 -1 1 -1 0 ];
measures = [0 0 0 0 0 0 0 0 1 1 1 1 1 1 1 1 1 1 1 1 ];
presentations = [1 2 3 4 5 6 7 8 9 10 11 12 13 14 15 16 17 18 19 20 ];
answers = [5 5 5 4 1 4 4 5 0 3 2 2 2 4 3 1 5 1 3 3 ];
adjustments = [-10 -10 -10 -6 6 -3 -1.5 -2.5 2.5 -0.5 0.5 0.5 0.5 -1.5 -0.5 1.5 -2.5 1.5 -0.5 -0.5 ];
sentences = {'45923' '36514' '68271' '11755' '89364' '93692' '22336' '87470' '37886' '08168' '02737' '23448' '54841' '76600' '15952' '44529' '90013' '51195' '69009' '70287' };
offsets = [2197 3639 62561 29498 9315 79486 11411 8586 78065 3280 49802 63154 24522 96795 22623 80434 67908 52734 6385 3861 ];

