target=0.50;discardreversals=2;startvalue=0.00;steps=[4  2  1];selfservice=0;
%parameters=icra1,65
threshold = [-4.25 ];
values = [0.00 -10.00 0.00 -5.00 -5.50 -5.00 -2.50 -5.00 -3.50 -4.00 -3.50 -3.00 -3.50 -6.00 -3.50 -6.00 -4.50 -6.00 -3.50 -4.00 ];
reversals = [0 1 -1 0 1 0 -1 1 -1 1 0 -1 0 1 -1 1 -1 1 -1 0 ];
measures = [0 0 0 0 1 1 1 1 1 1 1 1 1 1 1 1 1 1 1 1 ];
presentations = [1 2 3 4 5 6 7 8 9 10 11 12 13 14 15 16 17 18 19 20 ];
answers = [5 0 5 3 2 0 5 1 3 2 2 3 5 0 5 1 4 0 3 3 ];
adjustments = [-10 10 -5 -0.5 0.5 2.5 -2.5 1.5 -0.5 0.5 0.5 -0.5 -2.5 2.5 -2.5 1.5 -1.5 2.5 -0.5 -0.5 ];
sentences = {'54841' '69444' '50976' '93692' '33528' '08168' '45923' '98162' '87470' '22336' '77705' '06251' '21080' '70287' '44697' '12339' '69009' '11755' '36514' '85813' };
offsets = [9323 3546 19365 2927 36133 17327 12662 17375 2540 2419 5610 7654 25061 16365 19941 5913 24476 15686 5441 4532 ];

