target=0.50;discardreversals=2;startvalue=0.00;steps=[4  2  1];selfservice=0;
%parameters=icra1,40
threshold = [0.00 ];
values = [0.00 2.00 -4.00 1.00 3.50 1.00 0.50 0.00 1.50 -1.00 -1.50 -1.00 0.50 1.00 -1.50 0.00 -2.50 -2.00 0.50 -1.00 ];
reversals = [0 -1 1 0 -1 0 0 1 -1 0 1 0 0 -1 1 -1 1 0 -1 1 ];
measures = [0 0 0 0 1 1 1 1 1 1 1 1 1 1 1 1 1 1 1 1 ];
presentations = [1 2 3 4 5 6 7 8 9 10 11 12 13 14 15 16 17 18 19 20 ];
answers = [2 4 0 0 5 3 3 1 5 3 2 1 2 5 1 5 2 0 4 1 ];
adjustments = [2 -6 5 2.5 -2.5 -0.5 -0.5 1.5 -2.5 -0.5 0.5 1.5 0.5 -2.5 1.5 -2.5 0.5 2.5 -1.5 1.5 ];
sentences = {'47173' '08168' '93692' '11755' '18348' '22336' '51437' '70762' '87470' '69009' '23081' '92629' '09216' '65555' '36514' '86800' '54841' '34994' '45923' '70287' };
offsets = [11981 21389 8419 10101 21770 31996 23763 542 17194 7869 17013 13474 32977 5225 23123 1715 7468 8861 5559 22297 ];

