target=0.75;minreversals=12;discardreversals=4;minmeasures=14;startvalue=85.00;steps=[8  4  4  2  1];feedback=0;
%parameters=4000, 55
threshold = [93.00 ];
values = [101.00 93.00 117.00 113.00 109.00 105.00 101.00 101.00 97.00 93.00 93.00 105.00 103.00 102.00 102.00 101.00 100.00 100.00 100.00 100.00 100.00 100.00 100.00 100.00 100.00 100.00 99.00 99.00 98.00 97.00 97.00 97.00 96.00 96.00 95.00 95.00 94.00 93.00 92.00 92.00 92.00 92.00 95.00 95.00 95.00 95.00 94.00 94.00 93.00 92.00 91.00 94.00 93.00 92.00 92.00 95.00 95.00 94.00 94.00 94.00 94.00 93.00 93.00 92.00 91.00 94.00 94.00 94.00 94.00 ];
reversals = [0 1 -1 0 0 0 0 0 0 0 1 -1 0 0 0 0 0 0 0 0 0 0 0 0 0 0 0 0 0 0 0 0 0 0 0 0 0 0 0 0 0 1 0 0 0 -1 0 0 0 0 1 -1 0 0 1 0 -1 0 0 0 0 0 0 0 1 0 0 0 -1 ];
measures = [0 0 0 0 0 0 0 0 0 0 0 0 0 0 0 0 0 0 0 0 0 0 0 0 0 0 0 0 0 0 0 0 0 0 0 0 0 0 0 0 0 1 1 1 1 1 1 1 1 1 1 1 1 1 1 1 1 1 1 1 1 1 1 1 1 1 1 1 1 ];
presentations = [1 1 1 1 1 1 0 1 1 0 1 1 1 0 1 1 0 0 0 0 0 0 0 0 0 1 0 1 1 0 0 1 0 1 0 1 1 1 0 0 0 1 0 0 0 1 0 1 1 1 1 1 1 0 1 0 1 0 0 0 1 0 1 1 1 0 0 0 1 ];
answers = [1 0 1 1 1 1 0 1 1 0 0 1 1 0 1 1 0 0 0 0 0 0 0 0 0 1 0 1 1 0 0 1 0 1 0 1 1 1 0 0 0 0 0 0 0 1 0 1 1 1 0 1 1 0 0 0 1 0 0 0 1 0 1 1 0 0 0 0 1 ];
adjustments = [-8 24 -4 -4 -4 -4 0 -4 -4 0 12 -2 -1 0 -1 -1 0 0 0 0 0 0 0 0 0 -1 0 -1 -1 0 0 -1 0 -1 0 -1 -1 -1 0 0 0 3 0 0 0 -1 0 -1 -1 -1 3 -1 -1 0 3 0 -1 0 0 0 -1 0 -1 -1 3 0 0 0 -1 ];

