target=0.50;discardreversals=2;startvalue=0.00;steps=[4  2  1];selfservice=0;
%parameters=icra1,72
threshold = [1.50 ];
values = [0.00 10.00 0.00 5.00 6.50 4.00 1.50 0.00 -0.50 2.00 4.50 3.00 1.50 3.00 0.50 -1.00 1.50 -1.00 1.50 2.00 ];
reversals = [0 -1 1 0 -1 0 0 0 1 0 -1 0 1 -1 0 1 -1 1 0 -1 ];
measures = [0 0 0 0 1 1 1 1 1 1 1 1 1 1 1 1 1 1 1 1 ];
presentations = [1 2 3 4 5 6 7 8 9 10 11 12 13 14 15 16 17 18 19 20 ];
answers = [0 5 0 1 5 5 4 3 0 0 4 4 1 5 4 0 5 0 2 3 ];
adjustments = [10 -10 5 1.5 -2.5 -2.5 -1.5 -0.5 2.5 2.5 -1.5 -1.5 1.5 -2.5 -1.5 2.5 -2.5 2.5 0.5 -0.5 ];
sentences = {'54841' '45923' '90790' '31601' '69009' '93692' '59026' '22336' '66553' '36514' '77974' '03262' '11755' '87470' '70287' '08168' '82487' '15149' '24318' '48835' };
offsets = [1193 6983 9606 6217 14605 14426 27400 31513 37014 26129 20986 958 14436 15587 8660 7312 5264 8538 6924 294 ];

