target=0.50;discardreversals=2;startvalue=0.00;steps=[4  2  1];selfservice=0;
%parameters=icra1,82
threshold = [-2.00 ];
values = [0.00 -10.00 0.00 -5.00 -2.50 -2.00 0.50 -2.00 0.50 -2.00 0.50 1.00 -1.50 -4.00 -1.50 1.00 -1.50 -3.00 -0.50 -2.00 ];
reversals = [0 1 -1 1 0 0 -1 1 -1 1 0 -1 0 1 0 -1 0 1 -1 1 ];
measures = [0 0 0 1 1 1 1 1 1 1 1 1 1 1 1 1 1 1 1 1 ];
presentations = [1 2 3 4 5 6 7 8 9 10 11 12 13 14 15 16 17 18 19 20 ];
answers = [5 0 5 0 2 0 5 0 5 0 2 5 5 0 0 5 4 0 4 0 ];
adjustments = [-10 10 -5 2.5 0.5 2.5 -2.5 2.5 -2.5 2.5 0.5 -2.5 -2.5 2.5 2.5 -2.5 -1.5 2.5 -1.5 2.5 ];
sentences = {'07970' '03262' '10681' '77974' '78835' '90790' '66553' '34226' '59026' '48835' '51417' '46393' '95162' '63558' '31601' '82487' '29744' '24318' '15149' '82009' };
offsets = [10794 1370 12345 399 260 1268 24189 30714 12085 2744 8307 17297 11556 11816 15482 25845 3284 13005 7268 4586 ];

