target=0.50;discardreversals=2;startvalue=0.00;steps=[4  2  1];selfservice=0;
%parameters=icra1,65,re
threshold = [2.25 ];
values = [0.00 10.00 0.00 3.00 1.50 2.00 3.50 3.00 0.50 3.00 5.50 4.00 1.50 4.00 2.50 0.00 2.50 2.00 2.50 5.00 ];
reversals = [0 -1 1 -1 1 0 -1 0 1 0 -1 0 1 -1 0 1 -1 1 0 0 ];
measures = [0 0 0 1 1 1 1 1 1 1 1 1 1 1 1 1 1 1 1 1 ];
presentations = [1 2 3 4 5 6 7 8 9 10 11 12 13 14 15 16 17 18 19 20 ];
answers = [0 5 1 4 2 1 3 5 0 0 4 5 0 4 5 0 3 2 0 0 ];
adjustments = [10 -10 3 -1.5 0.5 1.5 -0.5 -2.5 2.5 2.5 -1.5 -2.5 2.5 -1.5 -2.5 2.5 -0.5 0.5 2.5 2.5 ];
sentences = {'66127' '87713' '70565' '50976' '69444' '12339' '35209' '06251' '48832' '98162' '29394' '52988' '33528' '21080' '85813' '03676' '77705' '14040' '91451' '44697' };
offsets = [23250 10208 6229 9060 16112 15877 5414 35502 9638 12430 1338 7304 17897 3676 20807 24121 5724 13226 31479 31193 ];

