target=0.75;minreversals=12;discardreversals=4;minmeasures=14;startvalue=81.00;steps=[8  4  4  2  1];feedback=0;
%parameters=1000, 51
threshold = [83.00 ];
values = [89.00 81.00 73.00 65.00 89.00 89.00 89.00 85.00 81.00 81.00 77.00 89.00 89.00 87.00 86.00 86.00 85.00 85.00 84.00 84.00 84.00 83.00 82.00 81.00 81.00 80.00 79.00 79.00 82.00 82.00 82.00 81.00 81.00 84.00 83.00 86.00 86.00 86.00 85.00 84.00 83.00 83.00 86.00 86.00 86.00 86.00 85.00 84.00 84.00 84.00 83.00 82.00 82.00 82.00 82.00 82.00 ];
reversals = [0 0 0 1 0 0 -1 0 0 0 1 0 -1 0 0 0 0 0 0 0 0 0 0 0 0 0 0 1 0 0 -1 0 1 -1 1 0 0 -1 0 0 0 1 0 0 0 -1 0 0 0 0 0 0 0 0 0 0 ];
measures = [0 0 0 0 0 0 0 0 0 0 0 0 0 0 0 0 0 0 0 0 0 0 0 0 0 0 0 1 1 1 1 1 1 1 1 1 1 1 1 1 1 1 1 1 1 1 1 1 1 1 1 1 1 1 1 1 ];
presentations = [1 1 1 1 0 0 1 1 0 1 1 0 1 1 0 1 0 1 0 0 1 1 1 0 1 1 0 1 0 0 1 0 1 1 1 0 0 1 1 1 0 1 0 0 0 1 1 0 0 1 1 0 0 0 0 1 ];
answers = [1 1 1 0 0 0 1 1 0 1 0 0 1 1 0 1 0 1 0 0 1 1 1 0 1 1 0 0 0 0 1 0 0 1 0 0 0 1 1 1 0 0 0 0 0 1 1 0 0 1 1 0 0 0 0 1 ];
adjustments = [-8 -8 -8 24 0 0 -4 -4 0 -4 12 0 -2 -1 0 -1 0 -1 0 0 -1 -1 -1 0 -1 -1 0 3 0 0 -1 0 3 -1 3 0 0 -1 -1 -1 0 3 0 0 0 -1 -1 0 0 -1 -1 0 0 0 0 -1 ];

