target=0.50;discardreversals=2;startvalue=0.00;steps=[4  2  1];selfservice=0;
%parameters=icra5.250,65
threshold = [1.25 ];
values = [0.00 -6.00 4.00 -1.00 1.50 -1.00 -2.50 0.00 0.50 1.00 0.50 2.00 1.50 -1.00 -2.50 0.00 2.50 4.00 1.50 3.00 ];
reversals = [0 1 -1 1 -1 0 1 0 0 -1 1 -1 0 0 1 0 0 -1 1 -1 ];
measures = [0 0 0 1 1 1 1 1 1 1 1 1 1 1 1 1 1 1 1 1 ];
presentations = [1 2 3 4 5 6 7 8 9 10 11 12 13 14 15 16 17 18 19 20 ];
answers = [4 0 5 0 5 4 0 2 2 3 1 3 5 4 0 0 1 5 1 5 ];
adjustments = [-6 10 -5 2.5 -2.5 -1.5 2.5 0.5 0.5 -0.5 1.5 -0.5 -2.5 -1.5 2.5 2.5 1.5 -2.5 1.5 -2.5 ];
sentences = {'70762' '10681' '92629' '46393' '95162' '09216' '86800' '65555' '51437' '29744' '18348' '47173' '82009' '07970' '34994' '63558' '51417' '78835' '34226' '23081' };
offsets = [170007 2125442 3939341 730229 4778356 2283281 4375701 4202312 1403472 4025388 2504769 3065712 4136017 220685 2253415 3243326 542013 2924812 1768659 2937998 ];

