target=0.50;discardreversals=2;startvalue=0.00;steps=[4  2  1];selfservice=0;
%parameters=babble,65
threshold = [5.00 ];
values = [0.00 10.00 8.00 3.00 8.00 5.50 4.00 3.50 5.00 7.50 5.00 5.50 4.00 5.50 6.00 3.50 5.00 2.50 5.00 2.50 ];
reversals = [0 -1 0 1 -1 0 0 1 0 -1 1 -1 1 0 -1 1 -1 1 -1 1 ];
measures = [0 0 0 0 1 1 1 1 1 1 1 1 1 1 1 1 1 1 1 1 ];
presentations = [1 2 3 4 5 6 7 8 9 10 11 12 13 14 15 16 17 18 19 20 ];
answers = [0 3 5 0 5 4 3 1 0 5 2 4 1 2 5 1 5 0 5 0 ];
adjustments = [10 -2 -5 5 -2.5 -1.5 -0.5 1.5 2.5 -2.5 0.5 -1.5 1.5 0.5 -2.5 1.5 -2.5 2.5 -2.5 2.5 ];
sentences = {'55025' '74972' '26626' '03491' '99308' '39994' '72141' '67850' '94067' '80338' '41634' '16140' '51779' '18502' '87263' '68819' '22586' '05413' '43285' '30757' };
offsets = [28640 25384 54557 11796 28337 7212 1941 20478 22660 9302 42129 2266 2549 17924 19120 7998 4518 24837 7976 7598 ];

