target=0.50;discardreversals=2;startvalue=0.00;steps=[4  2  1];selfservice=0;
%parameters=icra5.250,65,re
threshold = [3.75 ];
values = [0.00 10.00 4.00 9.00 6.50 4.00 1.50 4.00 3.50 6.00 5.50 3.00 2.50 5.00 3.50 6.00 3.50 1.00 0.50 0.00 ];
reversals = [0 -1 1 -1 0 0 1 -1 1 -1 0 0 1 -1 1 -1 0 0 0 1 ];
measures = [0 0 0 1 1 1 1 1 1 1 1 1 1 1 1 1 1 1 1 1 ];
presentations = [1 2 3 4 5 6 7 8 9 10 11 12 13 14 15 16 17 18 19 20 ];
answers = [0 4 0 5 5 5 0 3 0 3 5 3 0 4 0 5 5 3 3 0 ];
adjustments = [10 -6 5 -2.5 -2.5 -2.5 2.5 -0.5 2.5 -0.5 -2.5 -0.5 2.5 -1.5 2.5 -2.5 -2.5 -0.5 -0.5 2.5 ];
sentences = {'76600' '41634' '44529' '99308' '15952' '03491' '51195' '30757' '23448' '90013' '22586' '16140' '37886' '89364' '68271' '87263' '68819' '55025' '74972' '02737' };
offsets = [2362573 759007 3799679 3746726 1532040 3489893 4542855 3390511 3509717 3257849 4500766 2326880 1877120 1894337 2996960 4355733 351280 677047 2217403 122718 ];

