target=0.50;discardreversals=2;startvalue=0.00;steps=[4  2  1];selfservice=0;
%parameters=icra1,65,train
threshold = [4.25 ];
values = [0.00 10.00 0.00 5.00 7.50 5.00 2.50 3.00 5.50 7.00 4.50 2.00 4.50 4.00 5.50 4.00 6.50 6.00 3.50 2.00 ];
reversals = [0 -1 1 0 -1 0 1 0 0 -1 0 1 -1 1 -1 1 -1 0 0 1 ];
measures = [0 0 0 0 1 1 1 1 1 1 1 1 1 1 1 1 1 1 1 1 ];
presentations = [1 2 3 4 5 6 7 8 9 10 11 12 13 14 15 16 17 18 19 20 ];
answers = [0 5 0 0 5 5 2 0 1 5 5 0 3 1 4 0 3 5 4 1 ];
adjustments = [10 -10 5 2.5 -2.5 -2.5 0.5 2.5 1.5 -2.5 -2.5 2.5 -0.5 1.5 -1.5 2.5 -0.5 -2.5 -1.5 1.5 ];
sentences = {'24621' '52277' '22586' '33980' '03491' '55025' '41634' '95569' '89135' '87263' '68819' '61793' '00456' '47048' '99308' '18314' '74972' '30757' '76802' '16140' };
offsets = [2337 16705 2614 20512 34033 20922 34551 7191 26974 2449 28173 1692 13038 29422 817 27503 2922 6467 26807 8486 ];

