target=0.50;discardreversals=2;startvalue=0.00;steps=[4  2  1];selfservice=0;
%parameters=icra1,65
threshold = [0.50 ];
values = [0.00 2.00 4.00 -6.00 -1.00 1.50 3.00 1.50 0.00 2.50 2.00 0.50 1.00 3.50 1.00 0.50 -2.00 0.50 0.00 0.50 ];
reversals = [0 0 -1 1 0 0 -1 0 1 -1 0 1 0 -1 0 0 1 -1 1 0 ];
measures = [0 0 0 0 0 0 1 1 1 1 1 1 1 1 1 1 1 1 1 1 ];
presentations = [1 2 3 4 5 6 7 8 9 10 11 12 13 14 15 16 17 18 19 20 ];
answers = [2 2 5 0 0 1 4 4 0 3 4 2 0 5 3 5 0 3 2 2 ];
adjustments = [2 2 -10 5 2.5 1.5 -1.5 -1.5 2.5 -0.5 -1.5 0.5 2.5 -2.5 -0.5 -2.5 2.5 -0.5 0.5 0.5 ];
sentences = {'35209' '39994' '80338' '94067' '70565' '03676' '72141' '87713' '14040' '43285' '67850' '48832' '91451' '05413' '51779' '26626' '18502' '52988' '66127' '29394' };
offsets = [4198 20837 8427 14677 9049 24962 10449 12405 11041 22257 1377 8357 28169 5146 5442 35548 23123 13051 34951 2458 ];

