target=0.50;discardreversals=2;startvalue=0.00;steps=[4  2  1];selfservice=0;
%parameters=icra5.250,65,train
threshold = [2.00 ];
values = [0.00 10.00 4.00 9.00 6.50 4.00 3.50 3.00 0.50 3.00 3.50 1.00 3.50 2.00 -0.50 -1.00 1.50 4.00 1.50 2.00 ];
reversals = [0 -1 1 -1 0 0 0 0 1 0 -1 1 -1 0 0 1 0 -1 1 -1 ];
measures = [0 0 0 1 1 1 1 1 1 1 1 1 1 1 1 1 1 1 1 1 ];
presentations = [1 2 3 4 5 6 7 8 9 10 11 12 13 14 15 16 17 18 19 20 ];
answers = [0 4 0 5 5 3 3 5 0 2 5 0 4 5 3 0 0 5 2 3 ];
adjustments = [10 -6 5 -2.5 -2.5 -0.5 -0.5 -2.5 2.5 0.5 -2.5 2.5 -1.5 -2.5 -0.5 2.5 2.5 -2.5 0.5 -0.5 ];
sentences = {'09216' '33528' '34994' '06251' '23081' '98162' '21080' '70762' '77705' '44697' '92629' '18348' '12339' '65555' '86800' '50976' '51437' '85813' '69444' '47173' };
offsets = [4477340 1800106 393666 1748203 1139410 4821234 3922635 1527533 3143278 3970212 257111 2832418 3712775 4473654 3536936 2575541 1681646 711783 3900229 1262498 ];

