target=0.50;discardreversals=2;startvalue=0.00;steps=[4  2  1];selfservice=0;
%parameters=quiet,65
threshold = [-8.00 ];
values = [0.00 -10.00 0.00 -5.00 -7.50 -7.00 -9.50 -8.00 -9.50 -10.00 -11.50 -9.00 -6.50 -8.00 -9.50 -10.00 -9.50 -8.00 -9.50 -7.00 ];
reversals = [0 1 -1 0 1 -1 1 -1 0 0 1 0 -1 0 0 1 0 -1 1 -1 ];
measures = [0 0 0 0 1 1 1 1 1 1 1 1 1 1 1 1 1 1 1 1 ];
presentations = [1 2 3 4 5 6 7 8 9 10 11 12 13 14 15 16 17 18 19 20 ];
answers = [5 0 5 5 2 5 1 4 3 4 0 0 4 4 3 2 1 4 0 4 ];
adjustments = [-10 10 -5 -2.5 0.5 -2.5 1.5 -1.5 -0.5 -1.5 2.5 2.5 -1.5 -1.5 -0.5 0.5 1.5 -1.5 2.5 -1.5 ];
sentences = {'15952' '95569' '00456' '37886' '52277' '24621' '76802' '61793' '89135' '90013' '47048' '76600' '33980' '68271' '23448' '89364' '44529' '02737' '18314' '51195' };
offsets = [43278 66529 75331 43023 33999 9944 1128 41540 45195 32585 80296 32644 18240 22538 50107 32616 98465 4080 6543 71725 ];

