target=0.50;discardreversals=2;startvalue=0.00;steps=[4  2  1];selfservice=0;
threshold = [-4.00 ];
values = [0.00 -10.00 0.00 -5.00 -2.50 -3.00 -3.50 -4.00 -2.50 -5.00 -3.50 -6.00 -3.50 -6.00 -3.50 -4.00 -5.50 -4.00 -2.50 -5.00 ];
reversals = [0 1 -1 1 -1 0 0 1 -1 1 -1 1 -1 1 -1 0 1 0 -1 1 ];
measures = [0 0 0 1 1 1 1 1 1 1 1 1 1 1 1 1 1 1 1 1 ];
presentations = [1 2 3 4 5 6 7 8 9 10 11 12 13 14 15 16 17 18 19 20 ];
answers = [5 0 5 0 3 3 3 1 5 1 5 0 5 0 3 4 1 1 5 2 ];
adjustments = [-10 10 -5 2.5 -0.5 -0.5 -0.5 1.5 -2.5 1.5 -2.5 2.5 -2.5 2.5 -0.5 -1.5 1.5 1.5 -2.5 0.5 ];
sentences = {'03676' '35209' '66127' '50976' '29394' '52988' '12339' '91451' '48832' '98162' '44697' '33528' '69444' '06251' '70565' '85813' '21080' '77705' '87713' '14040' };
offsets = [9480 6618 7013 19047 14472 6893 9779 31646 504 21967 6421 12570 25941 24525 12938 4285 12142 1308 12786 10306 ];

