target=0.50;discardreversals=2;startvalue=0.00;steps=[4  2  1];selfservice=0;
threshold = [-3.00 ];
values = [0.00 10.00 0.00 -3.00 -4.00 -9.00 -4.00 -3.50 -3.00 -3.50 -3.00 -3.50 -4.00 -1.50 -3.00 -1.50 -3.00 -4.50 -4.00 -5.50 ];
reversals = [0 -1 0 0 0 1 0 0 -1 1 -1 0 1 -1 1 -1 0 1 -1 0 ];
measures = [0 0 0 0 0 0 0 0 1 1 1 1 1 1 1 1 1 1 1 1 ];
presentations = [1 2 3 4 5 6 7 8 9 10 11 12 13 14 15 16 17 18 19 20 ];
answers = [0 5 4 3 5 0 2 2 3 2 3 3 0 4 1 4 4 2 4 5 ];
adjustments = [10 -10 -3 -1 -5 5 0.5 0.5 -0.5 0.5 -0.5 -0.5 2.5 -1.5 1.5 -1.5 -1.5 0.5 -1.5 -2.5 ];
sentences = {'86800' '51437' '34226' '29744' '82009' '23081' '09216' '47173' '10681' '46393' '07970' '63558' '78835' '65555' '92629' '34994' '51417' '95162' '18348' '70762' };
offsets = [1548182 4080186 4817401 989022 792317 4150859 2561994 1694498 4192213 226756 1867641 53111 3482173 2499732 2883629 2023720 2889628 2528750 1064078 2767257 ];

