target=0.50;discardreversals=2;startvalue=0.00;steps=[4  2  1];selfservice=0;
threshold = [-7.50 ];
values = [0.00 -10.00 -8.00 -9.00 -7.50 -8.00 -7.50 -6.00 -8.50 -7.00 -9.50 -9.00 -8.50 -6.00 -7.50 -7.00 -7.50 -5.00 -7.50 -8.00 ];
reversals = [0 1 -1 1 -1 1 0 -1 1 -1 1 0 0 -1 1 -1 1 -1 0 1 ];
measures = [0 0 0 1 1 1 1 1 1 1 1 1 1 1 1 1 1 1 1 1 ];
presentations = [1 2 3 4 5 6 7 8 9 10 11 12 13 14 15 16 17 18 19 20 ];
answers = [5 2 3 1 3 2 1 5 1 5 2 2 0 4 2 3 0 5 3 2 ];
adjustments = [-10 2 -1 1.5 -0.5 0.5 1.5 -2.5 1.5 -2.5 0.5 0.5 2.5 -1.5 0.5 -0.5 2.5 -2.5 -0.5 0.5 ];
sentences = {'48832' '70565' '03676' '14040' '08168' '45923' '22336' '87470' '91451' '69009' '11755' '36514' '93692' '70287' '87713' '66127' '54841' '35209' '29394' '52988' };
offsets = [1532217 4377208 4697552 2304955 3478651 1251339 3582895 400492 3223444 99310 3400931 4142626 2794147 2622328 3563349 1779018 343825 2018850 2637484 2161456 ];

