target=0.75;minreversals=14;discardreversals=4;minmeasures=25;startvalue=60.00;steps=[8  8  4  2];feedback=0;
threshold = [70.00 ];
values = [68.00 60.00 84.00 76.00 72.00 72.00 68.00 64.00 64.00 76.00 74.00 74.00 72.00 72.00 72.00 70.00 70.00 70.00 68.00 68.00 68.00 66.00 64.00 70.00 68.00 66.00 66.00 64.00 64.00 64.00 70.00 70.00 70.00 68.00 66.00 64.00 62.00 62.00 62.00 62.00 62.00 62.00 68.00 68.00 68.00 68.00 68.00 74.00 82.00 80.00 80.00 78.00 84.00 82.00 80.00 80.00 78.00 78.00 78.00 76.00 74.00 74.00 72.00 70.00 70.00 68.00 74.00 74.00 74.00 72.00 72.00 72.00 ];
reversals = [0 1 -1 0 0 0 0 0 1 -1 0 0 0 0 0 0 0 0 0 0 0 0 1 -1 0 0 0 0 0 1 0 0 -1 0 0 0 0 0 0 0 0 1 0 0 0 0 0 0 -1 0 0 1 -1 0 0 0 0 0 0 0 0 0 0 0 0 1 0 0 -1 0 0 0 ];
measures = [0 0 0 0 0 0 0 0 0 0 0 0 0 0 0 0 0 0 0 0 0 0 1 1 1 1 1 1 1 1 1 1 1 1 1 1 1 1 1 1 1 1 1 1 1 1 1 1 1 1 1 1 1 1 1 1 1 1 1 1 1 1 1 1 1 1 1 1 1 1 1 1 ];
presentations = [1 1 1 1 0 1 1 0 1 1 0 1 0 0 1 0 0 1 0 0 1 1 1 1 1 0 1 0 0 1 0 0 1 1 1 1 0 0 0 0 0 1 0 0 0 0 1 0 1 0 1 1 1 1 0 1 0 0 1 1 0 1 1 0 1 1 0 0 1 0 0 1 ];
answers = [1 0 1 1 0 1 1 0 0 1 0 1 0 0 1 0 0 1 0 0 1 1 0 1 1 0 1 0 0 0 0 0 1 1 1 1 0 0 0 0 0 0 0 0 0 0 0 1 1 0 1 0 1 1 0 1 0 0 1 1 0 1 1 0 1 0 0 0 1 0 0 1 ];
adjustments = [-8 24 -8 -4 0 -4 -4 0 12 -2 0 -2 0 0 -2 0 0 -2 0 0 -2 -2 6 -2 -2 0 -2 0 0 6 0 0 -2 -2 -2 -2 0 0 0 0 0 6 0 0 0 0 6 8 -2 0 -2 6 -2 -2 0 -2 0 0 -2 -2 0 -2 -2 0 -2 6 0 0 -2 0 0 -2 ];

