target=0.50;discardreversals=2;startvalue=0.00;steps=[4  2  1];selfservice=0;
threshold = [-16.50 ];
values = [5.00 -5.00 -7.00 -17.00 -27.00 -17.00 -18.00 -17.50 -16.00 -18.50 -18.00 -16.50 -15.00 -16.50 -14.00 -14.50 -17.00 -16.50 -19.00 -18.50 ];
reversals = [0 0 0 0 1 -1 1 0 -1 1 0 0 -1 1 -1 0 1 -1 1 0 ];
measures = [0 0 0 0 0 0 1 1 1 1 1 1 1 1 1 1 1 1 1 1 ];
presentations = [1 2 3 4 5 6 7 8 9 10 11 12 13 14 15 16 17 18 19 20 ];
answers = [5 3 5 5 0 3 2 1 5 2 1 1 4 0 3 5 2 5 2 1 ];
adjustments = [-10 -2 -10 -10 10 -1 0.5 1.5 -2.5 0.5 1.5 1.5 -1.5 2.5 -0.5 -2.5 0.5 -2.5 0.5 1.5 ];
sentences = {'09216' '33528' '51437' '70762' '47173' '65555' '34994' '86800' '12339' '69444' '18348' '50976' '92629' '98162' '21080' '77705' '85813' '23081' '06251' '44697' };
offsets = [1934 1907 12728 28303 80565 67645 83563 65596 23175 59082 75860 68236 70258 37396 27031 55100 7829 5088 62570 62838 ];

