target=0.75;minreversals=14;discardreversals=4;minmeasures=25;startvalue=70.00;steps=[4  4  2  1];feedback=0;
threshold = [106.00 ];
values = [78.00 74.00 70.00 66.00 62.00 58.00 54.00 66.00 66.00 66.00 66.00 66.00 78.00 78.00 90.00 86.00 94.00 97.00 96.00 95.00 94.00 93.00 97.00 96.00 95.00 94.00 94.00 94.00 97.00 101.00 104.00 103.00 107.00 106.00 105.00 105.00 105.00 108.00 107.00 111.00 111.00 111.00 111.00 111.00 110.00 110.00 109.00 109.00 109.00 109.00 109.00 108.00 107.00 107.00 106.00 106.00 106.00 109.00 108.00 112.00 111.00 111.00 110.00 109.00 109.00 108.00 107.00 107.00 106.00 105.00 105.00 109.00 113.00 ];
reversals = [0 0 0 0 0 0 1 0 0 0 0 0 0 0 -1 1 0 -1 0 0 0 1 -1 0 0 0 0 1 0 0 -1 1 -1 0 0 0 1 -1 1 0 0 0 0 -1 0 0 0 0 0 0 0 0 0 0 0 0 1 -1 1 -1 0 0 0 0 0 0 0 0 0 0 1 0 0 ];
measures = [0 0 0 0 0 0 0 0 0 0 0 0 0 0 0 0 0 0 0 0 0 1 1 1 1 1 1 1 1 1 1 1 1 1 1 1 1 1 1 1 1 1 1 1 1 1 1 1 1 1 1 1 1 1 1 1 1 1 1 1 1 1 1 1 1 1 1 1 1 1 1 1 1 ];
presentations = [1 1 1 1 1 1 1 0 0 0 0 1 0 1 1 0 1 1 1 1 1 0 1 1 1 0 0 1 0 1 1 0 1 1 0 0 1 1 0 0 0 0 0 1 0 1 0 0 0 0 1 1 0 1 0 0 1 1 0 1 0 1 1 0 1 1 0 1 1 0 0 0 1 ];
answers = [1 1 1 1 1 1 0 0 0 0 0 0 0 0 1 1 0 1 1 1 1 1 1 1 1 0 0 0 1 0 1 1 1 1 0 0 0 1 1 0 0 0 0 1 0 1 0 0 0 0 1 1 0 1 0 0 0 1 1 1 0 1 1 0 1 1 0 1 1 0 1 1 0 ];
adjustments = [-4 -4 -4 -4 -4 -4 12 0 0 0 0 12 0 12 -4 8 3 -1 -1 -1 -1 4 -1 -1 -1 0 0 3 4 3 -1 4 -1 -1 0 0 3 -1 4 0 0 0 0 -1 0 -1 0 0 0 0 -1 -1 0 -1 0 0 3 -1 4 -1 0 -1 -1 0 -1 -1 0 -1 -1 0 4 4 3 ];

