target=0.50;discardreversals=2;startvalue=0.00;steps=[4  2  1];selfservice=0;
threshold = [-4.25 ];
values = [0.00 -10.00 0.00 -5.00 -4.50 -3.00 -5.50 -3.00 -5.50 -7.00 -4.50 -2.00 -4.50 -5.00 -4.50 -3.00 -4.50 -4.00 -5.50 -4.00 ];
reversals = [0 1 -1 1 0 -1 1 -1 0 1 0 -1 0 1 0 -1 1 -1 1 -1 ];
measures = [0 0 0 1 1 1 1 1 1 1 1 1 1 1 1 1 1 1 1 1 ];
presentations = [1 2 3 4 5 6 7 8 9 10 11 12 13 14 15 16 17 18 19 20 ];
answers = [5 0 5 2 1 5 0 5 4 0 0 5 3 2 1 4 2 4 1 5 ];
adjustments = [-10 10 -5 0.5 1.5 -2.5 2.5 -2.5 -1.5 2.5 2.5 -2.5 -0.5 0.5 1.5 -1.5 0.5 -1.5 1.5 -2.5 ];
sentences = {'86800' '34226' '18348' '29744' '82009' '10681' '78835' '07970' '46393' '34994' '95162' '23081' '63558' '51437' '51417' '09216' '70762' '92629' '65555' '47173' };
offsets = [13584 14037 7975 3931 3343 5731 17035 20206 45366 14662 8451 2179 20889 17720 20169 28198 490 7494 9218 10818 ];

