target=0.50;discardreversals=2;startvalue=0.00;steps=[4  2  1];selfservice=0;
threshold = [-2.25 ];
values = [0.00 -6.00 4.00 1.00 -1.50 -4.00 -1.50 -3.00 -4.50 -6.00 -4.50 -4.00 -3.50 -2.00 -4.50 -2.00 -2.50 -2.00 -2.50 -2.00 ];
reversals = [0 1 -1 0 0 1 -1 0 0 1 0 0 0 -1 1 -1 1 -1 1 -1 ];
measures = [0 0 0 0 0 1 1 1 1 1 1 1 1 1 1 1 1 1 1 1 ];
presentations = [1 2 3 4 5 6 7 8 9 10 11 12 13 14 15 16 17 18 19 20 ];
answers = [4 0 4 5 5 0 4 4 4 1 2 2 1 5 0 3 2 3 2 3 ];
adjustments = [-6 10 -3 -2.5 -2.5 2.5 -1.5 -1.5 -1.5 1.5 0.5 0.5 1.5 -2.5 2.5 -0.5 0.5 -0.5 0.5 -0.5 ];
sentences = {'69444' '21080' '33528' '51437' '70762' '34994' '77705' '23081' '50976' '47173' '85813' '86800' '98162' '09216' '65555' '92629' '06251' '18348' '12339' '44697' };
offsets = [3479 10157 36246 12010 642 24493 9487 7075 21671 17928 2019 13544 13974 3009 2603 24744 25666 1167 13248 22050 ];

