target=0.50;discardreversals=2;startvalue=0.00;steps=[4  2  1];selfservice=0;
threshold = [1.50 ];
values = [0.00 -2.00 8.00 3.00 1.50 4.00 1.50 -1.00 -3.50 -1.00 1.50 -1.00 1.50 0.00 2.50 1.00 3.50 1.00 3.50 4.00 ];
reversals = [0 1 -1 0 1 -1 0 0 1 0 -1 1 -1 1 -1 1 -1 1 0 0 ];
measures = [0 0 0 0 1 1 1 1 1 1 1 1 1 1 1 1 1 1 1 1 ];
presentations = [1 2 3 4 5 6 7 8 9 10 11 12 13 14 15 16 17 18 19 20 ];
answers = [3 0 5 4 0 5 5 5 0 0 5 0 4 0 4 0 5 0 2 0 ];
adjustments = [-2 10 -5 -1.5 2.5 -2.5 -2.5 -2.5 2.5 2.5 -2.5 2.5 -1.5 2.5 -1.5 2.5 -2.5 2.5 0.5 2.5 ];
sentences = {'99308' '41634' '69444' '22586' '98162' '50976' '03491' '12339' '74972' '44697' '55025' '33528' '87263' '30757' '85813' '21080' '77705' '16140' '68819' '06251' };
offsets = [100 10692 25595 11323 20992 1227 41736 16185 24168 7585 12384 4378 22846 4712 16994 24285 7329 26638 26543 20008 ];

