target=0.50;discardreversals=2;startvalue=0.00;steps=[4  2  1];selfservice=0;
threshold = [-1.00 ];
values = [0.00 -2.00 8.00 3.00 1.50 -1.00 -3.50 -1.00 -1.50 1.00 -1.50 1.00 -1.50 1.00 -0.50 -2.00 0.50 -1.00 1.50 0.00 ];
reversals = [0 1 -1 0 0 0 1 -1 1 -1 1 -1 1 -1 0 1 -1 1 -1 0 ];
measures = [0 0 0 0 0 0 1 1 1 1 1 1 1 1 1 1 1 1 1 1 ];
presentations = [1 2 3 4 5 6 7 8 9 10 11 12 13 14 15 16 17 18 19 20 ];
answers = [3 0 5 4 5 5 0 3 0 5 0 5 0 4 4 0 4 0 4 4 ];
adjustments = [-2 10 -5 -1.5 -2.5 -2.5 2.5 -0.5 2.5 -2.5 2.5 -2.5 2.5 -1.5 -1.5 2.5 -1.5 2.5 -1.5 -1.5 ];
sentences = {'91451' '14040' '70762' '70565' '92629' '03676' '34994' '51437' '87713' '66127' '86800' '52988' '47173' '18348' '65555' '09216' '29394' '48832' '23081' '35209' };
offsets = [21577 2795 345 1667 30305 34277 12549 1939 630 11248 24260 8507 30879 20091 9801 5828 10914 8275 25652 19409 ];

