target=0.50;discardreversals=2;startvalue=0.00;steps=[4  2  1];selfservice=0;
threshold = [-2.75 ];
values = [0.00 -2.00 0.00 -5.00 -2.50 -5.00 -2.50 -4.00 -1.50 -4.00 -4.50 -2.00 0.50 -1.00 -2.50 -3.00 -0.50 -3.00 -3.50 -1.00 ];
reversals = [0 1 -1 1 -1 1 -1 1 -1 0 1 0 -1 0 0 1 -1 0 1 -1 ];
measures = [0 0 0 1 1 1 1 1 1 1 1 1 1 1 1 1 1 1 1 1 ];
presentations = [1 2 3 4 5 6 7 8 9 10 11 12 13 14 15 16 17 18 19 20 ];
answers = [3 2 5 0 5 0 4 0 5 3 0 0 4 4 3 0 5 3 0 3 ];
adjustments = [-2 2 -5 2.5 -2.5 2.5 -1.5 2.5 -2.5 -0.5 2.5 2.5 -1.5 -1.5 -0.5 2.5 -2.5 -0.5 2.5 -0.5 ];
sentences = {'65555' '43285' '86800' '47173' '26626' '72141' '23081' '70762' '94067' '05413' '67850' '51437' '18502' '92629' '80338' '18348' '51779' '09216' '34994' '39994' };
offsets = [6763 3906 13005 31011 8214 4687 11465 87 21029 1265 7648 18613 6626 31782 3296 18185 10568 5392 15182 16046 ];

