target=0.50;discardreversals=2;startvalue=0.00;steps=[4  2  1];selfservice=0;
threshold = [-3.00 ];
values = [0.00 -2.00 8.00 3.00 0.50 -1.00 1.50 -1.00 -3.50 -6.00 -3.50 -3.00 -5.50 -3.00 -5.50 -7.00 -4.50 -2.00 -2.50 -5.00 ];
reversals = [0 1 -1 0 0 1 -1 0 0 1 0 -1 1 -1 0 1 0 -1 0 1 ];
measures = [0 0 0 0 0 1 1 1 1 1 1 1 1 1 1 1 1 1 1 1 ];
presentations = [1 2 3 4 5 6 7 8 9 10 11 12 13 14 15 16 17 18 19 20 ];
answers = [3 0 5 5 4 0 5 5 5 0 2 5 0 5 4 0 0 3 5 0 ];
adjustments = [-2 10 -5 -2.5 -1.5 2.5 -2.5 -2.5 -2.5 2.5 0.5 -2.5 2.5 -2.5 -1.5 2.5 2.5 -0.5 -2.5 2.5 ];
sentences = {'29394' '03676' '08168' '69009' '87470' '11755' '87713' '54841' '14040' '52988' '48832' '36514' '91451' '93692' '45923' '70287' '35209' '22336' '66127' '70565' };
offsets = [565051 645630 3956231 3630852 2815499 1905269 24569 4092537 2389577 3153525 1212939 760735 832612 2162561 2197591 2893487 4355018 3103463 60761 2974188 ];

