target=0.50;discardreversals=2;startvalue=0.00;steps=[4  2  1];selfservice=0;
threshold = [0.00 ];
values = [0.00 10.00 0.00 5.00 3.50 2.00 0.50 0.00 0.50 -1.00 -1.50 -2.00 0.50 0.00 -2.50 -1.00 -2.50 -5.00 -2.50 0.00 ];
reversals = [0 -1 1 -1 0 0 0 1 -1 0 0 1 -1 0 1 -1 0 1 0 -1 ];
measures = [0 0 0 1 1 1 1 1 1 1 1 1 1 1 1 1 1 1 1 1 ];
presentations = [1 2 3 4 5 6 7 8 9 10 11 12 13 14 15 16 17 18 19 20 ];
answers = [0 5 0 4 4 4 3 2 4 3 3 0 3 5 1 4 5 0 0 5 ];
adjustments = [10 -10 5 -1.5 -1.5 -1.5 -0.5 0.5 -1.5 -0.5 -0.5 2.5 -0.5 -2.5 1.5 -1.5 -2.5 2.5 2.5 -2.5 ];
sentences = {'89135' '24621' '76802' '18314' '33528' '06251' '33980' '12339' '50976' '44697' '85813' '69444' '21080' '00456' '47048' '95569' '61793' '77705' '98162' '52277' };
offsets = [12031 20099 11811 21721 22646 29578 13042 9369 8196 6371 15438 10413 20031 20991 33829 19880 15054 5549 6374 15588 ];

