target=0.50;discardreversals=2;startvalue=0.00;steps=[4  2  1];selfservice=0;
threshold = [-3.00 ];
values = [0.00 -10.00 0.00 -5.00 -2.50 -3.00 -0.50 -3.00 -5.50 -3.00 -0.50 -3.00 -0.50 -3.00 -5.50 -3.00 -3.50 -1.00 -2.50 -5.00 ];
reversals = [0 1 -1 1 -1 1 -1 0 1 0 -1 1 -1 0 1 -1 1 -1 0 1 ];
measures = [0 0 0 1 1 1 1 1 1 1 1 1 1 1 1 1 1 1 1 1 ];
presentations = [1 2 3 4 5 6 7 8 9 10 11 12 13 14 15 16 17 18 19 20 ];
answers = [5 0 5 0 3 0 5 5 0 0 5 0 5 5 0 3 0 4 5 0 ];
adjustments = [-10 10 -5 2.5 -0.5 2.5 -2.5 -2.5 2.5 2.5 -2.5 2.5 -2.5 -2.5 2.5 -0.5 2.5 -1.5 -2.5 2.5 ];
sentences = {'99308' '68819' '30757' '55025' '43285' '18502' '67850' '80338' '87263' '16140' '39994' '41634' '05413' '22586' '51779' '03491' '74972' '72141' '94067' '26626' };
offsets = [22724 14848 2523 13116 26146 12331 6232 4152 9815 31234 7488 30990 1695 28579 12483 12539 13800 7636 24843 42354 ];

