target=0.50;discardreversals=2;startvalue=0.00;steps=[4  2  1];selfservice=0;
threshold = [0.50 ];
values = [0.00 -6.00 4.00 3.00 0.50 2.00 0.50 -2.00 0.50 -2.00 0.50 1.00 0.50 -1.00 -1.50 -2.00 0.50 0.00 -1.50 -3.00 ];
reversals = [0 1 -1 0 1 -1 0 1 -1 1 0 -1 0 0 0 1 -1 0 0 1 ];
measures = [0 0 0 0 1 1 1 1 1 1 1 1 1 1 1 1 1 1 1 1 ];
presentations = [1 2 3 4 5 6 7 8 9 10 11 12 13 14 15 16 17 18 19 20 ];
answers = [4 0 3 5 1 4 5 0 5 0 2 3 4 3 3 0 3 4 4 0 ];
adjustments = [-6 10 -1 -2.5 1.5 -1.5 -2.5 2.5 -2.5 2.5 0.5 -0.5 -1.5 -0.5 -0.5 2.5 -0.5 -1.5 -1.5 2.5 ];
sentences = {'24621' '51779' '95569' '52277' '89135' '47048' '00456' '72141' '94067' '76802' '18314' '43285' '80338' '18502' '39994' '05413' '33980' '67850' '26626' '61793' };
offsets = [23339 17838 18756 5699 11842 1005 24713 8268 28872 23970 9066 8931 5111 3403 16586 14842 21493 4043 12787 14606 ];

