target=0.50;discardreversals=2;startvalue=0.00;steps=[4  2  1];selfservice=0;
threshold = [-1.00 ];
values = [0.00 -10.00 0.00 -3.00 -0.50 -3.00 -2.50 0.00 -1.50 1.00 -0.50 -1.00 -2.50 0.00 0.50 -2.00 0.50 3.00 0.50 -1.00 ];
reversals = [0 1 -1 1 -1 1 0 -1 1 -1 0 0 1 0 -1 1 0 -1 0 0 ];
measures = [0 0 0 1 1 1 1 1 1 1 1 1 1 1 1 1 1 1 1 1 ];
presentations = [1 2 3 4 5 6 7 8 9 10 11 12 13 14 15 16 17 18 19 20 ];
answers = [5 0 4 0 5 2 0 4 0 4 3 4 0 2 5 0 0 5 4 5 ];
adjustments = [-10 10 -3 2.5 -2.5 0.5 2.5 -1.5 2.5 -1.5 -0.5 -1.5 2.5 0.5 -2.5 2.5 2.5 -2.5 -1.5 -2.5 ];
sentences = {'48832' '70565' '29394' '87470' '66127' '87713' '08168' '14040' '36514' '91451' '03676' '11755' '93692' '22336' '69009' '35209' '54841' '52988' '70287' '45923' };
offsets = [4070575 1229136 3543920 1578713 145167 2138513 825192 217285 1979447 3827709 2121685 2636990 3888373 3500786 1931779 1988232 3254656 1744538 3135867 4042731 ];

