target=0.50;discardreversals=2;startvalue=0.00;steps=[4  2  1];selfservice=0;
threshold = [-7.50 ];
values = [5.00 -1.00 -7.00 -13.00 -15.00 -5.00 -6.00 -6.50 -8.00 -10.50 -8.00 -5.50 -5.00 -6.50 -6.00 -6.50 -9.00 -9.50 -11.00 -8.50 ];
reversals = [0 0 0 0 1 -1 0 0 0 1 0 0 -1 1 -1 0 0 0 1 -1 ];
measures = [0 0 0 0 0 0 0 0 0 1 1 1 1 1 1 1 1 1 1 1 ];
presentations = [1 2 3 4 5 6 7 8 9 10 11 12 13 14 15 16 17 18 19 20 ];
answers = [4 4 4 3 0 3 3 4 5 0 0 2 4 2 3 5 3 4 0 3 ];
adjustments = [-6 -6 -6 -2 10 -1 -0.5 -1.5 -2.5 2.5 2.5 0.5 -1.5 0.5 -0.5 -2.5 -0.5 -1.5 2.5 -0.5 ];
sentences = {'33528' '21080' '06251' '26626' '85813' '39994' '67850' '98162' '05413' '51779' '44697' '12339' '18502' '72141' '94067' '69444' '43285' '80338' '77705' '50976' };
offsets = [765 21249 734 19973 38172 55645 9744 34335 10907 71063 33761 7505 12680 46113 60388 26045 53112 63138 29609 37569 ];

