target=0.50;discardreversals=2;startvalue=0.00;steps=[4  2  1];selfservice=0;
threshold = [4.00 ];
values = [0.00 10.00 0.00 5.00 3.50 6.00 6.50 5.00 3.50 2.00 4.50 2.00 0.50 3.00 3.50 2.00 4.50 4.00 6.50 4.00 ];
reversals = [0 -1 1 -1 1 0 -1 0 0 1 -1 0 1 0 -1 1 -1 1 -1 0 ];
measures = [0 0 0 1 1 1 1 1 1 1 1 1 1 1 1 1 1 1 1 1 ];
presentations = [1 2 3 4 5 6 7 8 9 10 11 12 13 14 15 16 17 18 19 20 ];
answers = [0 5 0 4 0 2 4 4 4 0 5 4 0 2 4 0 3 0 5 5 ];
adjustments = [10 -10 5 -1.5 2.5 0.5 -1.5 -1.5 -1.5 2.5 -2.5 -1.5 2.5 0.5 -1.5 2.5 -0.5 2.5 -2.5 -2.5 ];
sentences = {'86800' '69444' '92629' '47173' '44697' '34994' '18348' '33528' '06251' '51437' '77705' '50976' '21080' '65555' '23081' '85813' '98162' '09216' '12339' '70762' };
offsets = [2122894 205951 3670013 4347354 3873420 2455966 3632649 1965767 4018124 770925 1382260 3534473 2636185 87062 4315258 1827018 2396341 4701317 3038750 4231399 ];

