target=0.50;discardreversals=2;startvalue=0.00;steps=[4  2  1];selfservice=0;
threshold = [-12.25 ];
values = [5.00 3.00 -7.00 -13.00 -3.00 -4.00 -6.50 -9.00 -10.50 -8.00 -6.50 -8.00 -10.50 -12.00 -14.50 -12.00 -14.50 -15.00 -12.50 -14.00 ];
reversals = [0 0 0 1 -1 0 0 0 1 0 -1 0 0 0 1 -1 0 1 -1 0 ];
measures = [0 0 0 0 0 0 0 0 1 1 1 1 1 1 1 1 1 1 1 1 ];
presentations = [1 2 3 4 5 6 7 8 9 10 11 12 13 14 15 16 17 18 19 20 ];
answers = [3 5 4 0 3 5 5 4 0 1 4 5 4 5 0 5 3 0 4 3 ];
adjustments = [-2 -10 -6 10 -1 -2.5 -2.5 -1.5 2.5 1.5 -1.5 -2.5 -1.5 -2.5 2.5 -2.5 -0.5 2.5 -1.5 -0.5 ];
sentences = {'37886' '90790' '15952' '77974' '51195' '90013' '68271' '82487' '44529' '23448' '48835' '59026' '24318' '02737' '76600' '15149' '66553' '89364' '03262' '31601' };
offsets = [90887 32777 10041 40326 77704 32166 90869 3605 97909 22819 9945 40618 78705 72545 491 37205 1215 70946 24543 6589 ];

