target=0.75;minreversals=14;discardreversals=4;minmeasures=25;startvalue=70.00;steps=[4  4  2  1];feedback=0;
threshold = [84.00 ];
values = [90.00 86.00 82.00 78.00 74.00 74.00 74.00 74.00 74.00 86.00 102.00 98.00 96.00 94.00 94.00 100.00 99.00 98.00 97.00 96.00 95.00 94.00 94.00 94.00 94.00 93.00 92.00 92.00 91.00 91.00 90.00 90.00 89.00 89.00 88.00 87.00 86.00 85.00 84.00 88.00 88.00 88.00 88.00 88.00 88.00 87.00 87.00 86.00 86.00 85.00 85.00 85.00 85.00 84.00 84.00 84.00 87.00 86.00 90.00 90.00 89.00 88.00 87.00 87.00 87.00 86.00 86.00 85.00 84.00 83.00 82.00 82.00 82.00 81.00 81.00 81.00 81.00 80.00 80.00 79.00 78.00 78.00 78.00 78.00 77.00 77.00 76.00 75.00 74.00 73.00 72.00 71.00 71.00 70.00 69.00 69.00 68.00 67.00 66.00 65.00 65.00 64.00 64.00 64.00 64.00 67.00 66.00 66.00 69.00 69.00 69.00 69.00 69.00 72.00 76.00 76.00 76.00 ];
reversals = [0 0 0 0 0 0 0 0 1 0 -1 0 0 0 1 -1 0 0 0 0 0 0 0 0 0 0 0 0 0 0 0 0 0 0 0 0 0 0 1 0 0 0 0 0 -1 0 0 0 0 0 0 0 0 0 0 1 -1 1 0 -1 0 0 0 0 0 0 0 0 0 0 0 0 0 0 0 0 0 0 0 0 0 0 0 0 0 0 0 0 0 0 0 0 0 0 0 0 0 0 0 0 0 0 0 0 1 -1 0 1 0 0 0 0 0 0 0 0 -1 ];
measures = [0 0 0 0 0 0 0 0 0 0 0 0 0 0 0 0 0 0 0 0 0 0 0 0 0 0 0 0 0 0 0 0 0 0 0 0 0 0 1 1 1 1 1 1 1 1 1 1 1 1 1 1 1 1 1 1 1 1 1 1 1 1 1 1 1 1 1 1 1 1 1 1 1 1 1 1 1 1 1 1 1 1 1 1 1 1 1 1 1 1 1 1 1 1 1 1 1 1 1 1 1 1 1 1 1 1 1 1 1 1 1 1 1 1 1 1 1 ];
presentations = [1 1 1 1 0 0 0 0 1 0 1 1 1 0 1 1 1 1 1 1 1 0 0 0 1 1 0 1 0 1 0 1 0 1 1 1 1 1 0 0 0 0 0 0 1 0 1 0 1 0 0 0 1 0 0 1 1 0 0 1 1 1 0 0 1 0 1 1 1 1 0 0 1 0 0 0 1 0 1 1 0 0 0 1 0 1 1 1 1 1 1 0 1 1 0 1 1 1 1 0 1 0 0 0 1 1 0 1 0 0 0 0 1 0 0 0 1 ];
answers = [1 1 1 1 0 0 0 0 0 1 1 1 1 0 0 1 1 1 1 1 1 0 0 0 1 1 0 1 0 1 0 1 0 1 1 1 1 1 1 0 0 0 0 0 1 0 1 0 1 0 0 0 1 0 0 0 1 1 0 1 1 1 0 0 1 0 1 1 1 1 0 0 1 0 0 0 1 0 1 1 0 0 0 1 0 1 1 1 1 1 1 0 1 1 0 1 1 1 1 0 1 0 0 0 0 1 0 0 0 0 0 0 0 1 0 0 1 ];
adjustments = [-4 -4 -4 -4 0 0 0 0 12 16 -4 -2 -2 0 6 -1 -1 -1 -1 -1 -1 0 0 0 -1 -1 0 -1 0 -1 0 -1 0 -1 -1 -1 -1 -1 4 0 0 0 0 0 -1 0 -1 0 -1 0 0 0 -1 0 0 3 -1 4 0 -1 -1 -1 0 0 -1 0 -1 -1 -1 -1 0 0 -1 0 0 0 -1 0 -1 -1 0 0 0 -1 0 -1 -1 -1 -1 -1 -1 0 -1 -1 0 -1 -1 -1 -1 0 -1 0 0 0 3 -1 0 3 0 0 0 0 3 4 0 0 -1 ];

