target=0.75;minreversals=14;discardreversals=4;minmeasures=25;startvalue=60.00;steps=[8  8  4  2];feedback=0;
threshold = [35.00 ];
values = [60.00 52.00 44.00 68.00 68.00 60.00 60.00 56.00 52.00 52.00 52.00 52.00 52.00 52.00 52.00 48.00 44.00 40.00 40.00 40.00 36.00 48.00 46.00 46.00 46.00 44.00 42.00 40.00 40.00 38.00 36.00 34.00 32.00 38.00 38.00 38.00 36.00 34.00 34.00 40.00 40.00 40.00 40.00 40.00 40.00 38.00 36.00 36.00 36.00 34.00 32.00 30.00 30.00 36.00 36.00 34.00 34.00 34.00 32.00 30.00 36.00 36.00 34.00 42.00 42.00 48.00 46.00 44.00 42.00 42.00 40.00 40.00 40.00 38.00 38.00 38.00 36.00 34.00 34.00 32.00 32.00 ];
reversals = [0 0 1 0 -1 0 0 0 0 0 0 0 0 0 0 0 0 0 0 0 1 -1 0 0 0 0 0 0 0 0 0 0 1 0 0 -1 0 0 1 0 0 0 0 0 -1 0 0 0 0 0 0 0 1 0 -1 0 0 0 0 1 0 -1 1 0 0 -1 0 0 0 0 0 0 0 0 0 0 0 0 0 0 0 ];
measures = [0 0 0 0 0 0 0 0 0 0 0 0 0 0 0 0 0 0 0 0 0 0 0 0 0 0 0 0 0 0 0 0 1 1 1 1 1 1 1 1 1 1 1 1 1 1 1 1 1 1 1 1 1 1 1 1 1 1 1 1 1 1 1 1 1 1 1 1 1 1 1 1 1 1 1 1 1 1 1 1 1 ];
presentations = [1 1 1 0 1 0 1 1 0 0 0 0 0 0 1 1 1 0 0 1 1 1 0 0 1 1 1 0 1 1 1 1 1 0 0 1 1 0 1 0 0 0 0 0 1 1 0 0 1 1 1 0 1 0 1 0 0 1 1 1 0 1 0 0 1 1 1 1 0 1 0 0 1 0 0 1 1 0 1 0 1 ];
answers = [1 1 0 0 1 0 1 1 0 0 0 0 0 0 1 1 1 0 0 1 0 1 0 0 1 1 1 0 1 1 1 1 0 0 0 1 1 0 0 0 0 0 0 0 1 1 0 0 1 1 1 0 0 0 1 0 0 1 1 0 0 1 1 0 0 1 1 1 0 1 0 0 1 0 0 1 1 0 1 0 1 ];
adjustments = [-8 -8 24 0 -8 0 -4 -4 0 0 0 0 0 0 -4 -4 -4 0 0 -4 12 -2 0 0 -2 -2 -2 0 -2 -2 -2 -2 6 0 0 -2 -2 0 6 0 0 0 0 0 -2 -2 0 0 -2 -2 -2 0 6 0 -2 0 0 -2 -2 6 0 -2 8 0 6 -2 -2 -2 0 -2 0 0 -2 0 0 -2 -2 0 -2 0 -2 ];

