target=0.50;discardreversals=2;startvalue=0.00;steps=[4  2  1];selfservice=0;
threshold = [1.00 ];
values = [0.00 10.00 0.00 5.00 3.50 1.00 0.50 1.00 -0.50 -1.00 1.50 -1.00 -2.50 0.00 2.50 1.00 -0.50 -1.00 1.50 0.00 ];
reversals = [0 -1 1 -1 0 0 1 -1 0 1 -1 0 1 0 -1 0 0 1 -1 0 ];
measures = [0 0 0 1 1 1 1 1 1 1 1 1 1 1 1 1 1 1 1 1 ];
presentations = [1 2 3 4 5 6 7 8 9 10 11 12 13 14 15 16 17 18 19 20 ];
answers = [0 5 0 4 5 3 2 4 3 0 5 4 0 0 4 4 3 0 4 3 ];
adjustments = [10 -10 5 -1.5 -2.5 -0.5 0.5 -1.5 -0.5 2.5 -2.5 -1.5 2.5 2.5 -1.5 -1.5 -0.5 2.5 -1.5 -0.5 ];
sentences = {'07970' '29744' '78835' '16140' '22586' '46393' '30757' '82009' '99308' '95162' '10681' '55025' '34226' '68819' '63558' '87263' '74972' '03491' '51417' '41634' };
offsets = [2873033 2911134 624305 1100543 1899440 2142839 4718675 4295946 3775342 4430698 1986500 4038016 96559 4444099 2064375 3400149 3143255 3167369 2509623 2954921 ];

