target=0.50;discardreversals=2;startvalue=0.00;steps=[4  2  1];selfservice=0;
%parameters=quiet,65
threshold = [-34.00 ];
values = [0.00 -10.00 -20.00 -26.00 -32.00 -38.00 -28.00 -23.00 -28.00 -29.50 -32.00 -32.50 -34.00 -35.50 -33.00 -35.50 -33.00 -33.50 -35.00 -32.50 ];
reversals = [0 0 0 0 0 1 0 -1 0 0 0 0 0 1 -1 1 -1 0 1 -1 ];
measures = [0 0 0 0 0 0 0 0 0 0 0 0 0 1 1 1 1 1 1 1 ];
presentations = [1 2 3 4 5 6 7 8 9 10 11 12 13 14 15 16 17 18 19 20 ];
answers = [5 5 4 4 4 0 0 5 4 5 3 4 4 0 5 0 3 4 0 5 ];
adjustments = [-10 -10 -6 -6 -6 10 5 -5 -1.5 -2.5 -0.5 -1.5 -1.5 2.5 -2.5 2.5 -0.5 -1.5 2.5 -2.5 ];
sentences = {'91451' '66127' '43285' '39994' '87713' '18502' '14040' '94067' '29394' '35209' '67850' '80338' '51779' '03676' '52988' '26626' '48832' '72141' '05413' '70565' };
offsets = [80170 79674 74833 35286 66227 33234 21339 55898 39141 30843 66484 13251 18891 84997 49007 8964 34277 36070 8518 4559 ];

