target=0.50;discardreversals=2;startvalue=0.00;steps=[4  2  1];selfservice=0;
%parameters=icra5.250,65,re
threshold = [-9.50 ];
values = [0.00 -10.00 -4.00 -7.00 -8.50 -10.00 -7.50 -10.00 -10.50 -12.00 -9.50 -10.00 -7.50 -10.00 -10.50 -8.00 -8.50 -8.00 -10.50 -12.00 ];
reversals = [0 1 -1 0 0 1 -1 0 0 1 -1 1 -1 0 1 -1 1 -1 0 1 ];
measures = [0 0 0 0 0 1 1 1 1 1 1 1 1 1 1 1 1 1 1 1 ];
presentations = [1 2 3 4 5 6 7 8 9 10 11 12 13 14 15 16 17 18 19 20 ];
answers = [5 1 4 4 4 0 5 3 4 0 3 0 5 3 0 3 2 5 4 0 ];
adjustments = [-10 6 -3 -1.5 -1.5 2.5 -2.5 -0.5 -1.5 2.5 -0.5 2.5 -2.5 -0.5 2.5 -0.5 0.5 -2.5 -1.5 2.5 ];
sentences = {'43285' '86800' '51779' '51437' '23081' '05413' '26626' '65555' '92629' '34994' '09216' '80338' '70762' '67850' '18348' '94067' '18502' '47173' '39994' '72141' };
offsets = [2477212 4507722 290383 3024588 895262 2679317 4202381 451727 2368762 2996298 4223920 4790272 2503877 1152628 67344 735474 2167393 1487525 3236349 4211881 ];

