target=0.50;discardreversals=2;startvalue=0.00;steps=[4  2  1];selfservice=0;
%parameters=icra5.250,65,train
threshold = [-7.25 ];
values = [0.00 -10.00 0.00 -5.00 -6.50 -8.00 -7.50 -9.00 -6.50 -4.00 -6.50 -5.00 -5.50 -7.00 -5.50 -3.00 -4.50 -7.00 -9.50 -8.00 ];
reversals = [0 1 -1 0 0 1 -1 1 0 -1 1 -1 0 1 0 -1 0 0 1 -1 ];
measures = [0 0 0 0 0 1 1 1 1 1 1 1 1 1 1 1 1 1 1 1 ];
presentations = [1 2 3 4 5 6 7 8 9 10 11 12 13 14 15 16 17 18 19 20 ];
answers = [5 0 5 4 4 2 4 0 0 5 1 3 4 1 0 4 5 5 1 4 ];
adjustments = [-10 10 -5 -1.5 -1.5 0.5 -1.5 2.5 2.5 -2.5 1.5 -0.5 -1.5 1.5 2.5 -1.5 -2.5 -2.5 1.5 -1.5 ];
sentences = {'76802' '00456' '47048' '24621' '52277' '61793' '43285' '89135' '39994' '51779' '18502' '05413' '33980' '18314' '67850' '80338' '26626' '72141' '94067' '95569' };
offsets = [1736761 1636397 2092242 821928 261231 2485292 193974 4533414 3662251 3336955 4623025 641791 343661 3130041 976665 4734534 3056610 4640461 423595 894182 ];

