target=0.50;discardreversals=2;startvalue=0.00;steps=[4  2  1];selfservice=0;
%parameters=icra1,65,re
threshold = [-3.50 ];
values = [0.00 -6.00 0.00 -5.00 -3.50 -6.00 -4.50 -2.00 -3.50 -4.00 -2.50 -5.00 -6.50 -5.00 -3.50 -5.00 -2.50 -3.00 -2.50 -4.00 ];
reversals = [0 1 -1 1 -1 1 0 -1 0 1 -1 0 1 0 -1 1 -1 1 -1 1 ];
measures = [0 0 0 1 1 1 1 1 1 1 1 1 1 1 1 1 1 1 1 1 ];
presentations = [1 2 3 4 5 6 7 8 9 10 11 12 13 14 15 16 17 18 19 20 ];
answers = [4 1 5 1 5 1 0 4 3 1 5 4 1 1 4 0 3 2 4 0 ];
adjustments = [-6 6 -5 1.5 -2.5 1.5 2.5 -1.5 -0.5 1.5 -2.5 -1.5 1.5 1.5 -1.5 2.5 -0.5 0.5 -1.5 2.5 ];
sentences = {'16140' '03491' '07970' '55025' '22586' '63558' '99308' '82009' '74972' '51417' '87263' '95162' '29744' '41634' '10681' '68819' '34226' '78835' '46393' '30757' };
offsets = [11676 17670 14899 20215 9438 11542 17411 23095 26842 1985 12293 4437 2038 34136 157 16458 6166 1779 16449 5226 ];

