target=0.50;discardreversals=2;startvalue=0.00;steps=[4  2  1];selfservice=0;
%parameters=icra1,65,train
threshold = [-2.25 ];
values = [0.00 10.00 4.00 -1.00 -4.00 -7.00 -2.00 -0.50 -2.00 -0.50 -3.00 -2.50 -3.00 -5.50 -3.00 -0.50 -3.00 -0.50 -3.00 -5.50 ];
reversals = [0 -1 0 0 0 1 0 -1 1 -1 1 -1 0 1 0 -1 1 -1 0 1 ];
measures = [0 0 0 0 0 0 0 1 1 1 1 1 1 1 1 1 1 1 1 1 ];
presentations = [1 2 3 4 5 6 7 8 9 10 11 12 13 14 15 16 17 18 19 20 ];
answers = [0 4 5 4 4 0 1 4 1 5 2 3 5 0 0 5 0 5 5 2 ];
adjustments = [10 -6 -5 -3 -3 5 1.5 -1.5 1.5 -2.5 0.5 -0.5 -2.5 2.5 2.5 -2.5 2.5 -2.5 -2.5 0.5 ];
sentences = {'66127' '91451' '03676' '48832' '09216' '14040' '70565' '87713' '47173' '70762' '29394' '35209' '18348' '52988' '65555' '51437' '34994' '86800' '92629' '23081' };
offsets = [38859 3727 18542 13230 33504 14906 1745 4271 3005 276 4507 13231 3775 14427 9790 27864 17514 7157 13182 357 ];

