target=0.50;discardreversals=2;startvalue=0.00;steps=[4  2  1];selfservice=0;
%parameters=icra1,50
threshold = [-0.75 ];
values = [0.00 10.00 0.00 5.00 2.50 0.00 -2.50 -1.00 1.50 0.00 -2.50 -5.00 -2.50 -1.00 -2.50 0.00 -0.50 0.00 0.50 -2.00 ];
reversals = [0 -1 1 -1 0 0 1 0 -1 0 0 1 0 -1 1 -1 1 0 -1 1 ];
measures = [0 0 0 1 1 1 1 1 1 1 1 1 1 1 1 1 1 1 1 1 ];
presentations = [1 2 3 4 5 6 7 8 9 10 11 12 13 14 15 16 17 18 19 20 ];
answers = [0 5 0 5 5 5 1 0 4 5 5 0 1 4 0 3 2 2 5 0 ];
adjustments = [10 -10 5 -2.5 -2.5 -2.5 1.5 2.5 -1.5 -2.5 -2.5 2.5 1.5 -1.5 2.5 -0.5 0.5 0.5 -2.5 2.5 ];
sentences = {'14040' '29744' '46393' '10681' '66127' '91451' '78835' '87713' '29394' '03676' '52988' '35209' '95162' '82009' '34226' '70565' '51417' '48832' '63558' '07970' };
offsets = [11354 953 15297 9774 37419 28948 23197 9975 22533 16779 14140 7229 6039 22934 2196 20342 12354 7572 8114 18133 ];

