target=0.50;discardreversals=2;startvalue=0.00;steps=[4  2  1];selfservice=0;
%parameters=icra5.250,65
threshold = [-6.25 ];
values = [0.00 -10.00 0.00 -1.00 -3.50 -6.00 -3.50 -4.00 -6.50 -4.00 -1.50 -4.00 -6.50 -9.00 -6.50 -6.00 -8.50 -10.00 -11.50 -9.00 ];
reversals = [0 1 -1 0 0 1 -1 0 1 0 -1 0 0 1 0 -1 0 0 1 -1 ];
measures = [0 0 0 0 0 1 1 1 1 1 1 1 1 1 1 1 1 1 1 1 ];
presentations = [1 2 3 4 5 6 7 8 9 10 11 12 13 14 15 16 17 18 19 20 ];
answers = [5 0 3 5 5 0 3 5 0 0 5 5 5 0 2 5 4 4 0 4 ];
adjustments = [-10 10 -1 -2.5 -2.5 2.5 -0.5 -2.5 2.5 2.5 -2.5 -2.5 -2.5 2.5 0.5 -2.5 -1.5 -1.5 2.5 -1.5 ];
sentences = {'47048' '52277' '66553' '95569' '89135' '61793' '82487' '03262' '48835' '33980' '59026' '24621' '77974' '31601' '00456' '15149' '24318' '18314' '90790' '76802' };
offsets = [84719 2844922 299075 2882502 2944718 4235709 1614650 3914666 1598355 2860171 3684994 4036217 4046083 3802377 1949399 3239203 3078992 4494811 275048 67889 ];

