target=0.50;discardreversals=2;startvalue=0.00;steps=[4  2  1];selfservice=0;
%parameters=babble,65
threshold = [0.00 ];
values = [0.00 -6.00 4.00 5.00 0.00 2.50 1.00 -0.50 -1.00 1.50 -1.00 1.50 0.00 -2.50 0.00 -2.50 0.00 2.50 0.00 0.50 ];
reversals = [0 1 0 -1 1 -1 0 0 1 -1 1 -1 0 1 -1 1 0 -1 1 -1 ];
measures = [0 0 0 0 1 1 1 1 1 1 1 1 1 1 1 1 1 1 1 1 ];
presentations = [1 2 3 4 5 6 7 8 9 10 11 12 13 14 15 16 17 18 19 20 ];
answers = [4 0 2 5 0 4 4 3 0 5 0 4 5 0 5 0 0 5 2 5 ];
adjustments = [-6 10 1 -5 2.5 -1.5 -1.5 -0.5 2.5 -2.5 2.5 -1.5 -2.5 2.5 -2.5 2.5 2.5 -2.5 0.5 -2.5 ];
sentences = {'03262' '15149' '66127' '24318' '66553' '29394' '48832' '52988' '87713' '59026' '91451' '77974' '03676' '90790' '48835' '14040' '31601' '70565' '35209' '82487' };
offsets = [4956 6373 34778 15602 10348 14258 7941 15117 20424 39028 13029 5661 25762 11805 3811 18199 40836 15116 17148 17977 ];

