target=0.50;discardreversals=2;startvalue=0.00;steps=[4  2  1];selfservice=0;
%parameters=icra1,65
threshold = [-3.25 ];
values = [0.00 -6.00 4.00 -1.00 -3.50 -5.00 -2.50 -3.00 -5.50 -6.00 -3.50 -3.00 -3.50 -1.00 -3.50 -1.00 -3.50 -1.00 -2.50 -3.00 ];
reversals = [0 1 -1 0 0 1 -1 0 0 1 0 -1 1 -1 1 -1 1 -1 0 0 ];
measures = [0 0 0 0 0 1 1 1 1 1 1 1 1 1 1 1 1 1 1 1 ];
presentations = [1 2 3 4 5 6 7 8 9 10 11 12 13 14 15 16 17 18 19 20 ];
answers = [4 0 5 5 4 0 3 5 3 0 2 3 0 5 0 5 0 4 3 4 ];
adjustments = [-6 10 -5 -2.5 -1.5 2.5 -0.5 -2.5 -0.5 2.5 0.5 -0.5 2.5 -2.5 2.5 -2.5 2.5 -1.5 -0.5 -1.5 ];
sentences = {'16140' '74972' '24621' '55025' '18314' '30757' '87263' '47048' '03491' '61793' '89135' '22586' '33980' '95569' '00456' '99308' '68819' '52277' '76802' '41634' };
offsets = [23331 15600 8189 1677 29686 4639 11464 1760 21726 5897 4166 29256 12764 15804 4472 12555 23443 1903 39827 32874 ];

