target=0.75;minreversals=12;discardreversals=4;minmeasures=14;startvalue=75.00;steps=[8  4  4  2  1];feedback=0;
%parameters=1000,0.30,50
threshold = [50.00 ];
values = [83.00 75.00 99.00 95.00 95.00 95.00 95.00 91.00 91.00 87.00 83.00 79.00 79.00 79.00 75.00 71.00 67.00 63.00 63.00 63.00 59.00 55.00 55.00 55.00 55.00 55.00 51.00 47.00 43.00 55.00 53.00 53.00 52.00 51.00 54.00 53.00 53.00 53.00 52.00 51.00 50.00 49.00 49.00 48.00 48.00 48.00 48.00 47.00 47.00 46.00 49.00 49.00 49.00 48.00 48.00 51.00 50.00 50.00 50.00 49.00 48.00 51.00 51.00 51.00 51.00 ];
reversals = [0 1 -1 0 0 0 0 0 0 0 0 0 0 0 0 0 0 0 0 0 0 0 0 0 0 0 0 0 1 -1 0 0 0 1 -1 0 0 0 0 0 0 0 0 0 0 0 0 0 0 1 0 0 -1 0 1 -1 0 0 0 0 1 0 0 0 -1 ];
measures = [0 0 0 0 0 0 0 0 0 0 0 0 0 0 0 0 0 0 0 0 0 0 0 0 0 0 0 0 0 0 0 0 0 1 1 1 1 1 1 1 1 1 1 1 1 1 1 1 1 1 1 1 1 1 1 1 1 1 1 1 1 1 1 1 1 ];
presentations = [1 1 1 0 0 0 1 0 1 1 1 0 0 1 1 1 1 0 0 1 1 0 0 0 0 1 1 1 1 1 0 1 1 1 1 0 0 1 1 1 1 0 1 0 0 0 1 0 1 1 0 0 1 0 1 1 0 0 1 1 1 0 0 0 1 ];
answers = [1 0 1 0 0 0 1 0 1 1 1 0 0 1 1 1 1 0 0 1 1 0 0 0 0 1 1 1 0 1 0 1 1 0 1 0 0 1 1 1 1 0 1 0 0 0 1 0 1 0 0 0 1 0 0 1 0 0 1 1 0 0 0 0 1 ];
adjustments = [-8 24 -4 0 0 0 -4 0 -4 -4 -4 0 0 -4 -4 -4 -4 0 0 -4 -4 0 0 0 0 -4 -4 -4 12 -2 0 -1 -1 3 -1 0 0 -1 -1 -1 -1 0 -1 0 0 0 -1 0 -1 3 0 0 -1 0 3 -1 0 0 -1 -1 3 0 0 0 -1 ];

