target=0.50;discardreversals=2;startvalue=0.00;steps=[4  2  1];selfservice=0;
%parameters=icra1,40
threshold = [-0.50 ];
values = [0.00 10.00 0.00 -3.00 2.00 -0.50 2.00 -0.50 -3.00 -0.50 -3.00 -1.50 0.00 1.50 -1.00 1.50 -1.00 0.50 -2.00 0.50 ];
reversals = [0 -1 0 1 -1 1 -1 0 1 -1 1 0 0 -1 1 -1 1 -1 1 0 ];
measures = [0 0 0 0 1 1 1 1 1 1 1 1 1 1 1 1 1 1 1 1 ];
presentations = [1 2 3 4 5 6 7 8 9 10 11 12 13 14 15 16 17 18 19 20 ];
answers = [0 5 4 0 5 0 5 5 0 5 1 1 1 5 0 5 1 5 0 0 ];
adjustments = [10 -10 -3 5 -2.5 2.5 -2.5 -2.5 2.5 -2.5 1.5 1.5 1.5 -2.5 2.5 -2.5 1.5 -2.5 2.5 2.5 ];
sentences = {'30757' '22586' '16140' '85813' '03491' '12339' '50976' '69444' '41634' '44697' '21080' '55025' '98162' '06251' '33528' '99308' '77705' '74972' '68819' '87263' };
offsets = [1059 24311 8218 15402 18303 7016 24532 14132 4291 31882 10040 4892 11740 19664 35437 14350 11207 28729 29252 23413 ];

