target=0.50;discardreversals=2;startvalue=0.00;steps=[4  2  1];selfservice=0;
%parameters=icra1,100
threshold = [5.50 ];
values = [0.00 6.00 8.00 2.00 7.00 6.50 9.00 6.50 5.00 4.50 4.00 2.50 1.00 1.50 3.00 4.50 3.00 5.50 5.00 6.50 ];
reversals = [0 0 -1 1 -1 1 -1 0 0 0 0 0 1 0 0 -1 1 -1 1 -1 ];
measures = [0 0 0 0 1 1 1 1 1 1 1 1 1 1 1 1 1 1 1 1 ];
presentations = [1 2 3 4 5 6 7 8 9 10 11 12 13 14 15 16 17 18 19 20 ];
answers = [1 2 4 0 3 0 5 4 3 3 4 4 2 1 1 4 0 3 1 4 ];
adjustments = [6 2 -6 5 -0.5 2.5 -2.5 -1.5 -0.5 -0.5 -1.5 -1.5 0.5 1.5 1.5 -1.5 2.5 -0.5 1.5 -1.5 ];
sentences = {'48835' '77974' '21080' '59026' '24318' '98162' '50976' '77705' '90790' '31601' '33528' '06251' '44697' '12339' '03262' '85813' '82487' '15149' '66553' '69444' };
offsets = [34197 26006 17905 177 9863 21787 16127 16604 1042 11397 1285 18068 22173 16605 25597 5054 21840 1252 6417 26196 ];

