target=0.75;minreversals=12;discardreversals=4;minmeasures=14;startvalue=85.00;steps=[8  4  4  2  1];feedback=0;
%parameters=0500, 55
threshold = [102.50 ];
values = [109.00 101.00 125.00 121.00 121.00 121.00 117.00 117.00 117.00 113.00 113.00 109.00 109.00 109.00 105.00 101.00 101.00 101.00 101.00 113.00 113.00 113.00 111.00 111.00 111.00 111.00 110.00 109.00 108.00 107.00 107.00 106.00 105.00 105.00 104.00 103.00 102.00 102.00 105.00 104.00 103.00 103.00 102.00 102.00 102.00 102.00 102.00 102.00 102.00 102.00 105.00 105.00 105.00 104.00 103.00 102.00 101.00 101.00 100.00 103.00 103.00 103.00 102.00 101.00 101.00 101.00 100.00 100.00 100.00 103.00 ];
reversals = [0 1 -1 0 0 0 0 0 0 0 0 0 0 0 0 0 0 0 1 0 0 -1 0 0 0 0 0 0 0 0 0 0 0 0 0 0 0 1 -1 0 0 0 0 0 0 0 0 0 0 1 0 0 -1 0 0 0 0 0 1 0 0 -1 0 0 0 0 0 0 1 -1 ];
measures = [0 0 0 0 0 0 0 0 0 0 0 0 0 0 0 0 0 0 0 0 0 0 0 0 0 0 0 0 0 0 0 0 0 0 0 0 0 1 1 1 1 1 1 1 1 1 1 1 1 1 1 1 1 1 1 1 1 1 1 1 1 1 1 1 1 1 1 1 1 1 ];
presentations = [1 1 1 0 0 1 0 0 1 0 1 0 0 1 1 0 0 0 1 0 0 1 0 0 0 1 1 1 1 0 1 1 0 1 1 1 0 1 1 1 0 1 0 0 0 0 0 0 0 1 0 0 1 1 1 1 0 1 1 0 0 1 1 0 0 1 0 0 1 1 ];
answers = [1 0 1 0 0 1 0 0 1 0 1 0 0 1 1 0 0 0 0 0 0 1 0 0 0 1 1 1 1 0 1 1 0 1 1 1 0 0 1 1 0 1 0 0 0 0 0 0 0 0 0 0 1 1 1 1 0 1 0 0 0 1 1 0 0 1 0 0 0 1 ];
adjustments = [-8 24 -4 0 0 -4 0 0 -4 0 -4 0 0 -4 -4 0 0 0 12 0 0 -2 0 0 0 -1 -1 -1 -1 0 -1 -1 0 -1 -1 -1 0 3 -1 -1 0 -1 0 0 0 0 0 0 0 3 0 0 -1 -1 -1 -1 0 -1 3 0 0 -1 -1 0 0 -1 0 0 3 -1 ];

