target=0.50;discardreversals=2;startvalue=0.00;steps=[4  2  1];selfservice=0;
%parameters=icra5.250,65
threshold = [18.50 ];
values = [0.00 10.00 4.00 9.00 11.50 14.00 16.50 19.00 20.50 18.00 16.50 18.00 17.50 19.00 18.50 19.00 20.50 18.00 18.50 18.00 ];
reversals = [0 -1 1 0 0 0 0 0 -1 0 1 -1 1 -1 1 0 -1 1 -1 0 ];
measures = [0 0 0 0 0 0 0 0 1 1 1 1 1 1 1 1 1 1 1 1 ];
presentations = [1 2 3 4 5 6 7 8 9 10 11 12 13 14 15 16 17 18 19 20 ];
answers = [0 4 0 0 0 0 0 1 5 4 1 3 1 3 2 1 5 2 3 5 ];
adjustments = [10 -6 5 2.5 2.5 2.5 2.5 1.5 -2.5 -1.5 1.5 -0.5 1.5 -0.5 0.5 1.5 -2.5 0.5 -0.5 -2.5 ];
sentences = {'87713' '24318' '77974' '14040' '82487' '70565' '35209' '48835' '90790' '03262' '03676' '29394' '59026' '91451' '66127' '48832' '66553' '31601' '52988' '15149' };
offsets = [517024 2380810 2493401 2221833 3834376 3492440 4228814 220855 1884640 3425910 3608921 1880847 1806458 4449829 3101613 1844210 3685716 3020828 343852 2174247 ];

