target=0.50;discardreversals=2;startvalue=0.00;steps=[4  2  1];selfservice=0;
%parameters=quiet,65
threshold = [15.50 ];
values = [0.00 10.00 20.00 10.00 15.00 13.50 16.00 18.50 16.00 16.50 18.00 17.50 16.00 13.50 13.00 15.50 17.00 17.50 15.00 16.50 ];
reversals = [0 0 -1 1 -1 1 0 -1 1 0 -1 0 0 0 1 0 0 -1 1 0 ];
measures = [0 0 0 0 1 1 1 1 1 1 1 1 1 1 1 1 1 1 1 1 ];
presentations = [1 2 3 4 5 6 7 8 9 10 11 12 13 14 15 16 17 18 19 20 ];
answers = [0 0 5 0 4 0 0 5 2 1 3 4 5 3 0 1 2 5 1 2 ];
adjustments = [10 10 -10 5 -1.5 2.5 2.5 -2.5 0.5 1.5 -0.5 -1.5 -2.5 -0.5 2.5 1.5 0.5 -2.5 1.5 0.5 ];
sentences = {'03262' '52277' '24621' '82487' '61793' '33980' '90790' '66553' '89135' '31601' '47048' '95569' '15149' '18314' '59026' '48835' '00456' '24318' '76802' '77974' };
offsets = [51362 58560 23078 34879 29703 47451 63349 77828 29730 77754 80625 45778 14919 39993 14266 55307 31859 30782 27813 33452 ];

