target=0.75;minreversals=12;discardreversals=4;minmeasures=14;startvalue=75.00;steps=[8  4  4  2  1];feedback=0;
%parameters=0500,0.10,50
threshold = [86.50 ];
values = [91.00 83.00 107.00 103.00 99.00 95.00 91.00 91.00 87.00 99.00 97.00 97.00 96.00 96.00 95.00 95.00 95.00 94.00 93.00 92.00 92.00 91.00 90.00 89.00 88.00 88.00 88.00 87.00 87.00 87.00 87.00 87.00 86.00 86.00 86.00 85.00 85.00 88.00 88.00 88.00 87.00 86.00 85.00 85.00 85.00 88.00 87.00 86.00 86.00 86.00 86.00 86.00 85.00 85.00 88.00 88.00 88.00 87.00 86.00 85.00 85.00 85.00 85.00 88.00 ];
reversals = [0 1 -1 0 0 0 0 0 1 -1 0 0 0 0 0 0 0 0 0 0 0 0 0 0 0 0 0 0 0 0 0 0 0 0 0 0 1 0 0 -1 0 0 0 0 1 -1 0 0 0 0 0 0 0 1 0 0 -1 0 0 0 0 0 1 -1 ];
measures = [0 0 0 0 0 0 0 0 0 0 0 0 0 0 0 0 0 0 0 0 0 0 0 0 0 0 0 0 0 0 0 0 0 0 0 0 1 1 1 1 1 1 1 1 1 1 1 1 1 1 1 1 1 1 1 1 1 1 1 1 1 1 1 1 ];
presentations = [1 1 1 1 1 1 0 1 1 1 0 1 0 1 0 0 1 1 1 0 1 1 1 1 0 0 1 0 0 0 0 1 0 0 1 0 1 0 0 1 1 1 0 0 1 1 1 0 0 0 0 1 0 1 0 0 1 1 1 0 0 0 1 1 ];
answers = [1 0 1 1 1 1 0 1 0 1 0 1 0 1 0 0 1 1 1 0 1 1 1 1 0 0 1 0 0 0 0 1 0 0 1 0 0 0 0 1 1 1 0 0 0 1 1 0 0 0 0 1 0 0 0 0 1 1 1 0 0 0 0 1 ];
adjustments = [-8 24 -4 -4 -4 -4 0 -4 12 -2 0 -1 0 -1 0 0 -1 -1 -1 0 -1 -1 -1 -1 0 0 -1 0 0 0 0 -1 0 0 -1 0 3 0 0 -1 -1 -1 0 0 3 -1 -1 0 0 0 0 -1 0 3 0 0 -1 -1 -1 0 0 0 3 -1 ];

