target=0.75;minreversals=12;discardreversals=4;minmeasures=14;startvalue=60.00;steps=[8  8  4  2];feedback=0;
%parameters=0750
threshold = [74.00 ];
threshold_dB_HL = [71.60 ];
threshold_dB_SPL = [74.00 ];
values = [76.00 68.00 92.00 84.00 84.00 84.00 80.00 76.00 72.00 72.00 72.00 72.00 84.00 84.00 84.00 84.00 84.00 82.00 82.00 80.00 80.00 78.00 76.00 74.00 74.00 74.00 72.00 70.00 70.00 76.00 74.00 74.00 72.00 72.00 70.00 70.00 68.00 74.00 80.00 88.00 86.00 86.00 86.00 86.00 86.00 84.00 82.00 82.00 80.00 80.00 78.00 78.00 76.00 74.00 74.00 74.00 72.00 72.00 78.00 76.00 76.00 74.00 72.00 78.00 ];
reversals = [0 1 -1 0 0 0 0 0 0 0 0 1 0 0 0 0 -1 0 0 0 0 0 0 0 0 0 0 0 1 -1 0 0 0 0 0 0 1 0 0 -1 0 0 0 0 0 0 0 0 0 0 0 0 0 0 0 0 0 1 -1 0 0 0 1 -1 ];
measures = [0 0 0 0 0 0 0 0 0 0 0 0 0 0 0 0 0 0 0 0 0 0 0 0 0 0 0 0 1 1 1 1 1 1 1 1 1 1 1 1 1 1 1 1 1 1 1 1 1 1 1 1 1 1 1 1 1 1 1 1 1 1 1 1 ];
presentations = [1 1 1 0 0 1 1 1 0 0 0 1 0 0 0 0 1 0 1 0 1 1 1 0 0 1 1 0 1 1 0 1 0 1 0 1 1 1 0 1 0 0 0 0 1 1 0 1 0 1 0 1 1 0 0 1 0 1 1 0 1 1 1 1 ];
answers = [1 0 1 0 0 1 1 1 0 0 0 0 0 0 0 0 1 0 1 0 1 1 1 0 0 1 1 0 0 1 0 1 0 1 0 1 0 0 1 1 0 0 0 0 1 1 0 1 0 1 0 1 1 0 0 1 0 0 1 0 1 1 0 1 ];
adjustments = [-8 24 -8 0 0 -4 -4 -4 0 0 0 12 0 0 0 0 -2 0 -2 0 -2 -2 -2 0 0 -2 -2 0 6 -2 0 -2 0 -2 0 -2 6 6 8 -2 0 0 0 0 -2 -2 0 -2 0 -2 0 -2 -2 0 0 -2 0 6 -2 0 -2 -2 6 -2 ];

