target=0.50;discardreversals=2;startvalue=0.00;steps=[4  2  1];selfservice=0;
%parameters=icra1,90
threshold = [4.75 ];
values = [0.00 6.00 8.00 -2.00 3.00 5.50 7.00 4.50 4.00 1.50 3.00 5.50 5.00 5.50 4.00 1.50 2.00 4.50 2.00 0.50 ];
reversals = [0 0 -1 1 0 0 -1 0 0 1 0 -1 1 -1 0 1 0 -1 0 1 ];
measures = [0 0 0 0 0 0 1 1 1 1 1 1 1 1 1 1 1 1 1 1 ];
presentations = [1 2 3 4 5 6 7 8 9 10 11 12 13 14 15 16 17 18 19 20 ];
answers = [1 2 5 0 0 1 5 3 5 1 0 3 2 4 5 2 0 5 4 1 ];
adjustments = [6 2 -10 5 2.5 1.5 -2.5 -0.5 -2.5 1.5 2.5 -0.5 0.5 -1.5 -2.5 0.5 2.5 -2.5 -1.5 1.5 ];
sentences = {'94067' '18502' '51779' '69444' '85813' '72141' '06251' '77705' '05413' '98162' '80338' '39994' '67850' '43285' '26626' '21080' '12339' '33528' '44697' '50976' };
offsets = [33296 13412 4475 21493 4562 7532 2445 1461 4057 25212 4266 14501 10922 26357 6878 6045 172 6756 26158 10705 ];

