target=0.50;discardreversals=2;startvalue=0.00;steps=[4  2  1];selfservice=0;
%parameters=icra5.250,65,train
threshold = [18.00 ];
values = [0.00 10.00 20.00 30.00 28.00 27.00 22.00 23.00 21.50 21.00 22.50 20.00 18.50 18.00 15.50 18.00 17.50 18.00 17.50 15.00 ];
reversals = [0 0 0 -1 0 0 1 -1 0 1 -1 0 0 0 1 -1 1 -1 0 1 ];
measures = [0 0 0 0 0 0 0 1 1 1 1 1 1 1 1 1 1 1 1 1 ];
presentations = [1 2 3 4 5 6 7 8 9 10 11 12 13 14 15 16 17 18 19 20 ];
answers = [0 0 0 3 3 5 2 4 3 1 5 4 3 5 0 3 2 3 5 1 ];
adjustments = [10 10 10 -2 -1 -5 1 -1.5 -0.5 1.5 -2.5 -1.5 -0.5 -2.5 2.5 -0.5 0.5 -0.5 -2.5 1.5 ];
sentences = {'67850' '94067' '77974' '18502' '43285' '26626' '03262' '39994' '59026' '48835' '05413' '72141' '80338' '24318' '31601' '66553' '82487' '51779' '15149' '90790' };
offsets = [3488996 1949812 2503910 1026433 192004 1216141 3966239 4507987 4216478 4353731 2509266 435446 511632 1432490 4657179 753693 4487971 677215 1746021 4671777 ];

