target=0.75;minreversals=12;discardreversals=4;minmeasures=14;startvalue=70.00;steps=[8  8  4  2];feedback=0;
%parameters=0500
threshold = [79.00 ];
threshold_dB_HL = [74.93 ];
threshold_dB_SPL = [79.00 ];
values = [78.00 102.00 94.00 86.00 86.00 86.00 86.00 78.00 78.00 70.00 94.00 90.00 88.00 88.00 88.00 86.00 86.00 84.00 84.00 82.00 82.00 80.00 80.00 80.00 80.00 78.00 78.00 84.00 82.00 80.00 78.00 78.00 78.00 78.00 78.00 76.00 76.00 76.00 74.00 74.00 74.00 80.00 80.00 78.00 76.00 82.00 82.00 80.00 80.00 78.00 84.00 82.00 82.00 82.00 80.00 78.00 78.00 ];
reversals = [0 -1 0 0 0 0 0 0 0 1 -1 0 0 0 0 0 0 0 0 0 0 0 0 0 0 0 1 -1 0 0 0 0 0 0 0 0 0 0 0 0 1 0 -1 0 1 0 -1 0 0 1 -1 0 0 0 0 0 1 ];
measures = [0 0 0 0 0 0 0 0 0 0 0 0 0 0 0 0 0 0 0 0 0 0 0 0 0 0 0 1 1 1 1 1 1 1 1 1 1 1 1 1 1 1 1 1 1 1 1 1 1 1 1 1 1 1 1 1 1 ];
presentations = [1 1 1 0 0 0 1 0 1 1 1 1 0 0 1 0 1 0 1 0 1 0 0 0 1 0 1 1 1 1 0 0 0 0 1 0 0 1 0 0 1 0 1 1 1 0 1 0 1 1 1 0 0 1 1 0 1 ];
answers = [0 1 1 0 0 0 1 0 1 0 1 1 0 0 1 0 1 0 1 0 1 0 0 0 1 0 0 1 1 1 0 0 0 0 1 0 0 1 0 0 0 0 1 1 0 0 1 0 1 0 1 0 0 1 1 0 0 ];
adjustments = [24 -8 -8 0 0 0 -8 0 -8 24 -4 -2 0 0 -2 0 -2 0 -2 0 -2 0 0 0 -2 0 6 -2 -2 -2 0 0 0 0 -2 0 0 -2 0 0 6 0 -2 -2 6 0 -2 0 -2 6 -2 0 0 -2 -2 0 6 ];

