target=0.50;discardreversals=2;startvalue=0.00;steps=[4  2  1];selfservice=0;
%parameters=babble,65
threshold = [16.50 ];
values = [0.00 10.00 20.00 10.00 15.00 15.50 14.00 15.50 18.00 15.50 17.00 19.50 18.00 15.50 18.00 17.50 17.00 16.50 18.00 16.50 ];
reversals = [0 0 -1 1 0 -1 1 0 -1 1 0 -1 0 1 -1 0 0 1 -1 1 ];
measures = [0 0 0 0 0 1 1 1 1 1 1 1 1 1 1 1 1 1 1 1 ];
presentations = [1 2 3 4 5 6 7 8 9 10 11 12 13 14 15 16 17 18 19 20 ];
answers = [0 0 5 0 2 4 1 0 5 1 0 4 5 0 3 3 3 1 4 0 ];
adjustments = [10 10 -10 5 0.5 -1.5 1.5 2.5 -2.5 1.5 2.5 -1.5 -2.5 2.5 -0.5 -0.5 -0.5 1.5 -1.5 2.5 ];
sentences = {'61793' '00456' '92629' '89135' '70762' '18314' '09216' '33980' '95569' '34994' '51437' '18348' '76802' '24621' '86800' '47048' '23081' '52277' '47173' '65555' };
offsets = [25680 6248 14900 8123 661 20052 41444 21765 17002 38266 10319 2688 42962 28033 3534 19936 21086 2566 21089 15677 ];

