target=0.75;minreversals=12;discardreversals=4;minmeasures=14;startvalue=70.00;steps=[8  8  4  2];feedback=0;
%parameters=0250
threshold = [77.00 ];
threshold_dB_HL = [66.90 ];
threshold_dB_SPL = [77.00 ];
values = [86.00 78.00 70.00 94.00 94.00 86.00 82.00 78.00 90.00 90.00 90.00 90.00 88.00 86.00 84.00 82.00 82.00 82.00 80.00 80.00 78.00 84.00 84.00 84.00 82.00 80.00 78.00 78.00 76.00 76.00 76.00 74.00 74.00 80.00 80.00 80.00 80.00 80.00 78.00 76.00 74.00 74.00 74.00 80.00 80.00 80.00 78.00 78.00 76.00 76.00 76.00 74.00 74.00 72.00 70.00 70.00 70.00 76.00 ];
reversals = [0 0 1 0 -1 0 0 1 0 0 0 -1 0 0 0 0 0 0 0 0 1 0 0 -1 0 0 0 0 0 0 0 0 1 0 0 0 0 -1 0 0 0 0 1 0 0 -1 0 0 0 0 0 0 0 0 0 0 1 -1 ];
measures = [0 0 0 0 0 0 0 0 0 0 0 0 0 0 0 0 0 0 0 0 1 1 1 1 1 1 1 1 1 1 1 1 1 1 1 1 1 1 1 1 1 1 1 1 1 1 1 1 1 1 1 1 1 1 1 1 1 1 ];
presentations = [1 1 1 0 1 1 1 1 0 0 0 1 1 1 1 0 0 1 0 1 1 0 0 1 1 1 0 1 0 0 1 0 1 0 0 0 0 1 1 1 0 0 1 0 0 1 0 1 0 0 1 0 1 1 0 0 1 1 ];
answers = [1 1 0 0 1 1 1 0 0 0 0 1 1 1 1 0 0 1 0 1 0 0 0 1 1 1 0 1 0 0 1 0 0 0 0 0 0 1 1 1 0 0 0 0 0 1 0 1 0 0 1 0 1 1 0 0 0 1 ];
adjustments = [-8 -8 24 0 -8 -4 -4 12 0 0 0 -2 -2 -2 -2 0 0 -2 0 -2 6 0 0 -2 -2 -2 0 -2 0 0 -2 0 6 0 0 0 0 -2 -2 -2 0 0 6 0 0 -2 0 -2 0 0 -2 0 -2 -2 0 0 6 -2 ];

