target=0.75;minreversals=12;discardreversals=4;minmeasures=14;startvalue=82.00;steps=[8  4  4  2  1];feedback=0;
%parameters=1000, 52
threshold = [83.00 ];
values = [98.00 90.00 82.00 106.00 106.00 106.00 102.00 102.00 98.00 94.00 90.00 86.00 82.00 94.00 94.00 92.00 92.00 91.00 91.00 91.00 90.00 90.00 89.00 88.00 88.00 87.00 87.00 86.00 86.00 86.00 86.00 86.00 85.00 85.00 85.00 84.00 83.00 82.00 82.00 85.00 84.00 84.00 83.00 83.00 83.00 83.00 83.00 86.00 86.00 85.00 84.00 83.00 83.00 82.00 81.00 80.00 80.00 83.00 82.00 82.00 85.00 ];
reversals = [0 0 1 0 0 -1 0 0 0 0 0 0 1 0 -1 0 0 0 0 0 0 0 0 0 0 0 0 0 0 0 0 0 0 0 0 0 0 0 1 -1 0 0 0 0 0 0 1 0 -1 0 0 0 0 0 0 0 1 -1 0 1 -1 ];
measures = [0 0 0 0 0 0 0 0 0 0 0 0 0 0 0 0 0 0 0 0 0 0 0 0 0 0 0 0 0 0 0 0 0 0 0 0 0 0 1 1 1 1 1 1 1 1 1 1 1 1 1 1 1 1 1 1 1 1 1 1 1 ];
presentations = [1 1 1 0 0 1 0 1 1 1 1 1 1 0 1 0 1 0 0 1 0 1 1 0 1 0 1 0 0 0 0 1 0 0 1 1 1 0 1 1 0 1 0 0 0 0 1 0 1 1 1 0 1 1 1 0 1 1 0 1 1 ];
answers = [1 1 0 0 0 1 0 1 1 1 1 1 0 0 1 0 1 0 0 1 0 1 1 0 1 0 1 0 0 0 0 1 0 0 1 1 1 0 0 1 0 1 0 0 0 0 0 0 1 1 1 0 1 1 1 0 0 1 0 0 1 ];
adjustments = [-8 -8 24 0 0 -4 0 -4 -4 -4 -4 -4 12 0 -2 0 -1 0 0 -1 0 -1 -1 0 -1 0 -1 0 0 0 0 -1 0 0 -1 -1 -1 0 3 -1 0 -1 0 0 0 0 3 0 -1 -1 -1 0 -1 -1 -1 0 3 -1 0 3 -1 ];

