target=0.50;discardreversals=2;startvalue=0.00;steps=[4  2  1];selfservice=0;
%parameters=icra5.250,65,re
threshold = [12.00 ];
values = [0.00 10.00 12.00 10.00 9.00 12.00 11.50 14.00 13.50 11.00 12.50 13.00 12.50 12.00 11.50 14.00 11.50 12.00 13.50 14.00 ];
reversals = [0 0 -1 0 1 -1 1 -1 0 1 0 -1 0 0 1 -1 1 0 0 -1 ];
measures = [0 0 0 0 0 1 1 1 1 1 1 1 1 1 1 1 1 1 1 1 ];
presentations = [1 2 3 4 5 6 7 8 9 10 11 12 13 14 15 16 17 18 19 20 ];
answers = [0 2 3 3 1 3 0 3 5 1 2 3 3 3 0 5 2 1 2 5 ];
adjustments = [10 2 -2 -1 3 -0.5 2.5 -0.5 -2.5 1.5 0.5 -0.5 -0.5 -0.5 2.5 -2.5 0.5 1.5 0.5 -2.5 ];
sentences = {'18502' '90013' '43285' '44529' '67850' '51195' '76600' '89364' '05413' '23448' '15952' '26626' '72141' '80338' '02737' '94067' '39994' '37886' '68271' '51779' };
offsets = [571595 3147261 4376187 2536270 1042246 2037687 4363276 3298076 4404591 3847646 1755409 1119111 4669618 11924 2021931 1632135 3257568 2938018 3293359 1291672 ];

