target=0.50;discardreversals=2;startvalue=0.00;steps=[4  2  1];selfservice=0;
%parameters=icra1,65,re
threshold = [14.00 ];
values = [0.00 10.00 20.00 18.00 15.00 10.00 15.00 14.50 12.00 14.50 14.00 12.50 14.00 13.50 12.00 12.50 13.00 14.50 16.00 14.50 ];
reversals = [0 0 -1 0 0 1 -1 0 1 -1 0 1 -1 0 1 0 0 0 -1 0 ];
measures = [0 0 0 0 0 0 1 1 1 1 1 1 1 1 1 1 1 1 1 1 ];
presentations = [1 2 3 4 5 6 7 8 9 10 11 12 13 14 15 16 17 18 19 20 ];
answers = [0 0 3 4 5 0 3 5 0 3 4 1 3 4 2 2 1 1 4 5 ];
adjustments = [10 10 -2 -3 -5 5 -0.5 -2.5 2.5 -0.5 -1.5 1.5 -0.5 -1.5 0.5 0.5 1.5 1.5 -1.5 -2.5 ];
sentences = {'18502' '94067' '87470' '45923' '51779' '26626' '11755' '36514' '72141' '39994' '70287' '80338' '22336' '54841' '69009' '43285' '93692' '67850' '08168' '05413' };
offsets = [3934 15541 10464 12544 3962 36192 13155 8160 10978 13707 19554 7683 771 511 11382 1768 31536 8009 8630 25936 ];

