target=0.50;discardreversals=2;startvalue=0.00;steps=[4  2  1];selfservice=0;
%parameters=icra1,65,train
threshold = [17.25 ];
values = [0.00 10.00 20.00 18.00 15.00 18.00 17.50 16.00 17.50 17.00 16.50 17.00 19.50 21.00 19.50 17.00 17.50 16.00 16.50 17.00 ];
reversals = [0 0 -1 0 1 -1 0 1 -1 0 1 0 0 -1 0 1 -1 1 0 0 ];
measures = [0 0 0 0 0 1 1 1 1 1 1 1 1 1 1 1 1 1 1 1 ];
presentations = [1 2 3 4 5 6 7 8 9 10 11 12 13 14 15 16 17 18 19 20 ];
answers = [0 0 3 4 1 3 4 1 3 3 2 0 1 4 5 2 4 2 2 1 ];
adjustments = [10 10 -2 -3 3 -0.5 -1.5 1.5 -0.5 -0.5 0.5 2.5 1.5 -1.5 -2.5 0.5 -1.5 0.5 0.5 1.5 ];
sentences = {'51417' '44697' '95162' '06251' '50976' '21080' '33528' '12339' '46393' '69444' '10681' '34226' '98162' '82009' '29744' '07970' '85813' '63558' '77705' '78835' };
offsets = [9237 20723 10660 41464 24681 15964 16709 14277 10471 1873 8598 1667 1336 19465 9001 4793 3602 22501 15684 34549 ];

