target=0.50;discardreversals=2;startvalue=0.00;steps=[4  2  1];selfservice=0;
%parameters=icra1,65
threshold = [15.50 ];
values = [0.00 10.00 16.00 14.00 17.00 16.50 16.00 15.50 16.00 13.50 14.00 15.50 15.00 17.50 15.00 15.50 13.00 15.50 18.00 15.50 ];
reversals = [0 0 -1 1 -1 0 0 1 -1 1 0 -1 1 -1 1 -1 1 0 -1 1 ];
measures = [0 0 0 0 1 1 1 1 1 1 1 1 1 1 1 1 1 1 1 1 ];
presentations = [1 2 3 4 5 6 7 8 9 10 11 12 13 14 15 16 17 18 19 20 ];
answers = [0 1 3 1 3 3 3 2 5 2 1 3 0 5 2 5 0 0 5 0 ];
adjustments = [10 6 -2 3 -0.5 -0.5 -0.5 0.5 -2.5 0.5 1.5 -0.5 2.5 -2.5 0.5 -2.5 2.5 2.5 -2.5 2.5 ];
sentences = {'78835' '18314' '47048' '29744' '07970' '51417' '10681' '95162' '52277' '24621' '00456' '82009' '33980' '63558' '61793' '95569' '89135' '46393' '76802' '34226' };
offsets = [17368 6367 29096 3562 5658 6791 5008 2869 12215 14373 6757 23950 22986 67 6044 9758 12445 38187 21544 415 ];

