target=0.50;discardreversals=2;startvalue=0.00;steps=[4  2  1];selfservice=0;
%parameters=quiet,65
threshold = [-44.00 ];
values = [0.00 -10.00 -20.00 -30.00 -36.00 -46.00 -36.00 -41.00 -43.50 -46.00 -43.50 -45.00 -43.50 -43.00 -41.50 -44.00 -42.50 -42.00 -41.50 -44.00 ];
reversals = [0 0 0 0 0 1 -1 0 0 1 -1 1 0 0 -1 1 0 0 -1 1 ];
measures = [0 0 0 0 0 0 0 0 0 1 1 1 1 1 1 1 1 1 1 1 ];
presentations = [1 2 3 4 5 6 7 8 9 10 11 12 13 14 15 16 17 18 19 20 ];
answers = [5 5 5 4 5 0 5 5 5 0 4 1 2 1 5 1 2 2 5 0 ];
adjustments = [-10 -10 -10 -6 -10 10 -5 -2.5 -2.5 2.5 -1.5 1.5 0.5 1.5 -2.5 1.5 0.5 0.5 -2.5 2.5 ];
sentences = {'43285' '87263' '41634' '99308' '18502' '30757' '94067' '03491' '39994' '16140' '72141' '26626' '22586' '51779' '55025' '05413' '67850' '68819' '74972' '80338' };
offsets = [65620 73214 73139 74864 64656 873 13325 18643 18033 34212 2193 94075 80817 10982 52223 19187 18205 62529 27385 10358 ];

