target=0.75;minreversals=12;discardreversals=4;minmeasures=14;startvalue=75.00;steps=[8  4  4  2  1];feedback=0;
%parameters=1000,0.00,50
threshold = [74.50 ];
values = [91.00 83.00 75.00 67.00 91.00 91.00 91.00 87.00 83.00 79.00 75.00 87.00 87.00 85.00 84.00 84.00 83.00 82.00 81.00 81.00 80.00 79.00 79.00 78.00 77.00 76.00 76.00 76.00 75.00 74.00 73.00 76.00 75.00 78.00 82.00 82.00 82.00 82.00 81.00 81.00 81.00 81.00 80.00 80.00 80.00 79.00 78.00 78.00 78.00 78.00 78.00 77.00 77.00 76.00 75.00 74.00 74.00 74.00 73.00 73.00 73.00 73.00 73.00 73.00 73.00 73.00 72.00 72.00 72.00 72.00 72.00 72.00 72.00 72.00 75.00 75.00 75.00 75.00 74.00 73.00 72.00 71.00 70.00 69.00 68.00 68.00 71.00 71.00 74.00 74.00 74.00 74.00 74.00 74.00 74.00 ];
reversals = [0 0 0 1 0 0 -1 0 0 0 1 0 -1 0 0 0 0 0 0 0 0 0 0 0 0 0 0 0 0 0 1 -1 1 0 0 0 0 -1 0 0 0 0 0 0 0 0 0 0 0 0 0 0 0 0 0 0 0 0 0 0 0 0 0 0 0 0 0 0 0 0 0 0 0 1 0 0 0 -1 0 0 0 0 0 0 0 1 0 0 0 0 0 0 0 0 -1 ];
measures = [0 0 0 0 0 0 0 0 0 0 0 0 0 0 0 0 0 0 0 0 0 0 0 0 0 0 0 0 0 0 1 1 1 1 1 1 1 1 1 1 1 1 1 1 1 1 1 1 1 1 1 1 1 1 1 1 1 1 1 1 1 1 1 1 1 1 1 1 1 1 1 1 1 1 1 1 1 1 1 1 1 1 1 1 1 1 1 1 1 1 1 1 1 1 1 ];
presentations = [1 1 1 1 0 0 1 1 1 1 1 0 1 1 0 1 1 1 0 1 1 0 1 1 1 0 0 1 1 1 1 1 1 0 0 0 0 1 0 0 0 1 0 0 1 1 0 0 0 0 1 0 1 1 1 0 0 1 0 0 0 0 0 0 0 1 0 0 0 0 0 0 0 1 0 0 0 1 1 1 1 1 1 1 0 1 0 1 0 0 0 0 0 0 1 ];
answers = [1 1 1 0 0 0 1 1 1 1 0 0 1 1 0 1 1 1 0 1 1 0 1 1 1 0 0 1 1 1 0 1 0 1 0 0 0 1 0 0 0 1 0 0 1 1 0 0 0 0 1 0 1 1 1 0 0 1 0 0 0 0 0 0 0 1 0 0 0 0 0 0 0 0 0 0 0 1 1 1 1 1 1 1 0 0 0 0 0 0 0 0 0 0 1 ];
adjustments = [-8 -8 -8 24 0 0 -4 -4 -4 -4 12 0 -2 -1 0 -1 -1 -1 0 -1 -1 0 -1 -1 -1 0 0 -1 -1 -1 3 -1 3 4 0 0 0 -1 0 0 0 -1 0 0 -1 -1 0 0 0 0 -1 0 -1 -1 -1 0 0 -1 0 0 0 0 0 0 0 -1 0 0 0 0 0 0 0 3 0 0 0 -1 -1 -1 -1 -1 -1 -1 0 3 0 3 0 0 0 0 0 0 -1 ];

