target=0.50;discardreversals=2;startvalue=0.00;steps=[4  2  1];selfservice=0;
%parameters=icra1,65,train
threshold = [-4.50 ];
values = [0.00 -10.00 0.00 -3.00 -0.50 -3.00 -4.50 -6.00 -5.50 -3.00 -4.50 -6.00 -4.50 -5.00 -4.50 -3.00 -4.50 -4.00 -5.50 -4.00 ];
reversals = [0 1 -1 1 -1 0 0 1 0 -1 0 1 -1 1 0 -1 1 -1 1 0 ];
measures = [0 0 0 1 1 1 1 1 1 1 1 1 1 1 1 1 1 1 1 1 ];
presentations = [1 2 3 4 5 6 7 8 9 10 11 12 13 14 15 16 17 18 19 20 ];
answers = [5 0 4 0 5 4 4 2 0 4 4 1 3 2 1 4 2 4 1 0 ];
adjustments = [-10 10 -3 2.5 -2.5 -1.5 -1.5 0.5 2.5 -1.5 -1.5 1.5 -0.5 0.5 1.5 -1.5 0.5 -1.5 1.5 2.5 ];
sentences = {'52988' '29394' '85813' '77705' '98162' '03676' '33528' '14040' '91451' '12339' '70565' '69444' '44697' '50976' '87713' '21080' '48832' '35209' '06251' '66127' };
offsets = [3104 2009 12539 6809 1707 19812 11587 5311 4954 9188 8933 17455 10045 20320 12242 9521 22854 562 26766 21724 ];

