target=0.50;discardreversals=2;startvalue=0.00;steps=[4  2  1];selfservice=0;
%parameters=icra5.250,65
threshold = [-12.00 ];
values = [0.00 -10.00 -20.00 -10.00 -13.00 -14.50 -14.00 -14.50 -16.00 -15.50 -13.00 -13.50 -13.00 -11.50 -12.00 -9.50 -11.00 -10.50 -11.00 -11.50 ];
reversals = [0 0 1 -1 0 1 -1 0 1 0 -1 1 0 -1 1 -1 1 -1 0 1 ];
measures = [0 0 0 0 0 1 1 1 1 1 1 1 1 1 1 1 1 1 1 1 ];
presentations = [1 2 3 4 5 6 7 8 9 10 11 12 13 14 15 16 17 18 19 20 ];
answers = [5 5 0 4 4 2 3 4 2 0 3 2 1 3 0 4 2 3 3 2 ];
adjustments = [-10 -10 10 -3 -1.5 0.5 -0.5 -1.5 0.5 2.5 -0.5 0.5 1.5 -0.5 2.5 -1.5 0.5 -0.5 -0.5 0.5 ];
sentences = {'05413' '51779' '43285' '18502' '51417' '80338' '26626' '10681' '82009' '34226' '94067' '39994' '07970' '29744' '72141' '95162' '67850' '78835' '46393' '63558' };
offsets = [1712032 2667900 3846231 1047007 3281116 3541263 2132348 2051404 616355 3806933 3302740 4692973 1939846 3804424 1822932 3241399 1927319 808750 4198827 1383045 ];

