target=0.50;discardreversals=2;startvalue=0.00;steps=[4  2  1];selfservice=0;
%parameters=icra1,33
threshold = [-5.00 ];
values = [0.00 -10.00 0.00 -5.00 -2.50 -3.00 -5.50 -3.00 -0.50 -3.00 -5.50 -4.00 -6.50 -4.00 -2.50 -5.00 -2.50 -4.00 -4.50 -5.00 ];
reversals = [0 1 -1 1 -1 0 1 0 -1 0 1 -1 1 0 -1 1 -1 0 0 1 ];
measures = [0 0 0 1 1 1 1 1 1 1 1 1 1 1 1 1 1 1 1 1 ];
presentations = [1 2 3 4 5 6 7 8 9 10 11 12 13 14 15 16 17 18 19 20 ];
answers = [5 0 5 0 3 5 0 0 5 5 1 5 0 1 5 0 4 3 3 0 ];
adjustments = [-10 10 -5 2.5 -0.5 -2.5 2.5 2.5 -2.5 -2.5 1.5 -2.5 2.5 1.5 -2.5 2.5 -1.5 -0.5 -0.5 2.5 ];
sentences = {'95569' '87713' '91451' '61793' '18314' '89135' '00456' '70565' '29394' '52277' '35209' '24621' '14040' '76802' '47048' '33980' '52988' '03676' '48832' '66127' };
offsets = [22097 1613 8958 3592 15556 15073 21734 3124 12021 8543 7428 25281 6816 20247 6734 14425 924 23301 20794 18445 ];

