target=0.50;discardreversals=2;startvalue=0.00;steps=[4  2  1];selfservice=0;
%parameters=icra5.250,65,train
threshold = [-12.50 ];
values = [0.00 -10.00 -12.00 -10.00 -11.00 -8.50 -10.00 -10.50 -9.00 -11.50 -12.00 -12.50 -15.00 -15.50 -15.00 -15.50 -13.00 -13.50 -12.00 -13.50 ];
reversals = [0 0 1 -1 1 -1 0 1 -1 0 0 0 0 1 -1 1 -1 1 -1 0 ];
measures = [0 0 0 0 1 1 1 1 1 1 1 1 1 1 1 1 1 1 1 1 ];
presentations = [1 2 3 4 5 6 7 8 9 10 11 12 13 14 15 16 17 18 19 20 ];
answers = [5 3 2 3 0 4 3 1 5 3 3 5 3 2 3 0 3 1 4 5 ];
adjustments = [-10 -2 2 -1 2.5 -1.5 -0.5 1.5 -2.5 -0.5 -0.5 -2.5 -0.5 0.5 -0.5 2.5 -0.5 1.5 -1.5 -2.5 ];
sentences = {'85813' '87713' '48832' '33528' '29394' '44697' '03676' '77705' '21080' '69444' '12339' '52988' '14040' '91451' '50976' '06251' '98162' '35209' '66127' '70565' };
offsets = [4408686 324434 1551847 3800476 3878310 1180550 4753558 2040052 3533436 1199843 2331621 3067237 1496650 2278358 2186654 4641020 4263547 2729463 3479871 1452406 ];

