target=0.50;discardreversals=2;startvalue=0.00;steps=[4  2  1];selfservice=0;
%parameters=icra5.250,65,re
threshold = [-14.50 ];
values = [0.00 -10.00 -20.00 -10.00 -15.00 -16.50 -17.00 -15.50 -13.00 -14.50 -13.00 -14.50 -14.00 -16.50 -17.00 -18.50 -19.00 -16.50 -19.00 -18.50 ];
reversals = [0 0 1 -1 0 0 1 0 -1 1 -1 1 -1 0 0 0 1 -1 1 0 ];
measures = [0 0 0 0 0 0 1 1 1 1 1 1 1 1 1 1 1 1 1 1 ];
presentations = [1 2 3 4 5 6 7 8 9 10 11 12 13 14 15 16 17 18 19 20 ];
answers = [5 5 0 5 4 3 1 0 4 1 4 2 5 3 4 3 0 5 2 2 ];
adjustments = [-10 -10 10 -5 -1.5 -0.5 1.5 2.5 -1.5 1.5 -1.5 0.5 -2.5 -0.5 -1.5 -0.5 2.5 -2.5 0.5 0.5 ];
sentences = {'48835' '82487' '23081' '65555' '59026' '47173' '03262' '90790' '86800' '09216' '51437' '24318' '77974' '34994' '66553' '31601' '18348' '15149' '92629' '70762' };
offsets = [3675518 1114010 1827100 3457652 256428 543715 4504359 4590606 757972 696926 2917671 1718426 3115626 1116747 15630 891167 4274261 1161127 4309616 1029270 ];

