target=0.50;discardreversals=2;startvalue=0.00;steps=[4  2  1];selfservice=0;
%parameters=icra1,65
threshold = [-5.00 ];
values = [0.00 -10.00 0.00 -5.00 -4.50 -6.00 -3.50 -6.00 -8.50 -8.00 -6.50 -4.00 -3.50 -6.00 -4.50 -4.00 -6.50 -7.00 -5.50 -5.00 ];
reversals = [0 1 -1 1 -1 1 -1 0 1 0 0 0 -1 1 0 -1 0 1 0 0 ];
measures = [0 0 0 1 1 1 1 1 1 1 1 1 1 1 1 1 1 1 1 1 ];
presentations = [1 2 3 4 5 6 7 8 9 10 11 12 13 14 15 16 17 18 19 20 ];
answers = [5 0 5 2 4 0 5 5 2 1 0 2 5 1 2 5 3 1 2 0 ];
adjustments = [-10 10 -5 0.5 -1.5 2.5 -2.5 -2.5 0.5 1.5 2.5 0.5 -2.5 1.5 0.5 -2.5 -0.5 1.5 0.5 2.5 ];
sentences = {'92629' '86800' '30757' '68819' '65555' '34994' '74972' '51437' '18348' '87263' '55025' '23081' '99308' '09216' '70762' '22586' '03491' '16140' '41634' '47173' };
offsets = [13073 1447 4811 4329 6024 19623 17536 27655 10171 17417 6122 9265 16980 23688 467 23269 45789 16577 13437 24662 ];

