target=0.50;discardreversals=2;startvalue=0.00;steps=[4  2  1];selfservice=0;
%parameters=icra1,43
threshold = [-3.00 ];
values = [0.00 -10.00 0.00 -5.00 -3.50 -2.00 -3.50 -5.00 -2.50 -3.00 -2.50 -3.00 -2.50 -3.00 -5.50 -3.00 -5.50 -4.00 -5.50 -3.00 ];
reversals = [0 1 -1 1 0 -1 0 1 -1 1 -1 1 -1 0 1 -1 1 -1 1 -1 ];
measures = [0 0 0 1 1 1 1 1 1 1 1 1 1 1 1 1 1 1 1 1 ];
presentations = [1 2 3 4 5 6 7 8 9 10 11 12 13 14 15 16 17 18 19 20 ];
answers = [5 0 5 1 1 4 4 0 3 2 3 2 3 5 0 5 1 4 0 5 ];
adjustments = [-10 10 -5 1.5 1.5 -1.5 -1.5 2.5 -0.5 0.5 -0.5 0.5 -0.5 -2.5 2.5 -2.5 1.5 -1.5 2.5 -2.5 ];
sentences = {'03676' '63558' '82009' '46393' '70565' '29744' '14040' '66127' '87713' '91451' '35209' '07970' '52988' '29394' '95162' '51417' '10681' '48832' '78835' '34226' };
offsets = [37518 22908 24352 34114 4468 8456 11555 28283 6176 24748 13192 32856 2834 3702 3889 15085 4113 7219 11854 42361 ];

