target=0.50;discardreversals=2;startvalue=0.00;steps=[4  2  1];selfservice=0;
%parameters=babble,65
threshold = [-3.00 ];
values = [0.00 -10.00 0.00 -3.00 -3.50 -1.00 -3.50 -3.00 -0.50 -3.00 -0.50 -3.00 -2.50 -5.00 -2.50 -2.00 -3.50 -3.00 -3.50 -1.00 ];
reversals = [0 1 -1 0 1 -1 1 0 -1 1 -1 1 -1 1 0 -1 1 -1 1 -1 ];
measures = [0 0 0 0 1 1 1 1 1 1 1 1 1 1 1 1 1 1 1 1 ];
presentations = [1 2 3 4 5 6 7 8 9 10 11 12 13 14 15 16 17 18 19 20 ];
answers = [5 0 4 3 0 5 2 0 5 0 5 2 5 0 2 4 2 3 0 5 ];
adjustments = [-10 10 -3 -0.5 2.5 -2.5 0.5 2.5 -2.5 2.5 -2.5 0.5 -2.5 2.5 0.5 -1.5 0.5 -0.5 2.5 -2.5 ];
sentences = {'47173' '51437' '09216' '02737' '70762' '92629' '68271' '76600' '90013' '86800' '23448' '89364' '51195' '37886' '15952' '65555' '44529' '18348' '34994' '23081' };
offsets = [1244 16385 47543 15003 2896 19971 27868 29678 13638 14330 13787 18454 376 12703 5952 16970 48626 8575 31565 10126 ];

