target=0.50;discardreversals=2;startvalue=0.00;steps=[4  2  1];selfservice=0;
%parameters=icra1,65,re
threshold = [-6.00 ];
values = [0.00 -10.00 0.00 -5.00 -5.50 -7.00 -8.50 -6.00 -6.50 -6.00 -6.50 -4.00 -6.50 -6.00 -4.50 -2.00 -4.50 -6.00 -3.50 -5.00 ];
reversals = [0 1 -1 0 0 0 1 -1 1 -1 1 -1 1 0 0 -1 0 1 -1 1 ];
measures = [0 0 0 0 0 0 1 1 1 1 1 1 1 1 1 1 1 1 1 1 ];
presentations = [1 2 3 4 5 6 7 8 9 10 11 12 13 14 15 16 17 18 19 20 ];
answers = [5 0 5 3 4 4 0 3 2 3 0 5 2 1 0 5 4 0 4 1 ];
adjustments = [-10 10 -5 -0.5 -1.5 -1.5 2.5 -0.5 0.5 -0.5 2.5 -2.5 0.5 1.5 2.5 -2.5 -1.5 2.5 -1.5 1.5 ];
sentences = {'48835' '15952' '03262' '44529' '68271' '23448' '02737' '15149' '82487' '59026' '90790' '51195' '24318' '89364' '77974' '76600' '66553' '31601' '90013' '37886' };
offsets = [17879 8293 27416 27310 5877 21013 15596 809 1759 16520 2404 1511 391 6547 27412 27300 26640 20132 7182 3380 ];

