target=0.50;discardreversals=2;startvalue=0.00;steps=[4  2  1];selfservice=0;
%parameters=icra1,65,train
threshold = [-4.00 ];
values = [0.00 10.00 0.00 -1.00 -4.00 -1.00 -2.50 -5.00 -5.50 -4.00 -6.50 -4.00 -1.50 -1.00 -1.50 -2.00 -4.50 -4.00 -1.50 -4.00 ];
reversals = [0 -1 0 0 1 -1 0 0 1 -1 1 0 0 -1 0 0 1 0 -1 1 ];
measures = [0 0 0 0 0 1 1 1 1 1 1 1 1 1 1 1 1 1 1 1 ];
presentations = [1 2 3 4 5 6 7 8 9 10 11 12 13 14 15 16 17 18 19 20 ];
answers = [0 5 3 4 1 4 5 3 1 5 0 0 2 3 3 5 2 0 5 0 ];
adjustments = [10 -10 -1 -3 3 -1.5 -2.5 -0.5 1.5 -2.5 2.5 2.5 0.5 -0.5 -0.5 -2.5 0.5 2.5 -2.5 2.5 ];
sentences = {'65555' '51779' '39994' '26626' '70762' '23081' '92629' '94067' '72141' '05413' '51437' '18502' '86800' '67850' '43285' '18348' '09216' '34994' '80338' '47173' };
offsets = [14727 14165 9662 1170 480 26601 28206 13183 14159 2120 12249 14334 7826 13614 3555 19340 17029 11362 3540 18483 ];

