target=0.50;discardreversals=2;startvalue=0.00;steps=[4  2  1];selfservice=0;
%parameters=icra5.250,65
threshold = [-10.50 ];
values = [0.00 -10.00 -4.00 -9.00 -9.50 -8.00 -9.50 -10.00 -12.50 -12.00 -10.50 -11.00 -11.50 -14.00 -11.50 -10.00 -10.50 -9.00 -9.50 -11.00 ];
reversals = [0 1 -1 0 1 -1 0 0 1 0 -1 0 0 1 0 -1 1 -1 0 1 ];
measures = [0 0 0 0 1 1 1 1 1 1 1 1 1 1 1 1 1 1 1 1 ];
presentations = [1 2 3 4 5 6 7 8 9 10 11 12 13 14 15 16 17 18 19 20 ];
answers = [5 1 5 3 1 4 3 5 2 1 3 3 5 0 1 3 1 3 4 1 ];
adjustments = [-10 6 -5 -0.5 1.5 -1.5 -0.5 -2.5 0.5 1.5 -0.5 -0.5 -2.5 2.5 1.5 -0.5 1.5 -0.5 -1.5 1.5 ];
sentences = {'03676' '87713' '23081' '47173' '65555' '86800' '92629' '66127' '34994' '70762' '48832' '70565' '52988' '91451' '51437' '18348' '09216' '29394' '35209' '14040' };
offsets = [1903403 1859466 3908736 212588 1576059 1152880 1324525 2702725 369480 2656421 178912 4418859 1131583 2809733 1738014 860912 659773 4794271 2878383 2838211 ];

