target=0.50;discardreversals=2;startvalue=0.00;steps=[4  2  1];selfservice=0;
%parameters=babble,65
threshold = [-1.75 ];
values = [0.00 -10.00 0.00 -5.00 -2.50 -1.00 -1.50 0.00 -2.50 -4.00 -3.50 -2.00 -2.50 -1.00 -1.50 -2.00 -2.50 0.00 0.50 -1.00 ];
reversals = [0 1 -1 1 0 -1 1 -1 0 1 0 -1 1 -1 0 0 1 0 -1 0 ];
measures = [0 0 0 1 1 1 1 1 1 1 1 1 1 1 1 1 1 1 1 1 ];
presentations = [1 2 3 4 5 6 7 8 9 10 11 12 13 14 15 16 17 18 19 20 ];
answers = [5 0 5 0 1 3 1 5 4 2 1 3 1 3 3 3 0 2 4 4 ];
adjustments = [-10 10 -5 2.5 1.5 -0.5 1.5 -2.5 -1.5 0.5 1.5 -0.5 1.5 -0.5 -0.5 -0.5 2.5 0.5 -1.5 -1.5 ];
sentences = {'94067' '23448' '68271' '89364' '76600' '05413' '39994' '44529' '43285' '26626' '90013' '15952' '37886' '51779' '18502' '02737' '72141' '51195' '80338' '67850' };
offsets = [11653 35219 16165 25913 41919 20623 13729 25964 25534 2414 24064 13869 41 15189 14713 14056 538 12680 11936 12598 ];

