target=0.50;discardreversals=2;startvalue=0.00;steps=[4  2  1];selfservice=0;
%parameters=icra1,33
threshold = [-1.00 ];
values = [0.00 6.00 -4.00 1.00 -0.50 -2.00 -2.50 -1.00 -2.50 -1.00 -2.50 -1.00 1.50 2.00 1.50 4.00 1.50 0.00 -2.50 -1.00 ];
reversals = [0 -1 1 -1 0 0 1 -1 1 -1 1 0 0 -1 1 -1 0 0 1 -1 ];
measures = [0 0 0 1 1 1 1 1 1 1 1 1 1 1 1 1 1 1 1 1 ];
presentations = [1 2 3 4 5 6 7 8 9 10 11 12 13 14 15 16 17 18 19 20 ];
answers = [1 5 0 4 4 3 1 4 1 4 1 0 2 3 0 5 4 5 1 5 ];
adjustments = [6 -10 5 -1.5 -1.5 -0.5 1.5 -1.5 1.5 -1.5 1.5 2.5 0.5 -0.5 2.5 -2.5 -1.5 -2.5 1.5 -2.5 ];
sentences = {'82009' '77974' '46393' '10681' '07970' '63558' '90790' '82487' '66553' '29744' '59026' '31601' '24318' '78835' '95162' '34226' '48835' '03262' '51417' '15149' };
offsets = [26886 26302 44526 4467 19597 23504 5905 24934 13446 188 347 15642 1245 20280 4133 39054 8024 598 5859 5564 ];

