target=0.50;discardreversals=2;startvalue=0.00;steps=[4  2  1];selfservice=0;
%parameters=icra1,65
threshold = [-4.00 ];
values = [0.00 -10.00 0.00 -3.00 -4.50 -6.00 -4.50 -3.00 -2.50 -4.00 -2.50 -4.00 -1.50 -2.00 -4.50 -5.00 -5.50 -3.00 -5.50 -5.00 ];
reversals = [0 1 -1 0 0 1 0 0 -1 1 -1 1 -1 0 0 0 1 -1 1 0 ];
measures = [0 0 0 0 0 1 1 1 1 1 1 1 1 1 1 1 1 1 1 1 ];
presentations = [1 2 3 4 5 6 7 8 9 10 11 12 13 14 15 16 17 18 19 20 ];
answers = [5 0 4 4 4 1 1 2 4 1 4 0 3 5 3 3 0 5 2 2 ];
adjustments = [-10 10 -3 -1.5 -1.5 1.5 1.5 0.5 -1.5 1.5 -1.5 2.5 -0.5 -2.5 -0.5 -0.5 2.5 -2.5 0.5 0.5 ];
sentences = {'98162' '21080' '36514' '11755' '54841' '33528' '69444' '70287' '45923' '50976' '08168' '77705' '12339' '44697' '22336' '93692' '85813' '87470' '06251' '69009' };
offsets = [20252 27161 7440 3988 6836 23636 9622 8436 20266 8941 23098 2131 8884 19041 30947 17927 20789 11121 9737 29535 ];

