target=0.50;discardreversals=2;startvalue=0.00;steps=[4  2  1];selfservice=0;
%parameters=icra5.250,65,re
threshold = [-12.50 ];
values = [0.00 -6.00 -4.00 -9.00 -8.50 -10.00 -12.50 -13.00 -14.50 -13.00 -12.50 -13.00 -14.50 -13.00 -13.50 -15.00 -13.50 -12.00 -9.50 -10.00 ];
reversals = [0 1 -1 1 -1 0 0 0 1 0 -1 0 1 -1 0 1 0 0 -1 1 ];
measures = [0 0 0 1 1 1 1 1 1 1 1 1 1 1 1 1 1 1 1 1 ];
presentations = [1 2 3 4 5 6 7 8 9 10 11 12 13 14 15 16 17 18 19 20 ];
answers = [4 2 5 2 4 5 3 4 1 2 3 4 1 3 4 1 1 0 3 2 ];
adjustments = [-6 2 -5 0.5 -1.5 -2.5 -0.5 -1.5 1.5 0.5 -0.5 -1.5 1.5 -0.5 -1.5 1.5 1.5 2.5 -0.5 0.5 ];
sentences = {'31601' '82487' '51417' '59026' '95162' '46393' '90790' '03262' '77974' '82009' '15149' '48835' '29744' '78835' '10681' '34226' '63558' '66553' '07970' '24318' };
offsets = [2886103 3729954 4203250 4295286 3397905 1107028 375763 3502535 1885329 2759203 2433409 113347 812147 2311202 1017860 2337123 518694 4625849 1398575 1880386 ];

