target=0.75;minreversals=12;discardreversals=4;minmeasures=14;startvalue=70.00;steps=[8  8  4  2];feedback=0;
%parameters=2000
threshold = [23.00 ];
threshold_dB_HL = [24.53 ];
threshold_dB_SPL = [23.00 ];
values = [70.00 62.00 54.00 46.00 46.00 46.00 38.00 38.00 30.00 30.00 30.00 30.00 30.00 22.00 22.00 22.00 22.00 46.00 46.00 46.00 38.00 38.00 34.00 30.00 26.00 26.00 26.00 26.00 26.00 22.00 18.00 18.00 18.00 18.00 30.00 28.00 28.00 28.00 26.00 26.00 24.00 24.00 24.00 24.00 24.00 22.00 20.00 20.00 20.00 26.00 26.00 26.00 24.00 22.00 30.00 30.00 28.00 26.00 24.00 22.00 30.00 28.00 26.00 26.00 24.00 22.00 22.00 20.00 18.00 24.00 ];
reversals = [0 0 0 0 0 0 0 0 0 0 0 0 0 0 0 0 1 0 0 -1 0 0 0 0 0 0 0 0 0 0 0 0 0 1 -1 0 0 0 0 0 0 0 0 0 0 0 0 0 1 0 0 -1 0 1 0 -1 0 0 0 1 -1 0 0 0 0 0 0 0 1 -1 ];
measures = [0 0 0 0 0 0 0 0 0 0 0 0 0 0 0 0 0 0 0 0 0 0 0 0 0 0 0 0 0 0 0 0 0 0 0 0 0 0 0 0 0 0 0 0 0 0 0 0 1 1 1 1 1 1 1 1 1 1 1 1 1 1 1 1 1 1 1 1 1 1 ];
presentations = [1 1 1 0 0 1 0 1 0 0 0 0 1 0 0 0 1 0 0 1 0 1 1 1 0 0 0 0 1 1 0 0 0 1 1 0 0 1 0 1 0 0 0 0 1 1 0 0 1 0 0 1 1 0 0 1 1 1 1 0 1 1 0 1 1 0 1 1 1 1 ];
answers = [1 1 1 0 0 1 0 1 0 0 0 0 1 0 0 0 0 0 0 1 0 1 1 1 0 0 0 0 1 1 0 0 0 0 1 0 0 1 0 1 0 0 0 0 1 1 0 0 0 0 0 1 1 1 0 1 1 1 1 1 1 1 0 1 1 0 1 1 0 1 ];
adjustments = [-8 -8 -8 0 0 -8 0 -8 0 0 0 0 -8 0 0 0 24 0 0 -8 0 -4 -4 -4 0 0 0 0 -4 -4 0 0 0 12 -2 0 0 -2 0 -2 0 0 0 0 -2 -2 0 0 6 0 0 -2 -2 8 0 -2 -2 -2 -2 8 -2 -2 0 -2 -2 0 -2 -2 6 -2 ];

