target=0.50;discardreversals=2;startvalue=0.00;steps=[4  2  1];selfservice=0;
%parameters=icra5.250,65,train
threshold = [-8.50 ];
values = [0.00 -10.00 -4.00 -9.00 -7.50 -9.00 -9.50 -11.00 -9.50 -12.00 -10.50 -8.00 -8.50 -8.00 -8.50 -7.00 -8.50 -10.00 -10.50 -11.00 ];
reversals = [0 1 -1 1 -1 0 0 1 -1 1 0 -1 1 -1 1 -1 0 0 0 1 ];
measures = [0 0 0 1 1 1 1 1 1 1 1 1 1 1 1 1 1 1 1 1 ];
presentations = [1 2 3 4 5 6 7 8 9 10 11 12 13 14 15 16 17 18 19 20 ];
answers = [5 1 5 1 4 3 4 1 5 1 0 3 2 3 1 4 4 3 3 0 ];
adjustments = [-10 6 -5 1.5 -1.5 -0.5 -1.5 1.5 -2.5 1.5 2.5 -0.5 0.5 -0.5 1.5 -1.5 -1.5 -0.5 -0.5 2.5 ];
sentences = {'46393' '29744' '70287' '93692' '22336' '10681' '08168' '78835' '07970' '69009' '51417' '82009' '63558' '54841' '95162' '34226' '87470' '45923' '11755' '36514' };
offsets = [2708854 1899737 2383114 4698808 1472580 3799933 173913 4549092 4576281 2111334 981095 3358343 1996547 2523907 4536515 3013238 3447903 1981871 1812157 4767834 ];

