target=0.50;discardreversals=2;startvalue=0.00;steps=[4  2  1];selfservice=0;
%parameters=icra1,65,re
threshold = [-4.00 ];
values = [0.00 -10.00 0.00 -1.00 -1.50 -4.00 -3.50 -5.00 -2.50 -5.00 -3.50 -6.00 -5.50 -3.00 -3.50 -5.00 -5.50 -7.00 -5.50 -4.00 ];
reversals = [0 1 -1 0 0 1 -1 1 -1 1 -1 1 0 -1 0 0 0 1 0 -1 ];
measures = [0 0 0 0 0 1 1 1 1 1 1 1 1 1 1 1 1 1 1 1 ];
presentations = [1 2 3 4 5 6 7 8 9 10 11 12 13 14 15 16 17 18 19 20 ];
answers = [5 0 3 3 5 2 4 0 5 1 5 2 0 3 4 3 4 1 1 4 ];
adjustments = [-10 10 -1 -0.5 -2.5 0.5 -1.5 2.5 -2.5 1.5 -2.5 0.5 2.5 -0.5 -1.5 -0.5 -1.5 1.5 1.5 -1.5 ];
sentences = {'95569' '43285' '67850' '61793' '89135' '00456' '18502' '72141' '18314' '52277' '24621' '94067' '33980' '51779' '80338' '26626' '05413' '47048' '76802' '39994' };
offsets = [3421 8528 8850 5385 4978 28709 17221 15737 19298 18093 14223 18238 3981 13347 19885 27592 7820 23667 34902 18288 ];

