target=0.50;discardreversals=2;startvalue=0.00;steps=[4  2  1];selfservice=0;
%parameters=icra1,43
threshold = [-3.50 ];
values = [0.00 -10.00 0.00 -3.00 -5.50 -3.00 -3.50 -1.00 -3.50 -2.00 -1.50 -4.00 -4.50 -4.00 -3.50 -5.00 -3.50 -3.00 -1.50 -3.00 ];
reversals = [0 1 -1 0 1 -1 1 -1 1 0 -1 0 1 0 -1 1 0 0 -1 1 ];
measures = [0 0 0 0 1 1 1 1 1 1 1 1 1 1 1 1 1 1 1 1 ];
presentations = [1 2 3 4 5 6 7 8 9 10 11 12 13 14 15 16 17 18 19 20 ];
answers = [5 0 4 5 0 3 0 5 1 2 5 3 2 2 4 1 2 1 4 2 ];
adjustments = [-10 10 -3 -2.5 2.5 -0.5 2.5 -2.5 1.5 0.5 -2.5 -0.5 0.5 0.5 -1.5 1.5 0.5 1.5 -1.5 0.5 ];
sentences = {'45923' '22336' '69009' '18348' '93692' '34994' '86800' '70287' '51437' '09216' '65555' '87470' '36514' '92629' '08168' '54841' '70762' '23081' '11755' '47173' };
offsets = [18342 13329 15172 12515 8142 24012 30280 9635 23772 8894 8606 3381 22501 12034 3337 9393 580 15003 6672 22087 ];

