target=0.50;discardreversals=2;startvalue=0.00;steps=[4  2  1];selfservice=0;
%parameters=quiet,65
threshold = [-43.50 ];
values = [0.00 -10.00 -20.00 -30.00 -40.00 -46.00 -40.00 -45.00 -43.50 -45.00 -43.50 -46.00 -44.50 -44.00 -43.50 -44.00 -41.50 -39.00 -41.50 -41.00 ];
reversals = [0 0 0 0 0 1 -1 1 -1 1 -1 1 0 0 -1 1 0 -1 1 -1 ];
measures = [0 0 0 0 0 0 0 1 1 1 1 1 1 1 1 1 1 1 1 1 ];
presentations = [1 2 3 4 5 6 7 8 9 10 11 12 13 14 15 16 17 18 19 20 ];
answers = [5 5 5 5 4 1 5 1 4 1 5 1 2 2 3 0 0 5 2 5 ];
adjustments = [-10 -10 -10 -10 -6 6 -5 1.5 -1.5 1.5 -2.5 1.5 0.5 0.5 -0.5 2.5 2.5 -2.5 0.5 -2.5 ];
sentences = {'22336' '11755' '45923' '93692' '54841' '69009' '87470' '55025' '99308' '41634' '68819' '87263' '74972' '30757' '03491' '16140' '36514' '70287' '22586' '08168' };
offsets = [79567 38353 28743 49319 10929 22037 35372 10653 21058 50904 50947 40438 69564 31010 28436 21611 85983 26762 72304 24006 ];

