target=0.50;discardreversals=2;startvalue=0.00;steps=[4  2  1];selfservice=0;
%parameters=icra1,65
threshold = [0.00 ];
values = [0.00 6.00 8.00 -2.00 3.00 1.50 0.00 1.50 0.00 0.50 -2.00 -2.50 0.00 -2.50 0.00 -2.50 0.00 -0.50 -1.00 -0.50 ];
reversals = [0 0 -1 1 -1 0 1 -1 1 -1 0 1 -1 1 -1 1 -1 0 1 0 ];
measures = [0 0 0 0 1 1 1 1 1 1 1 1 1 1 1 1 1 1 1 1 ];
presentations = [1 2 3 4 5 6 7 8 9 10 11 12 13 14 15 16 17 18 19 20 ];
answers = [1 2 5 0 4 4 1 4 2 5 3 0 5 0 5 0 3 3 2 1 ];
adjustments = [6 2 -10 5 -1.5 -1.5 1.5 -1.5 0.5 -2.5 -0.5 2.5 -2.5 2.5 -2.5 2.5 -0.5 -0.5 0.5 1.5 ];
sentences = {'51417' '31601' '07970' '82009' '82487' '48835' '59026' '78835' '03262' '95162' '77974' '29744' '24318' '15149' '46393' '34226' '66553' '10681' '63558' '90790' };
offsets = [20787 26016 31741 19013 24974 13153 32212 3350 20790 10216 15216 11034 23627 6961 20377 37135 9566 244 7745 3984 ];

