target=0.50;discardreversals=2;startvalue=0.00;steps=[4  2  1];selfservice=0;
%parameters=icra1,72
threshold = [1.50 ];
values = [0.00 -2.00 4.00 7.00 10.00 5.00 4.50 2.00 2.50 0.00 1.50 0.00 -0.50 -2.00 -0.50 0.00 1.50 1.00 -1.50 0.00 ];
reversals = [0 1 0 0 -1 0 0 1 -1 1 -1 0 0 1 0 0 -1 0 1 0 ];
measures = [0 0 0 0 0 0 0 1 1 1 1 1 1 1 1 1 1 1 1 1 ];
presentations = [1 2 3 4 5 6 7 8 9 10 11 12 13 14 15 16 17 18 19 20 ];
answers = [3 1 1 1 5 3 5 2 5 1 4 3 4 1 2 1 3 5 1 2 ];
adjustments = [-2 6 3 3 -5 -0.5 -2.5 0.5 -2.5 1.5 -1.5 -0.5 -1.5 1.5 0.5 1.5 -0.5 -2.5 1.5 0.5 ];
sentences = {'59026' '89364' '31601' '51195' '66553' '82487' '90790' '03262' '48835' '15149' '68271' '15952' '02737' '77974' '24318' '23448' '44529' '90013' '37886' '76600' };
offsets = [13951 24849 26169 15309 17668 17204 8201 10529 40419 5973 20991 7620 5561 17465 4429 11648 4439 12232 12403 7936 ];

