target=0.50;discardreversals=2;startvalue=0.00;steps=[4  2  1];selfservice=0;
%parameters=icra1,65,re
threshold = [-1.25 ];
values = [0.00 -10.00 0.00 -1.00 -0.50 -2.00 -0.50 -1.00 -1.50 -3.00 -0.50 0.00 -0.50 -2.00 -1.50 -2.00 0.50 1.00 -1.50 -1.00 ];
reversals = [0 1 -1 1 -1 1 -1 0 0 1 0 -1 0 1 -1 1 0 -1 1 -1 ];
measures = [0 0 0 1 1 1 1 1 1 1 1 1 1 1 1 1 1 1 1 1 ];
presentations = [1 2 3 4 5 6 7 8 9 10 11 12 13 14 15 16 17 18 19 20 ];
answers = [5 0 3 2 4 1 3 3 4 0 2 3 4 2 3 0 2 5 2 4 ];
adjustments = [-10 10 -1 0.5 -1.5 1.5 -0.5 -0.5 -1.5 2.5 0.5 -0.5 -1.5 0.5 -0.5 2.5 0.5 -2.5 0.5 -1.5 ];
sentences = {'24318' '69009' '11755' '54841' '22336' '45923' '31601' '03262' '90790' '77974' '66553' '93692' '87470' '59026' '36514' '15149' '08168' '70287' '82487' '48835' };
offsets = [4149 20094 7842 5042 31622 11750 25226 16082 2438 25074 30203 5879 11699 35092 14343 1216 669 921 1214 7798 ];

