target=0.75;minreversals=12;discardreversals=4;minmeasures=14;startvalue=60.00;steps=[8  8  4  2];feedback=0;
%parameters=0750
threshold = [48.00 ];
threshold_dB_HL = [45.60 ];
threshold_dB_SPL = [48.00 ];
values = [60.00 52.00 44.00 36.00 36.00 60.00 52.00 68.00 66.00 64.00 62.00 62.00 62.00 60.00 60.00 58.00 58.00 58.00 56.00 54.00 54.00 52.00 52.00 50.00 48.00 54.00 54.00 54.00 52.00 52.00 52.00 52.00 50.00 48.00 48.00 46.00 44.00 44.00 44.00 42.00 42.00 48.00 48.00 48.00 46.00 44.00 44.00 44.00 44.00 50.00 48.00 46.00 46.00 46.00 44.00 50.00 ];
reversals = [0 0 0 0 1 -1 1 -1 0 0 0 0 0 0 0 0 0 0 0 0 0 0 0 0 1 0 0 -1 0 0 0 0 0 0 0 0 0 0 0 0 1 0 0 -1 0 0 0 0 1 -1 0 0 0 0 1 -1 ];
measures = [0 0 0 0 0 0 0 0 0 0 0 0 0 0 0 0 0 0 0 0 0 0 0 0 1 1 1 1 1 1 1 1 1 1 1 1 1 1 1 1 1 1 1 1 1 1 1 1 1 1 1 1 1 1 1 1 ];
presentations = [1 1 1 0 1 1 0 1 1 1 0 0 1 0 1 0 0 1 1 0 1 0 1 1 1 0 0 1 0 0 0 1 1 0 1 1 0 0 1 0 1 0 0 1 1 0 0 0 1 1 1 0 0 1 1 1 ];
answers = [1 1 1 0 0 1 1 1 1 1 0 0 1 0 1 0 0 1 1 0 1 0 1 1 0 0 0 1 0 0 0 1 1 0 1 1 0 0 1 0 0 0 0 1 1 0 0 0 0 1 1 0 0 1 0 1 ];
adjustments = [-8 -8 -8 0 24 -8 16 -2 -2 -2 0 0 -2 0 -2 0 0 -2 -2 0 -2 0 -2 -2 6 0 0 -2 0 0 0 -2 -2 0 -2 -2 0 0 -2 0 6 0 0 -2 -2 0 0 0 6 -2 -2 0 0 -2 6 -2 ];

