target=0.50;discardreversals=2;startvalue=0.00;steps=[4  2  1];selfservice=0;
%parameters=quiet,65
threshold = [-14.00 ];
values = [0.00 -2.00 -4.00 -14.00 -12.00 -15.00 -13.50 -13.00 -12.50 -12.00 -13.50 -14.00 -13.50 -14.00 -12.50 -15.00 -14.50 -14.00 -13.50 -12.00 ];
reversals = [0 0 0 1 -1 1 0 0 0 -1 0 1 -1 1 -1 1 0 0 0 0 ];
measures = [0 0 0 0 0 1 1 1 1 1 1 1 1 1 1 1 1 1 1 1 ];
presentations = [1 2 3 4 5 6 7 8 9 10 11 12 13 14 15 16 17 18 19 20 ];
answers = [3 3 5 2 4 1 2 2 2 4 3 2 3 1 5 2 2 2 1 2 ];
adjustments = [-2 -2 -10 2 -3 1.5 0.5 0.5 0.5 -1.5 -0.5 0.5 -0.5 1.5 -2.5 0.5 0.5 0.5 1.5 0.5 ];
sentences = {'43285' '51779' '46393' '63558' '80338' '94067' '95162' '82009' '18502' '07970' '10681' '72141' '78835' '34226' '26626' '67850' '05413' '51417' '39994' '29744' };
offsets = [81323 58558 8103 80356 44100 33080 7332 59864 75421 16336 33093 23424 36370 3765 67314 291 28186 51215 4537 16728 ];

