target=0.50;discardreversals=2;startvalue=0.00;steps=[4  2  1];selfservice=0;
%parameters=icra5.250,65,train
threshold = [5.00 ];
values = [0.00 10.00 8.00 3.00 6.00 6.50 6.00 4.50 4.00 3.50 5.00 4.50 4.00 6.50 8.00 5.50 3.00 3.50 4.00 5.50 ];
reversals = [0 -1 0 1 0 -1 0 0 0 1 -1 0 1 0 -1 0 1 0 0 -1 ];
measures = [0 0 0 0 0 1 1 1 1 1 1 1 1 1 1 1 1 1 1 1 ];
presentations = [1 2 3 4 5 6 7 8 9 10 11 12 13 14 15 16 17 18 19 20 ];
answers = [0 3 5 1 2 3 4 3 3 1 3 3 0 1 5 5 2 2 1 5 ];
adjustments = [10 -2 -5 3 0.5 -0.5 -1.5 -0.5 -0.5 1.5 -0.5 -0.5 2.5 1.5 -2.5 -2.5 0.5 0.5 1.5 -2.5 ];
sentences = {'24621' '61793' '95569' '46393' '10681' '29744' '47048' '51417' '33980' '76802' '82009' '00456' '34226' '78835' '52277' '07970' '63558' '89135' '18314' '95162' };
offsets = [2866464 1573749 4770010 336228 961880 1614609 1290598 3864797 2825131 4246618 2799172 1979307 4403021 1591112 86193 463578 2382328 944695 2979053 1349938 ];

