target=0.50;discardreversals=2;startvalue=0.00;steps=[4  2  1];selfservice=0;
%parameters=icra5.250,65
threshold = [0.50 ];
values = [0.00 10.00 4.00 3.00 4.00 5.50 4.00 1.50 0.00 1.50 1.00 -1.50 0.00 1.50 -1.00 0.50 0.00 -1.50 0.00 0.50 ];
reversals = [0 -1 0 1 0 -1 0 0 1 -1 0 1 0 -1 1 -1 0 1 0 -1 ];
measures = [0 0 0 0 0 1 1 1 1 1 1 1 1 1 1 1 1 1 1 1 ];
presentations = [1 2 3 4 5 6 7 8 9 10 11 12 13 14 15 16 17 18 19 20 ];
answers = [0 4 3 2 1 4 5 4 1 3 5 1 1 5 1 3 4 1 2 4 ];
adjustments = [10 -6 -1 1 1.5 -1.5 -2.5 -1.5 1.5 -0.5 -2.5 1.5 1.5 -2.5 1.5 -0.5 -1.5 1.5 0.5 -1.5 ];
sentences = {'35209' '87713' '91451' '34994' '52988' '66127' '92629' '29394' '03676' '14040' '23081' '70762' '65555' '47173' '86800' '51437' '18348' '70565' '09216' '48832' };
offsets = [4697464 3168553 4585085 2206882 3707595 4056183 44622 1897194 2953964 1717585 3863634 3176921 1505015 3220165 3142059 1972876 2407758 3652618 1958970 2259015 ];

