target=0.50;discardreversals=2;startvalue=0.00;steps=[4  2  1];selfservice=0;
%parameters=babble,65
threshold = [1.50 ];
values = [0.00 10.00 0.00 1.00 -0.50 1.00 1.50 2.00 2.50 3.00 3.50 3.00 2.50 0.00 1.50 2.00 4.50 2.00 3.50 1.00 ];
reversals = [0 -1 1 -1 1 0 0 0 0 0 -1 0 0 1 0 0 -1 1 -1 1 ];
measures = [0 0 0 1 1 1 1 1 1 1 1 1 1 1 1 1 1 1 1 1 ];
presentations = [1 2 3 4 5 6 7 8 9 10 11 12 13 14 15 16 17 18 19 20 ];
answers = [0 5 2 4 1 2 2 2 2 2 3 3 5 1 2 0 5 1 5 1 ];
adjustments = [10 -10 1 -1.5 1.5 0.5 0.5 0.5 0.5 0.5 -0.5 -0.5 -2.5 1.5 0.5 2.5 -2.5 1.5 -2.5 1.5 ];
sentences = {'29744' '95162' '51417' '78835' '44529' '68271' '89364' '37886' '23448' '82009' '07970' '90013' '15952' '63558' '76600' '34226' '46393' '51195' '10681' '02737' };
offsets = [8083 12875 22171 28213 8921 39629 11486 22152 23514 188 41557 4036 1401 17363 2618 6938 1857 17012 18764 19362 ];

