target=0.75;minreversals=12;discardreversals=4;minmeasures=14;startvalue=70.00;steps=[8  8  4  2];feedback=0;
%parameters=6000
threshold = [98.00 ];
threshold_dB_HL = [94.08 ];
threshold_dB_SPL = [98.00 ];
values = [102.00 94.00 118.00 110.00 110.00 106.00 106.00 106.00 106.00 106.00 102.00 102.00 98.00 94.00 106.00 104.00 104.00 104.00 104.00 104.00 104.00 104.00 102.00 100.00 98.00 98.00 98.00 98.00 96.00 96.00 96.00 102.00 102.00 102.00 102.00 102.00 102.00 100.00 98.00 96.00 96.00 96.00 94.00 100.00 100.00 98.00 96.00 94.00 94.00 100.00 100.00 100.00 98.00 96.00 96.00 94.00 94.00 94.00 100.00 ];
reversals = [0 1 -1 0 0 0 0 0 0 0 0 0 0 1 -1 0 0 0 0 0 0 0 0 0 0 0 0 0 0 0 1 0 0 0 0 0 -1 0 0 0 0 0 1 0 -1 0 0 0 1 0 0 -1 0 0 0 0 0 1 -1 ];
measures = [0 0 0 0 0 0 0 0 0 0 0 0 0 0 0 0 0 0 0 0 0 0 0 0 0 0 0 0 0 0 1 1 1 1 1 1 1 1 1 1 1 1 1 1 1 1 1 1 1 1 1 1 1 1 1 1 1 1 1 ];
presentations = [1 1 1 0 1 0 0 0 0 1 0 1 1 1 1 0 0 0 0 0 0 1 1 1 0 0 0 1 0 0 1 0 0 0 0 0 1 1 1 0 0 1 1 0 1 1 1 0 1 0 0 1 1 0 1 0 0 1 1 ];
answers = [1 0 1 0 1 0 0 0 0 1 0 1 1 0 1 0 0 0 0 0 0 1 1 1 0 0 0 1 0 0 0 0 0 0 0 0 1 1 1 0 0 1 0 0 1 1 1 0 0 0 0 1 1 0 1 0 0 0 1 ];
adjustments = [-8 24 -8 0 -4 0 0 0 0 -4 0 -4 -4 12 -2 0 0 0 0 0 0 -2 -2 -2 0 0 0 -2 0 0 6 0 0 0 0 0 -2 -2 -2 0 0 -2 6 0 -2 -2 -2 0 6 0 0 -2 -2 0 -2 0 0 6 -2 ];

