target=0.50;discardreversals=2;startvalue=0.00;steps=[4  2  1];selfservice=0;
%parameters=icra1,65,train
threshold = [1.50 ];
values = [0.00 10.00 4.00 5.00 2.50 2.00 1.50 3.00 0.50 1.00 -1.50 1.00 0.50 1.00 3.50 4.00 3.50 2.00 2.50 2.00 ];
reversals = [0 -1 1 -1 0 0 1 -1 1 -1 1 -1 1 0 0 -1 0 1 -1 0 ];
measures = [0 0 0 1 1 1 1 1 1 1 1 1 1 1 1 1 1 1 1 1 ];
presentations = [1 2 3 4 5 6 7 8 9 10 11 12 13 14 15 16 17 18 19 20 ];
answers = [0 4 2 5 3 3 1 5 2 5 0 3 2 0 2 3 4 2 3 3 ];
adjustments = [10 -6 1 -2.5 -0.5 -0.5 1.5 -2.5 0.5 -2.5 2.5 -0.5 0.5 2.5 0.5 -0.5 -1.5 0.5 -0.5 -0.5 ];
sentences = {'23448' '44529' '87470' '93692' '08168' '37886' '11755' '70287' '54841' '90013' '69009' '68271' '02737' '76600' '45923' '15952' '22336' '89364' '51195' '36514' };
offsets = [4059 29698 5650 24196 19562 20365 6640 9723 6044 3780 10571 14701 8605 31442 10450 4002 17322 11568 199 22932 ];

