target=0.50;discardreversals=2;startvalue=0.00;steps=[4  2  1];selfservice=0;
%parameters=icra1,62
threshold = [1.25 ];
values = [0.00 10.00 8.00 5.00 4.00 3.00 0.00 -1.00 0.00 2.50 1.00 -0.50 -1.00 1.50 2.00 0.50 1.00 2.50 0.00 -0.50 ];
reversals = [0 -1 0 0 0 0 0 1 0 -1 0 0 1 0 -1 1 0 -1 0 1 ];
measures = [0 0 0 0 0 0 0 0 0 1 1 1 1 1 1 1 1 1 1 1 ];
presentations = [1 2 3 4 5 6 7 8 9 10 11 12 13 14 15 16 17 18 19 20 ];
answers = [0 3 4 3 3 4 3 2 0 4 4 3 0 2 4 2 1 5 3 2 ];
adjustments = [10 -2 -3 -1 -1 -3 -1 1 2.5 -1.5 -1.5 -0.5 2.5 0.5 -1.5 0.5 1.5 -2.5 -0.5 0.5 ];
sentences = {'89364' '36514' '15952' '87470' '11755' '69009' '76600' '70287' '54841' '44529' '22336' '37886' '90013' '51195' '02737' '08168' '68271' '93692' '45923' '23448' };
offsets = [3192 32366 2577 11031 3243 30868 25200 11318 10754 14995 7117 5332 11933 12539 11788 7240 918 1890 10893 299 ];

