target=0.50;discardreversals=2;startvalue=0.00;steps=[4  2  1];selfservice=0;
%parameters=icra5.250,65,re
threshold = [-2.00 ];
values = [0.00 10.00 0.00 -1.00 0.00 2.50 1.00 -1.50 -2.00 -1.50 0.00 -1.50 -2.00 -3.50 -2.00 -0.50 -2.00 -4.50 -2.00 -4.50 ];
reversals = [0 -1 0 1 0 -1 0 0 1 0 -1 0 0 1 0 -1 0 1 -1 1 ];
measures = [0 0 0 0 0 1 1 1 1 1 1 1 1 1 1 1 1 1 1 1 ];
presentations = [1 2 3 4 5 6 7 8 9 10 11 12 13 14 15 16 17 18 19 20 ];
answers = [0 5 3 2 0 4 5 3 2 1 4 3 4 1 1 4 5 0 5 2 ];
adjustments = [10 -10 -1 1 2.5 -1.5 -2.5 -0.5 0.5 1.5 -1.5 -0.5 -1.5 1.5 1.5 -1.5 -2.5 2.5 -2.5 0.5 ];
sentences = {'22586' '54841' '87263' '41634' '87470' '68819' '93692' '69009' '99308' '30757' '74972' '03491' '70287' '11755' '08168' '16140' '55025' '36514' '22336' '45923' };
offsets = [231936 4615695 4309972 2656033 919459 3740270 2044561 1844485 4277667 4477984 4278195 3313419 2698542 3383414 698257 2294643 1533605 3386115 2430794 4350410 ];

