target=0.75;minreversals=12;discardreversals=4;minmeasures=14;startvalue=85.00;steps=[8  4  4  2  1];feedback=0;
%parameters=4000, 55
threshold = [92.00 ];
values = [85.00 109.00 101.00 97.00 93.00 89.00 101.00 101.00 97.00 95.00 95.00 95.00 95.00 95.00 93.00 93.00 91.00 91.00 97.00 96.00 95.00 94.00 93.00 92.00 92.00 91.00 91.00 94.00 93.00 93.00 92.00 91.00 90.00 90.00 90.00 90.00 93.00 92.00 91.00 90.00 90.00 93.00 92.00 92.00 92.00 91.00 ];
reversals = [0 -1 0 0 0 1 0 -1 0 0 0 0 0 0 0 0 0 1 -1 0 0 0 0 0 0 0 1 -1 0 0 0 0 0 0 0 1 -1 0 0 0 1 -1 0 0 0 1 ];
measures = [0 0 0 0 0 0 0 0 0 0 0 0 0 0 0 0 0 0 1 1 1 1 1 1 1 1 1 1 1 1 1 1 1 1 1 1 1 1 1 1 1 1 1 1 1 1 ];
presentations = [1 1 1 1 1 1 0 1 1 0 0 0 0 1 0 1 0 1 1 1 1 1 1 0 1 0 1 1 0 1 1 1 0 0 0 1 1 1 1 0 1 1 0 0 1 1 ];
answers = [0 1 1 1 1 0 0 1 1 0 0 0 0 1 0 1 0 0 1 1 1 1 1 0 1 0 0 1 0 1 1 1 0 0 0 0 1 1 1 0 0 1 0 0 1 0 ];
adjustments = [24 -8 -4 -4 -4 12 0 -4 -2 0 0 0 0 -2 0 -2 0 6 -1 -1 -1 -1 -1 0 -1 0 3 -1 0 -1 -1 -1 0 0 0 3 -1 -1 -1 0 3 -1 0 0 -1 3 ];

