target=0.50;discardreversals=2;startvalue=0.00;steps=[4  2  1];selfservice=0;
threshold = [-6.00 ];
values = [0.00 2.00 -4.00 -5.00 -8.00 -3.00 -1.50 -2.00 -4.50 -6.00 -6.50 -6.00 -6.50 -6.00 -7.50 -7.00 -4.50 -6.00 -5.50 -8.00 ];
reversals = [0 -1 0 0 1 0 -1 0 0 0 1 -1 1 -1 1 0 -1 1 -1 1 ];
measures = [0 0 0 0 0 0 1 1 1 1 1 1 1 1 1 1 1 1 1 1 ];
presentations = [1 2 3 4 5 6 7 8 9 10 11 12 13 14 15 16 17 18 19 20 ];
answers = [2 4 3 4 0 1 3 5 4 3 2 3 2 4 2 0 4 2 5 2 ];
adjustments = [2 -6 -1 -3 5 1.5 -0.5 -2.5 -1.5 -0.5 0.5 -0.5 0.5 -1.5 0.5 2.5 -1.5 0.5 -2.5 0.5 ];
sentences = {'41634' '54841' '93692' '74972' '68819' '22586' '16140' '03491' '30757' '08168' '22336' '45923' '36514' '87263' '11755' '70287' '55025' '99308' '87470' '69009' };
offsets = [1198178 40290 435262 4511547 666720 770237 2318145 4448730 4229767 4010527 1244668 3009157 3688288 2517170 1431890 652464 532955 1083 147698 2131152 ];

