target=0.50;discardreversals=2;startvalue=0.00;steps=[4  2  1];selfservice=0;
threshold = [-2.50 ];
values = [0.00 -2.00 8.00 3.00 0.50 0.00 -0.50 -2.00 -2.50 -1.00 -3.50 -3.00 -2.50 -2.00 -2.50 -3.00 -2.50 -3.00 -2.50 -1.00 ];
reversals = [0 1 -1 0 0 0 0 0 1 -1 1 0 0 -1 0 1 -1 1 0 -1 ];
measures = [0 0 0 0 0 0 0 0 1 1 1 1 1 1 1 1 1 1 1 1 ];
presentations = [1 2 3 4 5 6 7 8 9 10 11 12 13 14 15 16 17 18 19 20 ];
answers = [3 0 5 5 3 3 4 3 1 5 2 2 2 3 3 2 3 2 1 5 ];
adjustments = [-2 10 -5 -2.5 -0.5 -0.5 -1.5 -0.5 1.5 -2.5 0.5 0.5 0.5 -0.5 -0.5 0.5 -0.5 0.5 1.5 -2.5 ];
sentences = {'21080' '77705' '89135' '12339' '76802' '61793' '69444' '50976' '98162' '52277' '47048' '06251' '18314' '85813' '24621' '44697' '33980' '00456' '33528' '95569' };
offsets = [23054 1122 13165 8676 7946 177 21013 12922 1671 14544 11001 17638 14087 19005 18718 22965 20544 25627 5833 3264 ];

