target=0.50;discardreversals=2;startvalue=0.00;steps=[4  2  1];selfservice=0;
threshold = [-5.75 ];
values = [0.00 -2.00 -8.00 -14.00 -4.00 -3.00 -8.00 -5.50 -7.00 -8.50 -7.00 -5.50 -6.00 -5.50 -7.00 -7.50 -8.00 -5.50 -7.00 -8.50 ];
reversals = [0 0 0 1 0 -1 1 -1 0 1 0 -1 1 -1 0 0 1 -1 0 0 ];
measures = [0 0 0 0 0 0 1 1 1 1 1 1 1 1 1 1 1 1 1 1 ];
presentations = [1 2 3 4 5 6 7 8 9 10 11 12 13 14 15 16 17 18 19 20 ];
answers = [3 4 4 0 2 5 0 4 4 1 1 3 2 4 3 3 0 4 4 5 ];
adjustments = [-2 -6 -6 10 1 -5 2.5 -1.5 -1.5 1.5 1.5 -0.5 0.5 -1.5 -0.5 -0.5 2.5 -1.5 -1.5 -2.5 ];
sentences = {'35209' '63558' '66127' '82009' '29744' '07970' '91451' '29394' '46393' '78835' '48832' '87713' '14040' '70565' '51417' '34226' '03676' '95162' '52988' '10681' };
offsets = [2837450 4360979 2570909 2186409 2099737 4643653 4245590 1417194 3070283 1748497 4693693 1349816 1916588 4007557 2074697 4351695 2720652 637673 2286446 2576432 ];

