target=0.50;discardreversals=2;startvalue=0.00;steps=[4  2  1];selfservice=0;
threshold = [-7.50 ];
values = [0.00 -6.00 0.00 -5.00 -6.50 -7.00 -8.50 -11.00 -10.50 -10.00 -8.50 -7.00 -9.50 -8.00 -5.50 -8.00 -7.50 -7.00 -4.50 -4.00 ];
reversals = [0 1 -1 0 0 0 0 1 0 0 0 -1 1 0 -1 1 0 0 0 -1 ];
measures = [0 0 0 0 0 0 0 1 1 1 1 1 1 1 1 1 1 1 1 1 ];
presentations = [1 2 3 4 5 6 7 8 9 10 11 12 13 14 15 16 17 18 19 20 ];
answers = [4 1 5 4 3 4 5 2 2 1 1 5 1 0 5 2 2 0 2 4 ];
adjustments = [-6 6 -5 -1.5 -0.5 -1.5 -2.5 0.5 0.5 1.5 1.5 -2.5 1.5 2.5 -2.5 0.5 0.5 2.5 0.5 -1.5 ];
sentences = {'76802' '89135' '18314' '80338' '51779' '00456' '26626' '94067' '43285' '52277' '61793' '47048' '33980' '18502' '05413' '67850' '24621' '72141' '95569' '39994' };
offsets = [455307 3425535 4460775 2253129 3343779 1417532 1131098 2842985 3330690 300102 3629551 3468241 309328 3645693 223508 3147954 4386090 1141322 2895025 1149338 ];

