target=0.50;discardreversals=2;startvalue=0.00;steps=[4  2  1];selfservice=0;
threshold = [-34.00 ];
values = [5.00 -5.00 -15.00 -25.00 -35.00 -33.00 -34.00 -33.50 -33.00 -34.50 -35.00 -36.50 -35.00 -33.50 -36.00 -35.50 -34.00 -34.50 -35.00 -35.50 ];
reversals = [0 0 0 0 1 -1 1 0 -1 0 0 1 0 -1 1 0 -1 0 0 0 ];
measures = [0 0 0 0 0 0 1 1 1 1 1 1 1 1 1 1 1 1 1 1 ];
presentations = [1 2 3 4 5 6 7 8 9 10 11 12 13 14 15 16 17 18 19 20 ];
answers = [5 5 5 5 2 3 2 2 4 3 4 1 1 5 2 1 3 3 3 4 ];
adjustments = [-10 -10 -10 -10 2 -1 0.5 0.5 -1.5 -0.5 -1.5 1.5 1.5 -2.5 0.5 1.5 -0.5 -0.5 -0.5 -1.5 ];
sentences = {'47173' '15149' '70762' '92629' '65555' '59026' '03262' '31601' '18348' '24318' '82487' '66553' '51437' '90790' '34994' '48835' '86800' '23081' '09216' '77974' };
offsets = [46409 31183 42144 46587 40677 59103 56707 12643 76589 63061 86827 38898 47275 62483 50896 82916 62110 43387 23285 45651 ];

