target=0.50;discardreversals=2;startvalue=0.00;steps=[4  2  1];selfservice=0;
threshold = [0.25 ];
values = [0.00 10.00 4.00 3.00 4.00 1.50 0.00 1.50 0.00 -1.50 -1.00 -1.50 0.00 0.50 0.00 2.50 1.00 1.50 0.00 -1.50 ];
reversals = [0 -1 0 1 -1 0 1 -1 0 1 -1 1 0 -1 1 -1 1 -1 0 1 ];
measures = [0 0 0 0 1 1 1 1 1 1 1 1 1 1 1 1 1 1 1 1 ];
presentations = [1 2 3 4 5 6 7 8 9 10 11 12 13 14 15 16 17 18 19 20 ];
answers = [0 4 3 2 5 4 1 4 4 2 3 1 2 3 0 4 2 4 4 1 ];
adjustments = [10 -6 -1 1 -2.5 -1.5 1.5 -1.5 -1.5 0.5 -0.5 1.5 0.5 -0.5 2.5 -1.5 0.5 -1.5 -1.5 1.5 ];
sentences = {'31601' '44529' '66553' '90790' '82487' '68271' '23448' '59026' '51195' '89364' '02737' '90013' '03262' '15149' '76600' '37886' '48835' '15952' '24318' '77974' };
offsets = [29579 36282 34407 3606 25874 5229 14800 20282 16389 10826 4194 3599 12345 5789 32268 13302 13544 2299 4452 10170 ];

