target=0.50;discardreversals=2;startvalue=0.00;steps=[4  2  1];selfservice=0;
threshold = [-1.00 ];
values = [0.00 -2.00 -4.00 6.00 1.00 -1.50 0.00 -0.50 -2.00 0.50 -1.00 -0.50 -1.00 -1.50 -3.00 -5.50 -3.00 -0.50 -1.00 -2.50 ];
reversals = [0 0 1 -1 0 1 -1 0 1 -1 1 -1 0 0 0 1 0 -1 0 1 ];
measures = [0 0 0 0 0 1 1 1 1 1 1 1 1 1 1 1 1 1 1 1 ];
presentations = [1 2 3 4 5 6 7 8 9 10 11 12 13 14 15 16 17 18 19 20 ];
answers = [3 3 0 5 5 1 3 4 0 4 2 3 3 4 5 0 0 3 4 1 ];
adjustments = [-2 -2 10 -5 -2.5 1.5 -0.5 -1.5 2.5 -1.5 0.5 -0.5 -0.5 -1.5 -2.5 2.5 2.5 -0.5 -1.5 1.5 ];
sentences = {'03676' '51195' '89364' '02737' '14040' '37886' '70565' '29394' '48832' '90013' '35209' '44529' '76600' '23448' '66127' '87713' '15952' '52988' '68271' '91451' };
offsets = [32721 11300 25838 47 13030 33442 7846 9517 19548 18355 13823 660 31220 8660 36844 7566 4697 4253 25272 23155 ];

