target=0.50;discardreversals=2;startvalue=0.00;steps=[4  2  1];selfservice=0;
threshold = [-2.00 ];
values = [0.00 -2.00 8.00 3.00 0.50 1.00 -0.50 -2.00 -1.50 -2.00 -3.50 -4.00 -4.50 -2.00 -4.50 -3.00 -2.50 -3.00 -0.50 0.00 ];
reversals = [0 1 -1 0 1 -1 0 1 -1 0 0 0 1 -1 1 0 -1 1 0 -1 ];
measures = [0 0 0 0 1 1 1 1 1 1 1 1 1 1 1 1 1 1 1 1 ];
presentations = [1 2 3 4 5 6 7 8 9 10 11 12 13 14 15 16 17 18 19 20 ];
answers = [3 0 5 5 2 4 4 2 3 4 3 3 0 5 1 2 3 0 2 4 ];
adjustments = [-2 10 -5 -2.5 0.5 -1.5 -1.5 0.5 -0.5 -1.5 -0.5 -0.5 2.5 -2.5 1.5 0.5 -0.5 2.5 0.5 -1.5 ];
sentences = {'66127' '91451' '35209' '03676' '78835' '46393' '14040' '29394' '87713' '10681' '82009' '34226' '95162' '52988' '70565' '29744' '07970' '51417' '48832' '63558' };
offsets = [13770 25621 13946 20289 28338 6119 13819 7379 11027 9251 17633 13120 5476 11015 4069 5200 4376 2416 23987 28200 ];

