target=0.50;discardreversals=2;startvalue=0.00;steps=[4  2  1];selfservice=0;
threshold = [-2.50 ];
values = [0.00 -2.00 -4.00 -6.00 4.00 1.00 -1.50 -4.00 -1.50 -4.00 -2.50 -1.00 -2.50 -1.00 -2.50 -5.00 -2.50 -3.00 -3.50 -2.00 ];
reversals = [0 0 0 1 -1 0 0 1 -1 1 0 -1 1 -1 0 1 -1 0 1 0 ];
measures = [0 0 0 0 0 0 0 1 1 1 1 1 1 1 1 1 1 1 1 1 ];
presentations = [1 2 3 4 5 6 7 8 9 10 11 12 13 14 15 16 17 18 19 20 ];
answers = [3 3 3 0 4 5 5 0 5 1 1 4 1 4 5 0 3 3 1 2 ];
adjustments = [-2 -2 -2 10 -3 -2.5 -2.5 2.5 -2.5 1.5 1.5 -1.5 1.5 -1.5 -2.5 2.5 -0.5 -0.5 1.5 0.5 ];
sentences = {'33980' '18502' '94067' '39994' '72141' '67850' '52277' '80338' '05413' '51779' '18314' '95569' '00456' '89135' '26626' '24621' '47048' '43285' '76802' '61793' };
offsets = [11998 836 22106 7280 772 7573 1341 6699 23153 6375 3696 19793 32965 22977 32195 6182 28528 13642 39793 7270 ];

