target=0.50;discardreversals=2;startvalue=0.00;steps=[4  2  1];selfservice=0;
threshold = [-2.50 ];
values = [0.00 2.00 -4.00 -1.00 -1.50 -2.00 -4.50 -3.00 -2.50 -1.00 -1.50 -4.00 -1.50 -1.00 -2.50 -1.00 -3.50 -5.00 -2.50 -4.00 ];
reversals = [0 -1 1 -1 0 0 1 0 0 -1 0 1 0 -1 1 -1 0 1 -1 1 ];
measures = [0 0 0 1 1 1 1 1 1 1 1 1 1 1 1 1 1 1 1 1 ];
presentations = [1 2 3 4 5 6 7 8 9 10 11 12 13 14 15 16 17 18 19 20 ];
answers = [2 4 1 3 3 5 1 2 1 3 5 0 2 4 1 5 4 0 4 2 ];
adjustments = [2 -6 3 -0.5 -0.5 -2.5 1.5 0.5 1.5 -0.5 -2.5 2.5 0.5 -1.5 1.5 -2.5 -1.5 2.5 -1.5 0.5 ];
sentences = {'87713' '14040' '66127' '67850' '43285' '70565' '80338' '26626' '91451' '51779' '35209' '39994' '72141' '29394' '18502' '05413' '52988' '48832' '03676' '94067' };
offsets = [901 2130 31549 1011 15455 6803 20366 44272 33297 2552 3034 11150 1589 15935 19241 16011 8383 35300 19846 22962 ];

