target=0.50;discardreversals=2;startvalue=0.00;steps=[4  2  1];selfservice=0;
threshold = [-5.00 ];
values = [0.00 2.00 0.00 -1.00 -6.00 -1.00 -2.50 -5.00 -6.50 -6.00 -3.50 -6.00 -7.50 -5.00 -2.50 -3.00 -5.50 -5.00 -6.50 -5.00 ];
reversals = [0 -1 0 0 1 -1 0 0 1 0 -1 0 1 0 -1 0 1 -1 1 -1 ];
measures = [0 0 0 0 0 1 1 1 1 1 1 1 1 1 1 1 1 1 1 1 ];
presentations = [1 2 3 4 5 6 7 8 9 10 11 12 13 14 15 16 17 18 19 20 ];
answers = [2 3 3 5 0 4 5 4 2 0 5 4 0 0 3 5 2 4 1 5 ];
adjustments = [2 -2 -1 -5 5 -1.5 -2.5 -1.5 0.5 2.5 -2.5 -1.5 2.5 2.5 -0.5 -2.5 0.5 -1.5 1.5 -2.5 ];
sentences = {'03262' '33528' '98162' '50976' '48835' '21080' '66553' '59026' '44697' '31601' '69444' '77974' '82487' '24318' '06251' '15149' '77705' '12339' '90790' '85813' };
offsets = [3279794 2681158 4434928 796072 1629356 2975915 578739 2685078 556217 798581 2581834 452158 367824 2028404 517363 3757597 4134363 2406044 2287794 2700763 ];

