target=0.75;minreversals=14;discardreversals=4;minmeasures=25;startvalue=70.00;steps=[4  4  2  1];feedback=0;
threshold = [124.50 ];
values = [78.00 74.00 70.00 66.00 82.00 98.00 114.00 114.00 130.00 126.00 126.00 126.00 132.00 132.00 132.00 132.00 132.00 131.00 131.00 130.00 130.00 130.00 129.00 129.00 128.00 131.00 131.00 131.00 130.00 129.00 129.00 129.00 128.00 128.00 127.00 127.00 127.00 127.00 127.00 127.00 127.00 127.00 127.00 127.00 127.00 126.00 125.00 129.00 129.00 129.00 129.00 129.00 129.00 128.00 128.00 128.00 127.00 127.00 127.00 126.00 126.00 126.00 125.00 125.00 124.00 123.00 123.00 122.00 122.00 121.00 121.00 121.00 120.00 120.00 120.00 120.00 119.00 119.00 119.00 118.00 121.00 124.00 123.00 126.00 126.00 126.00 125.00 124.00 123.00 122.00 121.00 120.00 119.00 119.00 118.00 118.00 118.00 121.00 124.00 124.00 ];
reversals = [0 0 0 1 0 0 0 0 -1 0 0 1 0 0 0 0 -1 0 0 0 0 0 0 0 1 0 0 -1 0 0 0 0 0 0 0 0 0 0 0 0 0 0 0 0 0 0 1 0 0 0 0 0 -1 0 0 0 0 0 0 0 0 0 0 0 0 0 0 0 0 0 0 0 0 0 0 0 0 0 0 1 0 -1 1 0 0 -1 0 0 0 0 0 0 0 0 0 0 1 0 0 -1 ];
measures = [0 0 0 0 0 0 0 0 0 0 0 0 0 0 0 0 0 0 0 0 0 0 0 0 1 1 1 1 1 1 1 1 1 1 1 1 1 1 1 1 1 1 1 1 1 1 1 1 1 1 1 1 1 1 1 1 1 1 1 1 1 1 1 1 1 1 1 1 1 1 1 1 1 1 1 1 1 1 1 1 1 1 1 1 1 1 1 1 1 1 1 1 1 1 1 1 1 1 1 1 ];
presentations = [1 1 1 0 0 0 0 0 1 0 0 1 0 0 0 0 1 0 1 0 0 1 0 1 1 0 0 1 1 0 0 1 0 1 0 0 0 0 0 0 0 0 0 0 1 1 0 0 0 0 0 0 1 0 0 1 0 0 1 0 0 1 0 1 1 0 1 0 1 0 0 1 0 0 0 1 0 0 1 1 1 1 1 0 0 1 1 1 1 1 1 1 0 1 0 0 1 1 0 1 ];
answers = [1 1 1 1 1 1 0 1 1 0 0 0 0 0 0 0 1 0 1 0 0 1 0 1 0 0 0 1 1 0 0 1 0 1 0 0 0 0 0 0 0 0 0 0 1 1 1 0 0 0 0 0 1 0 0 1 0 0 1 0 0 1 0 1 1 0 1 0 1 0 0 1 0 0 0 1 0 0 1 0 0 1 0 0 0 1 1 1 1 1 1 1 0 1 0 0 0 0 0 1 ];
adjustments = [-4 -4 -4 16 16 16 0 16 -4 0 0 6 0 0 0 0 -1 0 -1 0 0 -1 0 -1 3 0 0 -1 -1 0 0 -1 0 -1 0 0 0 0 0 0 0 0 0 0 -1 -1 4 0 0 0 0 0 -1 0 0 -1 0 0 -1 0 0 -1 0 -1 -1 0 -1 0 -1 0 0 -1 0 0 0 -1 0 0 -1 3 3 -1 3 0 0 -1 -1 -1 -1 -1 -1 -1 0 -1 0 0 3 3 0 -1 ];

