target=0.50;discardreversals=2;startvalue=0.00;steps=[4  2  1];selfservice=0;
threshold = [-33.50 ];
values = [5.00 -1.00 -7.00 -13.00 -19.00 -29.00 -27.00 -30.00 -29.50 -29.00 -31.50 -32.00 -32.50 -35.00 -33.50 -33.00 -33.50 -36.00 -33.50 -35.00 ];
reversals = [0 0 0 0 0 1 -1 1 0 -1 0 0 0 1 0 -1 0 1 -1 1 ];
measures = [0 0 0 0 0 0 0 1 1 1 1 1 1 1 1 1 1 1 1 1 ];
presentations = [1 2 3 4 5 6 7 8 9 10 11 12 13 14 15 16 17 18 19 20 ];
answers = [4 4 4 4 5 2 4 2 2 5 3 3 5 1 2 3 5 0 4 2 ];
adjustments = [-6 -6 -6 -6 -10 2 -3 0.5 0.5 -2.5 -0.5 -0.5 -2.5 1.5 0.5 -0.5 -2.5 2.5 -1.5 0.5 ];
sentences = {'94067' '80338' '18502' '39994' '22336' '11755' '45923' '51779' '67850' '87470' '72141' '08168' '26626' '54841' '36514' '93692' '70287' '69009' '05413' '43285' };
offsets = [83444 43275 38186 7314 40933 73798 11012 69499 28967 11917 58590 33999 47470 217 34812 80178 28054 55308 63287 47362 ];

