target=0.50;discardreversals=2;startvalue=0.00;steps=[4  2  1];selfservice=0;
%parameters=babble,65
threshold = [-2.75 ];
values = [0.00 -10.00 0.00 -1.00 -3.50 -6.00 -3.50 -5.00 -3.50 -4.00 -3.50 -1.00 -1.50 1.00 -1.50 -3.00 -2.50 -2.00 -2.50 -2.00 ];
reversals = [0 1 -1 0 0 1 -1 1 -1 1 0 -1 1 -1 0 1 0 -1 1 -1 ];
measures = [0 0 0 0 0 1 1 1 1 1 1 1 1 1 1 1 1 1 1 1 ];
presentations = [1 2 3 4 5 6 7 8 9 10 11 12 13 14 15 16 17 18 19 20 ];
answers = [5 0 3 5 5 0 4 1 3 2 0 3 0 5 4 2 2 3 2 4 ];
adjustments = [-10 10 -1 -2.5 -2.5 2.5 -1.5 1.5 -0.5 0.5 2.5 -0.5 2.5 -2.5 -1.5 0.5 0.5 -0.5 0.5 -1.5 ];
sentences = {'07970' '51417' '29744' '78835' '48835' '95162' '66553' '59026' '77974' '24318' '63558' '15149' '31601' '03262' '90790' '34226' '82009' '82487' '10681' '46393' };
offsets = [30563 23804 7030 13832 13028 9955 13303 42206 28404 12415 35387 12439 24070 3378 18044 27875 10759 9911 24854 6857 ];

