target=0.75;minreversals=12;discardreversals=4;minmeasures=14;startvalue=60.00;steps=[8  8  4  2];feedback=0;
%parameters=0250
threshold = [27.00 ];
threshold_dB_HL = [16.90 ];
threshold_dB_SPL = [27.00 ];
values = [60.00 52.00 44.00 36.00 28.00 28.00 20.00 44.00 36.00 32.00 32.00 28.00 28.00 28.00 24.00 24.00 24.00 24.00 20.00 32.00 32.00 32.00 32.00 30.00 30.00 28.00 26.00 26.00 26.00 26.00 26.00 26.00 24.00 24.00 30.00 28.00 28.00 26.00 24.00 30.00 28.00 28.00 26.00 24.00 24.00 24.00 22.00 22.00 30.00 28.00 26.00 26.00 24.00 24.00 32.00 32.00 32.00 32.00 32.00 32.00 32.00 32.00 32.00 30.00 30.00 30.00 ];
reversals = [0 0 0 0 0 0 1 -1 0 0 0 0 0 0 0 0 0 0 1 0 0 0 -1 0 0 0 0 0 0 0 0 0 0 1 -1 0 0 0 1 -1 0 0 0 0 0 0 0 1 -1 0 0 0 0 1 0 0 0 0 0 0 0 0 -1 0 0 0 ];
measures = [0 0 0 0 0 0 0 0 0 0 0 0 0 0 0 0 0 0 0 0 0 0 0 0 0 0 0 0 0 0 0 0 0 1 1 1 1 1 1 1 1 1 1 1 1 1 1 1 1 1 1 1 1 1 1 1 1 1 1 1 1 1 1 1 1 1 ];
presentations = [1 1 1 1 0 1 1 1 1 0 1 0 0 1 0 0 0 1 1 0 0 0 1 0 1 1 0 0 0 0 0 1 0 1 1 0 1 1 1 1 0 1 1 0 0 1 0 0 1 1 0 1 0 0 0 0 0 0 0 0 0 0 1 0 0 1 ];
answers = [1 1 1 1 0 1 0 1 1 0 1 0 0 1 0 0 0 1 0 0 0 0 1 0 1 1 0 0 0 0 0 1 0 0 1 0 1 1 0 1 0 1 1 0 0 1 0 1 1 1 0 1 0 1 0 0 0 0 0 0 0 0 1 0 0 1 ];
adjustments = [-8 -8 -8 -8 0 -8 24 -8 -4 0 -4 0 0 -4 0 0 0 -4 12 0 0 0 -2 0 -2 -2 0 0 0 0 0 -2 0 6 -2 0 -2 -2 6 -2 0 -2 -2 0 0 -2 0 8 -2 -2 0 -2 0 8 0 0 0 0 0 0 0 0 -2 0 0 -2 ];

