target=0.50;discardreversals=2;startvalue=0.00;steps=[4  2  1];selfservice=0;
%parameters=icra5.250,65,train
threshold = [-8.50 ];
values = [0.00 10.00 0.00 -5.00 -8.00 -7.00 -7.50 -7.00 -8.50 -10.00 -10.50 -12.00 -11.50 -10.00 -10.50 -9.00 -8.50 -9.00 -8.50 -11.00 ];
reversals = [0 -1 0 0 1 -1 1 -1 0 0 0 1 0 -1 1 0 -1 1 -1 0 ];
measures = [0 0 0 0 0 1 1 1 1 1 1 1 1 1 1 1 1 1 1 1 ];
presentations = [1 2 3 4 5 6 7 8 9 10 11 12 13 14 15 16 17 18 19 20 ];
answers = [0 5 5 4 2 3 2 4 4 3 4 2 1 3 1 2 3 2 5 3 ];
adjustments = [10 -10 -5 -3 1 -0.5 0.5 -1.5 -1.5 -0.5 -1.5 0.5 1.5 -0.5 1.5 0.5 -0.5 0.5 -2.5 -0.5 ];
sentences = {'68819' '78835' '82009' '16140' '34226' '55025' '95162' '10681' '87263' '46393' '99308' '22586' '63558' '07970' '03491' '74972' '30757' '29744' '41634' '51417' };
offsets = [4286194 4646455 3126628 798022 4033248 3689412 532135 4222688 3162874 909110 2349930 2088804 3636625 1819917 2667754 3724442 1534919 4525766 3900352 1106094 ];

