target=0.50;discardreversals=2;startvalue=0.00;steps=[4  2  1];selfservice=0;
%parameters=icra5.250,65,re
threshold = [-11.00 ];
values = [0.00 -2.00 -8.00 -6.00 -11.00 -8.50 -11.00 -10.50 -10.00 -11.50 -14.00 -14.50 -12.00 -11.50 -12.00 -13.50 -15.00 -14.50 -12.00 -10.50 ];
reversals = [0 0 1 -1 1 -1 1 0 -1 0 0 1 0 -1 0 0 1 0 0 -1 ];
measures = [0 0 0 0 1 1 1 1 1 1 1 1 1 1 1 1 1 1 1 1 ];
presentations = [1 2 3 4 5 6 7 8 9 10 11 12 13 14 15 16 17 18 19 20 ];
answers = [3 4 2 5 0 5 2 2 4 5 3 0 2 3 4 4 2 0 1 4 ];
adjustments = [-2 -6 2 -5 2.5 -2.5 0.5 0.5 -1.5 -2.5 -0.5 2.5 0.5 -0.5 -1.5 -1.5 0.5 2.5 1.5 -1.5 ];
sentences = {'80338' '34226' '94067' '82009' '46393' '26626' '67850' '05413' '39994' '78835' '07970' '72141' '95162' '63558' '51417' '10681' '18502' '51779' '43285' '29744' };
offsets = [176690 3866943 666606 1648121 4189336 64995 1505007 422333 802418 26858 1857260 472869 1816699 3346377 1257430 2626064 2245147 4250041 4660038 4634515 ];

