target=0.50;discardreversals=2;startvalue=0.00;steps=[4  2  1];selfservice=0;
%parameters=icra5.250,65
threshold = [-13.50 ];
values = [0.00 -6.00 -12.00 -14.00 -20.00 -10.00 -11.00 -10.50 -13.00 -14.50 -16.00 -13.50 -16.00 -13.50 -12.00 -12.50 -13.00 -13.50 -12.00 -13.50 ];
reversals = [0 0 0 0 1 -1 1 -1 0 0 1 -1 1 0 -1 0 0 1 -1 1 ];
measures = [0 0 0 0 0 0 1 1 1 1 1 1 1 1 1 1 1 1 1 1 ];
presentations = [1 2 3 4 5 6 7 8 9 10 11 12 13 14 15 16 17 18 19 20 ];
answers = [4 4 3 4 0 3 2 5 4 4 0 5 0 1 3 3 3 1 4 1 ];
adjustments = [-6 -6 -2 -6 10 -1 0.5 -2.5 -1.5 -1.5 2.5 -2.5 2.5 1.5 -0.5 -0.5 -0.5 1.5 -1.5 1.5 ];
sentences = {'29744' '95569' '47048' '33980' '78835' '24621' '61793' '10681' '51417' '63558' '18314' '95162' '82009' '52277' '34226' '89135' '07970' '46393' '00456' '76802' };
offsets = [3186950 4403688 2188832 2199114 256460 4440459 3573752 1436739 886318 2735643 2936751 3137628 4622642 3731197 1683621 487954 3508617 2062472 4478926 446168 ];

