target=0.50;discardreversals=2;startvalue=0.00;steps=[4  2  1];selfservice=0;
%parameters=icra1,65,re
threshold = [-6.00 ];
values = [0.00 -10.00 0.00 -3.00 -5.50 -4.00 -4.50 -6.00 -3.50 -5.00 -7.50 -5.00 -6.50 -4.00 -6.50 -4.00 -6.50 -9.00 -6.50 -9.00 ];
reversals = [0 1 -1 0 1 -1 0 1 -1 0 1 -1 1 -1 1 -1 0 1 -1 1 ];
measures = [0 0 0 0 1 1 1 1 1 1 1 1 1 1 1 1 1 1 1 1 ];
presentations = [1 2 3 4 5 6 7 8 9 10 11 12 13 14 15 16 17 18 19 20 ];
answers = [5 0 4 5 1 3 4 0 4 5 0 4 0 5 0 5 5 0 5 0 ];
adjustments = [-10 10 -3 -2.5 1.5 -0.5 -1.5 2.5 -1.5 -2.5 2.5 -1.5 2.5 -2.5 2.5 -2.5 -2.5 2.5 -2.5 2.5 ];
sentences = {'51437' '48832' '34994' '91451' '92629' '35209' '52988' '47173' '70565' '70762' '29394' '14040' '86800' '66127' '23081' '87713' '03676' '65555' '09216' '18348' };
offsets = [23786 6347 9718 30010 25424 5919 7965 31534 4208 12 16228 7553 1282 26465 11582 12240 9590 16398 44547 1803 ];

