target=0.50;discardreversals=2;startvalue=0.00;steps=[4  2  1];selfservice=0;
%parameters=icra1,32
threshold = [0.50 ];
values = [0.00 10.00 0.00 -1.00 2.00 -0.50 0.00 2.50 1.00 -0.50 2.00 0.50 3.00 5.50 3.00 0.50 1.00 -0.50 -3.00 -2.50 ];
reversals = [0 -1 0 1 -1 1 0 -1 0 1 -1 1 0 -1 0 1 -1 0 1 -1 ];
measures = [0 0 0 0 1 1 1 1 1 1 1 1 1 1 1 1 1 1 1 1 ];
presentations = [1 2 3 4 5 6 7 8 9 10 11 12 13 14 15 16 17 18 19 20 ];
answers = [0 5 3 1 5 2 0 4 4 0 4 0 0 5 5 2 4 5 2 5 ];
adjustments = [10 -10 -1 3 -2.5 0.5 2.5 -1.5 -1.5 2.5 -1.5 2.5 2.5 -2.5 -2.5 0.5 -1.5 -2.5 0.5 -2.5 ];
sentences = {'70565' '29394' '74972' '48832' '87263' '14040' '91451' '41634' '55025' '30757' '03676' '68819' '16140' '22586' '35209' '52988' '87713' '66127' '03491' '99308' };
offsets = [1050 20656 6155 26757 10860 14095 26348 8106 6324 4133 11608 2886 10059 23029 2892 11180 10092 38080 6824 14939 ];

