target=0.50;discardreversals=2;startvalue=0.00;steps=[4  2  1];selfservice=0;
%parameters=icra1,42
threshold = [-4.00 ];
values = [0.00 -10.00 0.00 -5.00 -4.50 -6.00 -3.50 -1.00 -3.50 -5.00 -3.50 -1.00 -2.50 -5.00 -2.50 -4.00 -1.50 -1.00 -1.50 -4.00 ];
reversals = [0 1 -1 1 -1 1 0 -1 0 1 0 -1 0 1 -1 1 0 -1 0 1 ];
measures = [0 0 0 1 1 1 1 1 1 1 1 1 1 1 1 1 1 1 1 1 ];
presentations = [1 2 3 4 5 6 7 8 9 10 11 12 13 14 15 16 17 18 19 20 ];
answers = [5 0 5 2 4 0 0 5 4 1 0 4 5 0 4 0 2 3 5 1 ];
adjustments = [-10 10 -5 0.5 -1.5 2.5 2.5 -2.5 -1.5 1.5 2.5 -1.5 -2.5 2.5 -1.5 2.5 0.5 -0.5 -2.5 1.5 ];
sentences = {'52277' '18314' '29744' '33980' '34226' '89135' '78835' '95569' '10681' '61793' '00456' '47048' '24621' '95162' '82009' '76802' '51417' '07970' '63558' '46393' };
offsets = [17374 28133 4965 14645 24715 30745 27051 2046 1245 2198 28819 12547 18547 2579 7237 1579 22347 18483 25012 18811 ];

