target=0.75;minreversals=12;discardreversals=4;minmeasures=14;startvalue=65.00;steps=[8  4  4  2  1];feedback=0;
%parameters=4000, 35
threshold = [65.50 ];
values = [65.00 89.00 81.00 77.00 73.00 73.00 73.00 69.00 65.00 61.00 61.00 73.00 73.00 73.00 69.00 67.00 65.00 65.00 65.00 63.00 61.00 61.00 61.00 67.00 66.00 66.00 65.00 64.00 64.00 67.00 67.00 67.00 66.00 66.00 65.00 65.00 65.00 65.00 64.00 64.00 67.00 66.00 65.00 64.00 64.00 67.00 67.00 67.00 67.00 66.00 65.00 64.00 64.00 ];
reversals = [0 -1 0 0 0 0 0 0 0 0 1 0 0 -1 0 0 0 0 0 0 0 0 1 -1 0 0 0 0 1 0 0 -1 0 0 0 0 0 0 0 1 -1 0 0 0 1 0 0 0 -1 0 0 0 1 ];
measures = [0 0 0 0 0 0 0 0 0 0 0 0 0 0 0 0 0 0 0 0 0 0 0 1 1 1 1 1 1 1 1 1 1 1 1 1 1 1 1 1 1 1 1 1 1 1 1 1 1 1 1 1 1 ];
presentations = [1 1 1 1 0 0 1 1 1 0 1 0 0 1 1 1 0 0 1 1 0 0 1 1 0 1 1 0 1 0 0 1 0 1 0 0 0 1 0 1 1 1 1 0 1 0 0 0 1 1 1 0 1 ];
answers = [0 1 1 1 0 0 1 1 1 0 0 0 0 1 1 1 0 0 1 1 0 0 0 1 0 1 1 0 0 0 0 1 0 1 0 0 0 1 0 0 1 1 1 0 0 0 0 0 1 1 1 0 0 ];
adjustments = [24 -8 -4 -4 0 0 -4 -4 -4 0 12 0 0 -4 -2 -2 0 0 -2 -2 0 0 6 -1 0 -1 -1 0 3 0 0 -1 0 -1 0 0 0 -1 0 3 -1 -1 -1 0 3 0 0 0 -1 -1 -1 0 3 ];

