target=0.50;discardreversals=2;startvalue=0.00;steps=[4  2  1];selfservice=0;
%parameters=icra1,65
threshold = [-5.50 ];
values = [0.00 -10.00 0.00 -5.00 -5.50 -7.00 -4.50 -3.00 -5.50 -3.00 -5.50 -5.00 -5.50 -3.00 -5.50 -4.00 -6.50 -6.00 -5.50 -7.00 ];
reversals = [0 1 -1 0 0 1 0 -1 1 -1 1 -1 1 -1 1 -1 1 0 -1 1 ];
measures = [0 0 0 0 0 1 1 1 1 1 1 1 1 1 1 1 1 1 1 1 ];
presentations = [1 2 3 4 5 6 7 8 9 10 11 12 13 14 15 16 17 18 19 20 ];
answers = [5 0 5 3 4 0 1 5 0 5 2 3 0 5 1 5 2 2 4 0 ];
adjustments = [-10 10 -5 -0.5 -1.5 2.5 1.5 -2.5 2.5 -2.5 0.5 -0.5 2.5 -2.5 1.5 -2.5 0.5 0.5 -1.5 2.5 ];
sentences = {'35209' '52988' '48832' '18314' '95569' '29394' '61793' '70565' '33980' '03676' '52277' '89135' '91451' '00456' '87713' '76802' '66127' '24621' '14040' '47048' };
offsets = [10516 215 35205 10453 3929 2644 15524 1418 4076 21823 10496 13249 35772 25480 2312 17177 26313 17912 2123 21374 ];

