target=0.50;discardreversals=2;startvalue=0.00;steps=[4  2  1];selfservice=0;
%parameters=icra1,65,train
threshold = [-4.75 ];
values = [0.00 -6.00 4.00 1.00 -1.50 -3.00 -3.50 -5.00 -4.50 -5.00 -3.50 -4.00 -5.50 -7.00 -4.50 -3.00 -5.50 -3.00 -5.50 -3.00 ];
reversals = [0 1 -1 0 0 0 0 1 -1 1 -1 0 0 1 0 -1 1 -1 1 -1 ];
measures = [0 0 0 0 0 0 0 1 1 1 1 1 1 1 1 1 1 1 1 1 ];
presentations = [1 2 3 4 5 6 7 8 9 10 11 12 13 14 15 16 17 18 19 20 ];
answers = [4 0 4 5 4 3 4 2 3 1 3 4 4 0 1 5 0 5 0 4 ];
adjustments = [-6 10 -3 -2.5 -1.5 -0.5 -1.5 0.5 -0.5 1.5 -0.5 -1.5 -1.5 2.5 1.5 -2.5 2.5 -2.5 2.5 -1.5 ];
sentences = {'70565' '51417' '29394' '46393' '48832' '03676' '10681' '87713' '91451' '95162' '29744' '82009' '78835' '34226' '52988' '07970' '35209' '14040' '66127' '63558' };
offsets = [12541 20084 23660 22072 12874 308 1774 109 581 11366 3189 23870 3588 20850 13162 5396 2973 8533 10259 11394 ];

