target=0.50;discardreversals=2;startvalue=0.00;steps=[4  2  1];selfservice=0;
%parameters=quiet,65
threshold = [-39.25 ];
values = [0.00 -10.00 -20.00 -30.00 -40.00 -30.00 -33.00 -34.50 -37.00 -39.50 -39.00 -41.50 -39.00 -37.50 -40.00 -37.50 -40.00 -37.50 -40.00 -37.50 ];
reversals = [0 0 0 0 1 -1 0 0 0 1 -1 1 0 -1 1 -1 1 -1 1 -1 ];
measures = [0 0 0 0 0 0 0 0 0 1 1 1 1 1 1 1 1 1 1 1 ];
presentations = [1 2 3 4 5 6 7 8 9 10 11 12 13 14 15 16 17 18 19 20 ];
answers = [5 5 5 5 0 4 4 5 5 2 5 0 1 5 0 5 0 5 0 5 ];
adjustments = [-10 -10 -10 -10 10 -3 -1.5 -2.5 -2.5 0.5 -2.5 2.5 1.5 -2.5 2.5 -2.5 2.5 -2.5 2.5 -2.5 ];
sentences = {'10681' '34226' '33980' '46393' '29744' '51417' '78835' '18314' '95162' '47048' '24621' '89135' '76802' '95569' '82009' '07970' '52277' '63558' '61793' '00456' };
offsets = [73840 94506 30857 104440 39472 5554 36726 51717 30213 52445 17348 69732 50580 71885 15465 24695 7163 59659 50601 43624 ];

