target=0.50;discardreversals=2;startvalue=0.00;steps=[4  2  1];selfservice=0;
threshold = [2.50 ];
values = [0.00 6.00 0.00 -1.00 -4.00 1.00 2.50 3.00 3.50 1.00 2.50 5.00 3.50 3.00 2.50 2.00 2.50 1.00 3.50 4.00 ];
reversals = [0 -1 0 0 1 0 0 0 -1 1 0 -1 0 0 0 1 -1 1 0 -1 ];
measures = [0 0 0 0 0 0 0 0 1 1 1 1 1 1 1 1 1 1 1 1 ];
presentations = [1 2 3 4 5 6 7 8 9 10 11 12 13 14 15 16 17 18 19 20 ];
answers = [1 4 3 4 0 1 2 2 5 1 0 4 3 3 3 2 4 0 2 4 ];
adjustments = [6 -6 -1 -3 5 1.5 0.5 0.5 -2.5 1.5 2.5 -1.5 -0.5 -0.5 -0.5 0.5 -1.5 2.5 0.5 -1.5 ];
sentences = {'08168' '45923' '03262' '90790' '11755' '93692' '48835' '36514' '15149' '77974' '31601' '82487' '70287' '59026' '87470' '22336' '66553' '54841' '24318' '69009' };
offsets = [1955841 703711 2360612 2180355 3803079 615646 3460340 2703514 64240 4431776 1181601 1222181 948141 547809 4102079 307719 3766610 4445169 1081619 1306447 ];

