target=0.50;discardreversals=2;startvalue=0.00;steps=[4  2  1];selfservice=0;
threshold = [0.75 ];
values = [0.00 -6.00 4.00 -1.00 -1.50 -2.00 -0.50 -3.00 -2.50 0.00 1.50 1.00 2.50 3.00 0.50 1.00 1.50 2.00 3.50 2.00 ];
reversals = [0 1 -1 0 0 1 -1 1 0 0 -1 1 0 -1 1 0 0 0 -1 0 ];
measures = [0 0 0 0 0 1 1 1 1 1 1 1 1 1 1 1 1 1 1 1 ];
presentations = [1 2 3 4 5 6 7 8 9 10 11 12 13 14 15 16 17 18 19 20 ];
answers = [4 0 5 3 3 1 5 2 0 1 3 1 2 5 2 2 2 1 4 3 ];
adjustments = [-6 10 -5 -0.5 -0.5 1.5 -2.5 0.5 2.5 1.5 -0.5 1.5 0.5 -2.5 0.5 0.5 0.5 1.5 -1.5 -0.5 ];
sentences = {'06251' '68271' '90013' '37886' '12339' '51195' '15952' '02737' '21080' '76600' '98162' '44697' '33528' '85813' '77705' '50976' '23448' '69444' '44529' '89364' };
offsets = [5339 12152 1659 16583 6511 20700 489 4623 1952 31441 11580 1950 35826 1982 1123 15886 23662 10400 22560 11322 ];

