target=0.50;discardreversals=2;startvalue=0.00;steps=[4  2  1];selfservice=0;
threshold = [-2.00 ];
values = [0.00 6.00 -4.00 -7.00 -6.00 -4.50 -2.00 -4.50 -2.00 -2.50 -1.00 -1.50 0.00 0.50 -2.00 -1.50 1.00 -1.50 -4.00 -3.50 ];
reversals = [0 -1 0 1 0 0 -1 1 -1 1 -1 1 0 -1 1 0 -1 0 1 -1 ];
measures = [0 0 0 0 0 0 1 1 1 1 1 1 1 1 1 1 1 1 1 1 ];
presentations = [1 2 3 4 5 6 7 8 9 10 11 12 13 14 15 16 17 18 19 20 ];
answers = [1 5 4 2 1 0 5 0 3 1 3 1 2 5 2 0 5 5 2 4 ];
adjustments = [6 -10 -3 1 1.5 2.5 -2.5 2.5 -0.5 1.5 -0.5 1.5 0.5 -2.5 0.5 2.5 -2.5 -2.5 0.5 -1.5 ];
sentences = {'06251' '23448' '21080' '37886' '69444' '50976' '15952' '77705' '68271' '98162' '76600' '51195' '12339' '85813' '89364' '33528' '44529' '90013' '44697' '02737' };
offsets = [55382 2383083 3488064 4215622 2572150 3466669 1949785 2709710 495386 1847582 1204289 3823342 4572864 3011334 4017628 1239324 3240094 1703595 399139 2543965 ];

