target=0.50;discardreversals=2;startvalue=0.00;steps=[4  2  1];selfservice=0;
threshold = [-8.50 ];
values = [5.00 -5.00 -11.00 -17.00 -7.00 -6.00 -1.00 -6.00 -8.50 -8.00 -7.50 -8.00 -8.50 -10.00 -8.50 -8.00 -10.50 -9.00 -8.50 -11.00 ];
reversals = [0 0 0 1 0 0 -1 0 1 0 -1 0 0 1 0 -1 1 0 -1 1 ];
measures = [0 0 0 0 0 0 0 0 1 1 1 1 1 1 1 1 1 1 1 1 ];
presentations = [1 2 3 4 5 6 7 8 9 10 11 12 13 14 15 16 17 18 19 20 ];
answers = [5 4 4 0 2 0 5 5 2 2 3 3 4 1 2 5 1 2 5 0 ];
adjustments = [-10 -6 -6 10 1 5 -5 -2.5 0.5 0.5 -0.5 -0.5 -1.5 1.5 0.5 -2.5 1.5 0.5 -2.5 2.5 ];
sentences = {'00456' '46393' '07970' '76802' '34226' '63558' '52277' '10681' '82009' '33980' '18314' '24621' '89135' '78835' '61793' '95162' '29744' '51417' '95569' '47048' };
offsets = [44887 95627 91020 72602 54736 8904 13624 47883 54599 51090 79452 53282 84173 65302 57444 43492 35552 8603 33853 88695 ];

