target=0.50;discardreversals=2;startvalue=0.00;steps=[4  2  1];selfservice=0;
threshold = [-1.25 ];
values = [0.00 -2.00 4.00 5.00 0.00 -0.50 -2.00 -2.50 -3.00 -2.50 -1.00 -1.50 -1.00 -3.50 -2.00 -0.50 -2.00 -1.50 0.00 -0.50 ];
reversals = [0 1 0 -1 0 0 0 0 1 0 -1 1 -1 1 0 -1 1 0 -1 0 ];
measures = [0 0 0 0 0 0 0 0 1 1 1 1 1 1 1 1 1 1 1 1 ];
presentations = [1 2 3 4 5 6 7 8 9 10 11 12 13 14 15 16 17 18 19 20 ];
answers = [3 1 2 5 3 4 3 3 2 1 3 2 5 1 1 4 2 1 3 5 ];
adjustments = [-2 6 1 -5 -0.5 -1.5 -0.5 -0.5 0.5 1.5 -0.5 0.5 -2.5 1.5 1.5 -1.5 0.5 1.5 -0.5 -2.5 ];
sentences = {'93692' '50976' '33528' '87470' '22336' '12339' '36514' '70287' '69444' '77705' '06251' '11755' '44697' '54841' '98162' '21080' '45923' '08168' '69009' '85813' };
offsets = [20633 14271 12050 3381 31619 2058 5337 16664 11816 12743 15650 7505 22759 5286 19264 2186 13881 31614 823 11718 ];

