target=0.50;discardreversals=2;startvalue=0.00;steps=[4  2  1];selfservice=0;
threshold = [1.75 ];
values = [0.00 10.00 4.00 3.00 4.00 1.50 0.00 0.50 1.00 1.50 4.00 1.50 2.00 -0.50 -1.00 -2.50 -3.00 -1.50 -1.00 1.50 ];
reversals = [0 -1 0 1 -1 0 1 0 0 0 -1 1 -1 0 0 0 1 0 0 0 ];
measures = [0 0 0 0 1 1 1 1 1 1 1 1 1 1 1 1 1 1 1 1 ];
presentations = [1 2 3 4 5 6 7 8 9 10 11 12 13 14 15 16 17 18 19 20 ];
answers = [0 4 3 2 5 4 2 2 2 0 5 2 5 3 4 3 1 2 0 1 ];
adjustments = [10 -6 -1 1 -2.5 -1.5 0.5 0.5 0.5 2.5 -2.5 0.5 -2.5 -0.5 -1.5 -0.5 1.5 0.5 2.5 1.5 ];
sentences = {'76600' '89364' '51195' '15952' '52988' '87713' '29394' '90013' '68271' '23448' '02737' '70565' '03676' '37886' '66127' '44529' '35209' '14040' '91451' '48832' };
offsets = [16536 18433 9781 7856 6182 7244 15414 19538 35098 21239 5653 19851 11028 8079 36138 5973 10127 6177 1013 36698 ];

