target=0.50;discardreversals=2;startvalue=0.00;steps=[4  2  1];selfservice=0;
%parameters=icra1,65,re
threshold = [-2.75 ];
values = [0.00 2.00 -8.00 -3.00 -2.50 -2.00 -1.50 1.00 -1.50 -1.00 0.50 -2.00 -3.50 -3.00 -5.50 -5.00 -2.50 -5.00 -4.50 -3.00 ];
reversals = [0 -1 1 0 0 0 0 -1 1 0 -1 0 1 -1 1 0 -1 1 0 0 ];
measures = [0 0 0 0 0 0 0 1 1 1 1 1 1 1 1 1 1 1 1 1 ];
presentations = [1 2 3 4 5 6 7 8 9 10 11 12 13 14 15 16 17 18 19 20 ];
answers = [2 5 0 2 2 2 0 5 2 1 5 4 2 5 2 0 5 2 1 2 ];
adjustments = [2 -10 5 0.5 0.5 0.5 2.5 -2.5 0.5 1.5 -2.5 -1.5 0.5 -2.5 0.5 2.5 -2.5 0.5 1.5 0.5 ];
sentences = {'29744' '68271' '34226' '51417' '76600' '37886' '89364' '23448' '44529' '51195' '15952' '90013' '02737' '10681' '78835' '95162' '07970' '82009' '46393' '63558' };
offsets = [214 10074 18704 10309 32035 6997 19980 15924 8940 11709 9435 8644 19566 12031 11631 10625 8098 16705 42971 21758 ];

