target=0.50;discardreversals=2;startvalue=0.00;steps=[4  2  1];selfservice=0;
%parameters=quiet,65
threshold = [-10.00 ];
values = [0.00 -2.00 -8.00 -14.00 -4.00 -7.00 -7.50 -10.00 -12.50 -14.00 -12.50 -10.00 -12.50 -10.00 -11.50 -10.00 -7.50 -10.00 -9.50 -12.00 ];
reversals = [0 0 0 1 -1 0 0 0 0 1 0 -1 1 -1 1 0 -1 1 -1 1 ];
measures = [0 0 0 0 0 0 0 0 0 1 1 1 1 1 1 1 1 1 1 1 ];
presentations = [1 2 3 4 5 6 7 8 9 10 11 12 13 14 15 16 17 18 19 20 ];
answers = [3 4 4 0 4 3 5 5 4 1 0 5 0 4 1 0 5 2 5 2 ];
adjustments = [-2 -6 -6 10 -3 -0.5 -2.5 -2.5 -1.5 1.5 2.5 -2.5 2.5 -1.5 1.5 2.5 -2.5 0.5 -2.5 0.5 ];
sentences = {'34226' '11755' '36514' '82009' '69009' '46393' '29744' '70287' '87470' '08168' '95162' '78835' '07970' '51417' '93692' '45923' '63558' '10681' '54841' '22336' };
offsets = [62952 52340 83651 32109 33079 39107 6598 39053 17569 81941 59852 31780 91133 7421 52563 16478 17848 61929 29667 81947 ];

