target=0.50;discardreversals=2;startvalue=0.00;steps=[4  2  1];selfservice=0;
%parameters=icra1,65
threshold = [-2.50 ];
values = [0.00 -10.00 0.00 -5.00 -2.50 0.00 -2.50 -2.00 -3.50 -1.00 -2.50 -4.00 -2.50 -1.00 -3.50 -2.00 -4.50 -2.00 -4.50 -6.00 ];
reversals = [0 1 -1 1 0 -1 1 -1 1 -1 0 1 0 -1 1 -1 1 -1 0 1 ];
measures = [0 0 0 1 1 1 1 1 1 1 1 1 1 1 1 1 1 1 1 1 ];
presentations = [1 2 3 4 5 6 7 8 9 10 11 12 13 14 15 16 17 18 19 20 ];
answers = [5 0 5 0 0 5 2 4 0 4 4 1 1 5 1 5 0 5 4 0 ];
adjustments = [-10 10 -5 2.5 2.5 -2.5 0.5 -1.5 2.5 -1.5 -1.5 1.5 1.5 -2.5 1.5 -2.5 2.5 -2.5 -1.5 2.5 ];
sentences = {'29744' '82009' '03491' '22586' '30757' '16140' '95162' '87263' '46393' '99308' '55025' '51417' '74972' '63558' '10681' '78835' '34226' '68819' '07970' '41634' };
offsets = [12001 294 7204 33406 5104 11308 4180 6080 31381 17322 14728 18206 7884 26086 2060 35411 11667 40800 12119 15586 ];

