target=0.50;discardreversals=2;startvalue=0.00;steps=[4  2  1];selfservice=0;
%parameters=icra5.250,65
threshold = [1.50 ];
values = [0.00 -6.00 4.00 -1.00 -0.50 1.00 1.50 1.00 2.50 0.00 0.50 2.00 0.50 3.00 2.50 4.00 1.50 1.00 -1.50 -1.00 ];
reversals = [0 1 -1 1 0 0 -1 1 -1 1 0 -1 1 -1 1 -1 0 0 1 0 ];
measures = [0 0 0 1 1 1 1 1 1 1 1 1 1 1 1 1 1 1 1 1 ];
presentations = [1 2 3 4 5 6 7 8 9 10 11 12 13 14 15 16 17 18 19 20 ];
answers = [4 0 5 2 1 2 3 1 5 2 1 4 0 3 1 5 3 5 2 2 ];
adjustments = [-6 10 -5 0.5 1.5 0.5 -0.5 1.5 -2.5 0.5 1.5 -1.5 2.5 -0.5 1.5 -2.5 -0.5 -2.5 0.5 0.5 ];
sentences = {'29744' '34226' '37886' '90013' '51417' '07970' '44529' '76600' '23448' '15952' '02737' '63558' '51195' '78835' '82009' '10681' '89364' '68271' '95162' '46393' };
offsets = [919760 4234760 3048657 4332296 4556625 406909 3738126 2841825 3443095 3659200 1872447 1334991 3288669 1937961 480195 4495447 1539252 1163085 2563508 4833958 ];

