target=0.50;discardreversals=2;startvalue=0.00;steps=[4  2  1];selfservice=0;
%parameters=icra5.250,65,train
threshold = [0.50 ];
values = [0.00 -6.00 4.00 3.00 1.50 0.00 2.50 1.00 1.50 0.00 -0.50 1.00 -1.50 -2.00 -0.50 0.00 -1.50 0.00 1.50 1.00 ];
reversals = [0 1 -1 0 0 1 -1 1 -1 0 1 -1 0 1 0 -1 1 0 -1 0 ];
measures = [0 0 0 0 0 1 1 1 1 1 1 1 1 1 1 1 1 1 1 1 ];
presentations = [1 2 3 4 5 6 7 8 9 10 11 12 13 14 15 16 17 18 19 20 ];
answers = [4 0 3 4 4 0 4 2 4 3 1 5 3 1 2 4 1 1 3 3 ];
adjustments = [-6 10 -1 -1.5 -1.5 2.5 -1.5 0.5 -1.5 -0.5 1.5 -2.5 -0.5 1.5 0.5 -1.5 1.5 1.5 -0.5 -0.5 ];
sentences = {'66127' '91451' '45923' '54841' '69009' '87470' '35209' '93692' '22336' '08168' '03676' '87713' '70287' '48832' '36514' '29394' '52988' '11755' '70565' '14040' };
offsets = [1270790 3602108 2246622 3590908 2970282 2778506 2397363 4326950 1390276 4498734 4113060 113395 4596680 4655877 4802135 423897 1663260 422374 1479872 1231413 ];

