target=0.50;discardreversals=2;startvalue=0.00;steps=[4  2  1];selfservice=0;
%parameters=icra1,70
threshold = [-2.00 ];
values = [0.00 6.00 0.00 -3.00 -2.00 -1.50 -3.00 -2.50 -3.00 -1.50 -2.00 -3.50 -3.00 -0.50 -3.00 -5.50 -4.00 -1.50 -2.00 0.50 ];
reversals = [0 -1 0 1 0 -1 1 -1 1 -1 0 1 0 -1 0 1 0 -1 1 -1 ];
measures = [0 0 0 0 0 1 1 1 1 1 1 1 1 1 1 1 1 1 1 1 ];
presentations = [1 2 3 4 5 6 7 8 9 10 11 12 13 14 15 16 17 18 19 20 ];
answers = [1 4 4 2 2 4 2 3 1 3 4 2 0 5 5 1 0 3 0 4 ];
adjustments = [6 -6 -3 1 0.5 -1.5 0.5 -0.5 1.5 -0.5 -1.5 0.5 2.5 -2.5 -2.5 1.5 2.5 -0.5 2.5 -1.5 ];
sentences = {'89364' '51195' '68819' '22586' '74972' '87263' '15952' '41634' '44529' '55025' '23448' '99308' '16140' '02737' '03491' '68271' '90013' '30757' '76600' '37886' };
offsets = [16207 10460 21926 9410 26323 1420 1857 3077 25847 9207 5289 19922 5040 8820 32257 1284 27697 2578 36103 9696 ];

