target=0.75;minreversals=12;discardreversals=4;minmeasures=14;startvalue=68.00;steps=[8  4  4  2  1];feedback=0;
%parameters=2000, 38
threshold = [69.00 ];
values = [76.00 68.00 92.00 88.00 84.00 84.00 84.00 80.00 80.00 80.00 80.00 76.00 72.00 68.00 64.00 64.00 64.00 64.00 64.00 76.00 76.00 74.00 73.00 72.00 71.00 70.00 70.00 70.00 69.00 69.00 72.00 71.00 70.00 70.00 69.00 69.00 68.00 68.00 67.00 67.00 66.00 66.00 69.00 69.00 69.00 69.00 68.00 68.00 67.00 67.00 67.00 67.00 70.00 69.00 69.00 68.00 67.00 70.00 70.00 ];
reversals = [0 1 -1 0 0 0 0 0 0 0 0 0 0 0 0 0 0 0 1 0 -1 0 0 0 0 0 0 0 0 1 -1 0 0 0 0 0 0 0 0 0 0 1 0 0 0 -1 0 0 0 0 0 1 -1 0 0 0 1 0 -1 ];
measures = [0 0 0 0 0 0 0 0 0 0 0 0 0 0 0 0 0 0 0 0 0 0 0 0 0 0 0 0 0 1 1 1 1 1 1 1 1 1 1 1 1 1 1 1 1 1 1 1 1 1 1 1 1 1 1 1 1 1 1 ];
presentations = [1 1 1 1 0 0 1 0 0 0 1 1 1 1 0 0 0 0 1 0 1 1 1 1 1 0 0 1 0 1 1 1 0 1 0 1 0 1 0 1 0 1 0 0 0 1 0 1 0 0 0 1 1 0 1 1 1 0 1 ];
answers = [1 0 1 1 0 0 1 0 0 0 1 1 1 1 0 0 0 0 0 0 1 1 1 1 1 0 0 1 0 0 1 1 0 1 0 1 0 1 0 1 0 0 0 0 0 1 0 1 0 0 0 0 1 0 1 1 0 0 1 ];
adjustments = [-8 24 -4 -4 0 0 -4 0 0 0 -4 -4 -4 -4 0 0 0 0 12 0 -2 -1 -1 -1 -1 0 0 -1 0 3 -1 -1 0 -1 0 -1 0 -1 0 -1 0 3 0 0 0 -1 0 -1 0 0 0 3 -1 0 -1 -1 3 0 -1 ];

