target=0.50;discardreversals=2;startvalue=0.00;steps=[4  2  1];selfservice=0;
%parameters=babble,65
threshold = [-0.50 ];
values = [0.00 2.00 -4.00 -1.00 1.50 3.00 1.50 0.00 -1.50 -2.00 -0.50 -1.00 0.50 0.00 -0.50 1.00 -0.50 0.00 1.50 2.00 ];
reversals = [0 -1 1 0 0 -1 0 0 0 1 -1 1 -1 0 1 -1 1 0 0 -1 ];
measures = [0 0 0 0 0 1 1 1 1 1 1 1 1 1 1 1 1 1 1 1 ];
presentations = [1 2 3 4 5 6 7 8 9 10 11 12 13 14 15 16 17 18 19 20 ];
answers = [2 4 1 0 1 4 4 4 3 1 3 1 3 3 1 4 2 1 2 5 ];
adjustments = [2 -6 3 2.5 1.5 -1.5 -1.5 -1.5 -0.5 1.5 -0.5 1.5 -0.5 -0.5 1.5 -1.5 0.5 1.5 0.5 -2.5 ];
sentences = {'06251' '34994' '70762' '50976' '51437' '09216' '69444' '33528' '85813' '23081' '92629' '47173' '21080' '77705' '12339' '44697' '65555' '98162' '86800' '18348' };
offsets = [45973 27657 2059 28175 30930 52265 17653 8184 24386 398 28009 34914 29391 8018 13821 12914 7330 16936 39309 12718 ];

