target=0.50;discardreversals=2;startvalue=0.00;steps=[4  2  1];selfservice=0;
%parameters=icra5.250,65,re
threshold = [1.50 ];
values = [0.00 10.00 0.00 1.00 0.50 3.00 1.50 3.00 0.50 0.00 0.50 2.00 3.50 1.00 2.50 3.00 2.50 0.00 1.50 3.00 ];
reversals = [0 -1 1 -1 1 -1 1 -1 0 1 0 0 -1 1 0 -1 0 1 0 -1 ];
measures = [0 0 0 1 1 1 1 1 1 1 1 1 1 1 1 1 1 1 1 1 ];
presentations = [1 2 3 4 5 6 7 8 9 10 11 12 13 14 15 16 17 18 19 20 ];
answers = [0 5 2 3 0 4 1 5 3 2 1 1 5 1 2 3 5 1 1 3 ];
adjustments = [10 -10 1 -0.5 2.5 -1.5 1.5 -2.5 -0.5 0.5 1.5 1.5 -2.5 1.5 0.5 -0.5 -2.5 1.5 1.5 -0.5 ];
sentences = {'47173' '51437' '85813' '98162' '21080' '44697' '12339' '65555' '18348' '70762' '69444' '09216' '23081' '86800' '33528' '92629' '50976' '77705' '34994' '06251' };
offsets = [4422412 2467489 3346958 4415409 1022494 1272684 3670289 2529473 3947877 3780345 3653329 3355761 3617571 3079341 400956 3764999 4412402 2809202 1104267 1281133 ];

