target=0.75;minreversals=12;discardreversals=4;minmeasures=14;startvalue=60.00;steps=[8  8  4  2];feedback=0;
%parameters=2000
threshold = [52.00 ];
threshold_dB_HL = [53.53 ];
threshold_dB_SPL = [52.00 ];
values = [60.00 52.00 76.00 68.00 68.00 64.00 60.00 60.00 56.00 56.00 52.00 48.00 48.00 60.00 58.00 58.00 58.00 58.00 58.00 58.00 58.00 58.00 56.00 54.00 54.00 52.00 50.00 50.00 50.00 50.00 48.00 54.00 52.00 50.00 50.00 50.00 56.00 56.00 56.00 56.00 56.00 54.00 52.00 52.00 50.00 56.00 54.00 52.00 52.00 50.00 56.00 54.00 ];
reversals = [0 1 -1 0 0 0 0 0 0 0 0 0 1 -1 0 0 0 0 0 0 0 0 0 0 0 0 0 0 0 0 1 -1 0 0 0 1 0 0 0 0 -1 0 0 0 1 -1 0 0 0 1 -1 0 ];
measures = [0 0 0 0 0 0 0 0 0 0 0 0 0 0 0 0 0 0 0 0 0 0 0 0 0 0 0 0 0 0 1 1 1 1 1 1 1 1 1 1 1 1 1 1 1 1 1 1 1 1 1 1 ];
presentations = [1 1 1 0 1 1 0 1 0 1 1 0 1 1 0 0 0 0 0 0 0 1 1 0 1 1 0 0 0 1 1 1 1 0 0 1 0 0 0 0 1 1 0 1 1 1 1 0 1 1 1 1 ];
answers = [1 0 1 0 1 1 0 1 0 1 1 0 0 1 0 0 0 0 0 0 0 1 1 0 1 1 0 0 0 1 0 1 1 0 0 0 0 0 0 0 1 1 0 1 0 1 1 0 1 0 1 1 ];
adjustments = [-8 24 -8 0 -4 -4 0 -4 0 -4 -4 0 12 -2 0 0 0 0 0 0 0 -2 -2 0 -2 -2 0 0 0 -2 6 -2 -2 0 0 6 0 0 0 0 -2 -2 0 -2 6 -2 -2 0 -2 6 -2 -2 ];

