target=0.50;discardreversals=2;startvalue=0.00;steps=[4  2  1];selfservice=0;
%parameters=icra1,65,train
threshold = [-1.25 ];
values = [0.00 10.00 0.00 -1.00 -2.00 3.00 1.50 -1.00 -1.50 -1.00 -1.50 0.00 2.50 1.00 -1.50 0.00 -1.50 0.00 -0.50 -3.00 ];
reversals = [0 -1 0 0 1 -1 0 0 1 -1 1 0 -1 0 1 -1 1 -1 0 1 ];
measures = [0 0 0 0 0 1 1 1 1 1 1 1 1 1 1 1 1 1 1 1 ];
presentations = [1 2 3 4 5 6 7 8 9 10 11 12 13 14 15 16 17 18 19 20 ];
answers = [0 5 3 3 0 4 5 3 2 3 1 0 4 5 1 4 1 3 5 1 ];
adjustments = [10 -10 -1 -1 5 -1.5 -2.5 -0.5 0.5 -0.5 1.5 2.5 -1.5 -2.5 1.5 -1.5 1.5 -0.5 -2.5 1.5 ];
sentences = {'37886' '36514' '68271' '45923' '08168' '11755' '90013' '89364' '44529' '93692' '22336' '87470' '69009' '23448' '76600' '70287' '15952' '02737' '54841' '51195' };
offsets = [22316 35694 16394 14237 11085 31 3145 24845 44825 8017 7195 15994 10693 29192 33475 6275 1074 2495 1286 11196 ];

