target=0.50;discardreversals=2;startvalue=0.00;steps=[4  2  1];selfservice=0;
%parameters=icra1,80
threshold = [-3.50 ];
values = [0.00 -6.00 -4.00 -3.00 -6.00 -3.50 -2.00 -3.50 -1.00 0.50 0.00 -2.50 -4.00 -3.50 -4.00 -3.50 -3.00 -0.50 -3.00 -3.50 ];
reversals = [0 1 0 -1 1 0 -1 1 0 -1 0 0 1 -1 1 0 0 -1 0 0 ];
measures = [0 0 0 0 1 1 1 1 1 1 1 1 1 1 1 1 1 1 1 1 ];
presentations = [1 2 3 4 5 6 7 8 9 10 11 12 13 14 15 16 17 18 19 20 ];
answers = [4 2 2 4 0 1 4 0 1 3 5 4 2 3 2 2 0 5 3 4 ];
adjustments = [-6 2 1 -3 2.5 1.5 -1.5 2.5 1.5 -0.5 -2.5 -1.5 0.5 -0.5 0.5 0.5 2.5 -2.5 -0.5 -1.5 ];
sentences = {'51195' '44529' '50976' '02737' '06251' '23448' '21080' '85813' '98162' '44697' '12339' '76600' '15952' '33528' '69444' '77705' '89364' '68271' '90013' '37886' };
offsets = [21087 35069 25632 3768 7202 6971 26087 17590 4996 19282 3413 23879 8206 3196 25772 1108 9642 15362 5402 26939 ];

