target=0.50;discardreversals=2;startvalue=0.00;steps=[4  2  1];selfservice=0;
%parameters=babble,65
threshold = [-1.00 ];
values = [0.00 6.00 -4.00 1.00 -1.50 1.00 -0.50 -2.00 -2.50 0.00 -0.50 -2.00 -3.50 -1.00 -2.50 0.00 -1.50 -4.00 -1.50 1.00 ];
reversals = [0 -1 1 -1 1 -1 0 0 1 -1 0 0 1 -1 1 -1 0 1 0 -1 ];
measures = [0 0 0 1 1 1 1 1 1 1 1 1 1 1 1 1 1 1 1 1 ];
presentations = [1 2 3 4 5 6 7 8 9 10 11 12 13 14 15 16 17 18 19 20 ];
answers = [1 5 0 5 0 4 4 3 0 3 4 4 0 4 0 4 5 0 0 3 ];
adjustments = [6 -10 5 -2.5 2.5 -1.5 -1.5 -0.5 2.5 -0.5 -1.5 -1.5 2.5 -1.5 2.5 -1.5 -2.5 2.5 2.5 -0.5 ];
sentences = {'68819' '00456' '30757' '52277' '03491' '18314' '16140' '47048' '74972' '41634' '95569' '24621' '87263' '61793' '33980' '76802' '55025' '22586' '89135' '99308' };
offsets = [7271 40960 1599 24679 2372 14746 1388 39268 9622 19087 30737 5652 24659 10327 34011 13423 11999 5776 12358 20237 ];

