target=0.50;discardreversals=2;startvalue=0.00;steps=[4  2  1];selfservice=0;
%parameters=icra1,64
threshold = [-1.00 ];
values = [0.00 10.00 0.00 -1.00 -4.00 -1.00 -1.50 -2.00 -3.50 -1.00 -3.50 -1.00 0.50 -1.00 1.50 -1.00 -3.50 -1.00 0.50 1.00 ];
reversals = [0 -1 0 0 1 -1 0 0 1 -1 1 0 -1 1 -1 0 1 0 0 -1 ];
measures = [0 0 0 0 0 1 1 1 1 1 1 1 1 1 1 1 1 1 1 1 ];
presentations = [1 2 3 4 5 6 7 8 9 10 11 12 13 14 15 16 17 18 19 20 ];
answers = [0 5 3 4 1 3 3 4 0 5 0 1 4 0 5 5 0 1 2 5 ];
adjustments = [10 -10 -1 -3 3 -0.5 -0.5 -1.5 2.5 -2.5 2.5 1.5 -1.5 2.5 -2.5 -2.5 2.5 1.5 0.5 -2.5 ];
sentences = {'94067' '51779' '76802' '24621' '61793' '52277' '43285' '72141' '67850' '26626' '18314' '39994' '80338' '47048' '95569' '05413' '89135' '18502' '33980' '00456' };
offsets = [11059 7440 8102 2998 13845 6827 26750 8512 4633 17637 23818 855 832 16198 5951 11098 12830 11045 29748 25498 ];

