target=0.75;minreversals=12;discardreversals=4;minmeasures=14;startvalue=70.00;steps=[8  8  4  2];feedback=0;
%parameters=4000
threshold = [76.00 ];
threshold_dB_HL = [81.03 ];
threshold_dB_SPL = [76.00 ];
values = [78.00 70.00 94.00 86.00 82.00 82.00 78.00 78.00 78.00 74.00 74.00 74.00 74.00 70.00 82.00 80.00 80.00 78.00 76.00 76.00 76.00 76.00 74.00 72.00 72.00 72.00 78.00 78.00 78.00 76.00 74.00 74.00 72.00 78.00 78.00 78.00 76.00 76.00 74.00 80.00 78.00 76.00 76.00 76.00 74.00 74.00 72.00 72.00 78.00 78.00 78.00 ];
reversals = [0 1 -1 0 0 0 0 0 0 0 0 0 0 1 -1 0 0 0 0 0 0 0 0 0 0 1 0 0 -1 0 0 0 1 0 0 -1 0 0 1 -1 0 0 0 0 0 0 0 1 0 0 -1 ];
measures = [0 0 0 0 0 0 0 0 0 0 0 0 0 0 0 0 0 0 0 0 0 0 0 0 0 1 1 1 1 1 1 1 1 1 1 1 1 1 1 1 1 1 1 1 1 1 1 1 1 1 1 ];
presentations = [1 1 1 1 0 1 0 0 1 0 0 0 1 1 1 0 1 1 0 0 0 1 1 0 0 1 0 0 1 1 0 1 1 0 0 1 0 1 1 1 1 0 0 1 0 1 0 1 0 0 1 ];
answers = [1 0 1 1 0 1 0 0 1 0 0 0 1 0 1 0 1 1 0 0 0 1 1 0 0 0 0 0 1 1 0 1 0 0 0 1 0 1 0 1 1 0 0 1 0 1 0 0 0 0 1 ];
adjustments = [-8 24 -8 -4 0 -4 0 0 -4 0 0 0 -4 12 -2 0 -2 -2 0 0 0 -2 -2 0 0 6 0 0 -2 -2 0 -2 6 0 0 -2 0 -2 6 -2 -2 0 0 -2 0 -2 0 6 0 0 -2 ];

