target=0.75;minreversals=12;discardreversals=4;minmeasures=14;startvalue=68.00;steps=[8  4  4  2  1];feedback=0;
%parameters=0500, 38
threshold = [63.50 ];
values = [76.00 68.00 60.00 84.00 80.00 76.00 72.00 68.00 68.00 64.00 76.00 74.00 74.00 74.00 73.00 73.00 72.00 71.00 70.00 69.00 69.00 68.00 67.00 67.00 67.00 67.00 67.00 67.00 66.00 66.00 66.00 65.00 64.00 64.00 63.00 63.00 62.00 62.00 62.00 62.00 62.00 62.00 65.00 65.00 65.00 64.00 64.00 64.00 64.00 64.00 64.00 63.00 62.00 62.00 62.00 62.00 62.00 61.00 61.00 64.00 63.00 63.00 63.00 63.00 66.00 66.00 66.00 66.00 66.00 65.00 64.00 63.00 62.00 62.00 61.00 61.00 64.00 64.00 64.00 ];
reversals = [0 0 1 -1 0 0 0 0 0 1 -1 0 0 0 0 0 0 0 0 0 0 0 0 0 0 0 0 0 0 0 0 0 0 0 0 0 0 0 0 0 0 1 0 0 -1 0 0 0 0 0 0 0 0 0 0 0 0 0 1 -1 0 0 0 1 0 0 0 0 -1 0 0 0 0 0 0 1 0 0 -1 ];
measures = [0 0 0 0 0 0 0 0 0 0 0 0 0 0 0 0 0 0 0 0 0 0 0 0 0 0 0 0 0 0 0 0 0 0 0 0 0 0 0 0 0 1 1 1 1 1 1 1 1 1 1 1 1 1 1 1 1 1 1 1 1 1 1 1 1 1 1 1 1 1 1 1 1 1 1 1 1 1 1 ];
presentations = [1 1 1 1 1 1 1 0 1 1 1 0 0 1 0 1 1 1 1 0 1 1 0 0 0 0 0 1 0 0 1 1 0 1 0 1 0 0 0 0 0 1 0 0 1 0 0 0 0 0 1 1 0 0 0 0 1 0 1 1 0 0 0 1 0 0 0 0 1 1 1 1 0 1 0 1 0 0 1 ];
answers = [1 1 0 1 1 1 1 0 1 0 1 0 0 1 0 1 1 1 1 0 1 1 0 0 0 0 0 1 0 0 1 1 0 1 0 1 0 0 0 0 0 0 0 0 1 0 0 0 0 0 1 1 0 0 0 0 1 0 0 1 0 0 0 0 0 0 0 0 1 1 1 1 0 1 0 0 0 0 1 ];
adjustments = [-8 -8 24 -4 -4 -4 -4 0 -4 12 -2 0 0 -1 0 -1 -1 -1 -1 0 -1 -1 0 0 0 0 0 -1 0 0 -1 -1 0 -1 0 -1 0 0 0 0 0 3 0 0 -1 0 0 0 0 0 -1 -1 0 0 0 0 -1 0 3 -1 0 0 0 3 0 0 0 0 -1 -1 -1 -1 0 -1 0 3 0 0 -1 ];

