target=0.50;discardreversals=2;startvalue=0.00;steps=[4  2  1];selfservice=0;
%parameters=icra1,65,train
threshold = [0.25 ];
values = [0.00 6.00 -4.00 1.00 1.50 0.00 1.50 0.00 2.50 4.00 1.50 0.00 -0.50 2.00 0.50 -2.00 0.50 -1.00 -3.50 -1.00 ];
reversals = [0 -1 1 0 -1 1 -1 1 0 -1 0 0 1 -1 0 1 -1 0 1 0 ];
measures = [0 0 0 0 1 1 1 1 1 1 1 1 1 1 1 1 1 1 1 1 ];
presentations = [1 2 3 4 5 6 7 8 9 10 11 12 13 14 15 16 17 18 19 20 ];
answers = [1 5 0 2 4 1 4 0 1 5 4 3 0 4 5 0 4 5 0 1 ];
adjustments = [6 -10 5 0.5 -1.5 1.5 -1.5 2.5 1.5 -2.5 -1.5 -0.5 2.5 -1.5 -2.5 2.5 -1.5 -2.5 2.5 1.5 ];
sentences = {'52277' '61793' '95569' '68819' '99308' '33980' '24621' '47048' '30757' '22586' '87263' '18314' '89135' '03491' '55025' '76802' '74972' '16140' '41634' '00456' };
offsets = [9474 13246 11175 19211 21556 13015 5037 19453 2735 21100 8218 8272 8223 1951 18431 25874 24422 489 25059 20679 ];

