target=0.50;discardreversals=2;startvalue=0.00;steps=[4  2  1];selfservice=0;
%parameters=icra5.250,65,re
threshold = [-3.00 ];
values = [0.00 -6.00 4.00 -1.00 -3.50 -1.00 -1.50 -4.00 -2.50 0.00 -2.50 -4.00 -2.50 -3.00 -3.50 -5.00 -2.50 -2.00 -0.50 -2.00 ];
reversals = [0 1 -1 0 1 -1 0 1 0 -1 0 1 -1 0 0 1 0 0 -1 0 ];
measures = [0 0 0 0 1 1 1 1 1 1 1 1 1 1 1 1 1 1 1 1 ];
presentations = [1 2 3 4 5 6 7 8 9 10 11 12 13 14 15 16 17 18 19 20 ];
answers = [4 0 5 5 0 3 5 1 0 5 4 1 3 3 4 0 2 1 4 5 ];
adjustments = [-6 10 -5 -2.5 2.5 -0.5 -2.5 1.5 2.5 -2.5 -1.5 1.5 -0.5 -0.5 -1.5 2.5 0.5 1.5 -1.5 -2.5 ];
sentences = {'94067' '07970' '78835' '26626' '34226' '43285' '05413' '51779' '67850' '82009' '63558' '80338' '95162' '39994' '10681' '18502' '29744' '51417' '46393' '72141' };
offsets = [2763166 54303 632375 3645348 1207105 629725 628940 3240324 4454924 1697994 1479686 3254925 4062531 1079722 2766000 4295351 4578531 4564081 1023042 2466730 ];

