target=0.50;discardreversals=2;startvalue=0.00;steps=[4  2  1];selfservice=0;
%parameters=icra1,65,re
threshold = [-1.50 ];
values = [0.00 10.00 0.00 -5.00 0.00 -1.50 0.00 0.50 -2.00 -2.50 0.00 -1.50 -3.00 -0.50 0.00 2.50 0.00 -1.50 -4.00 -1.50 ];
reversals = [0 -1 0 1 -1 1 0 -1 0 1 -1 0 1 0 0 -1 0 0 1 -1 ];
measures = [0 0 0 0 1 1 1 1 1 1 1 1 1 1 1 1 1 1 1 1 ];
presentations = [1 2 3 4 5 6 7 8 9 10 11 12 13 14 15 16 17 18 19 20 ];
answers = [0 5 5 0 4 1 2 5 3 0 4 4 0 2 0 5 4 5 0 3 ];
adjustments = [10 -10 -5 5 -1.5 1.5 0.5 -2.5 -0.5 2.5 -1.5 -1.5 2.5 0.5 2.5 -2.5 -1.5 -2.5 2.5 -0.5 ];
sentences = {'89364' '02737' '51195' '08168' '11755' '23448' '22336' '70287' '45923' '76600' '54841' '87470' '36514' '93692' '69009' '15952' '44529' '68271' '90013' '37886' };
offsets = [4013 19474 2173 17800 13745 20492 19858 3648 20400 37430 2205 8869 31743 30251 12080 9410 28501 14491 14582 4861 ];

