target=0.50;discardreversals=2;startvalue=0.00;steps=[4  2  1];selfservice=0;
%parameters=icra1,65
threshold = [-3.50 ];
values = [0.00 -2.00 -12.00 -2.00 -7.00 -4.50 -4.00 -1.50 -2.00 -3.50 -5.00 -2.50 -3.00 -4.50 -2.00 -4.50 -2.00 -3.50 -3.00 -0.50 ];
reversals = [0 0 1 -1 1 0 0 -1 0 0 1 -1 0 1 -1 1 -1 1 0 0 ];
measures = [0 0 0 0 1 1 1 1 1 1 1 1 1 1 1 1 1 1 1 1 ];
presentations = [1 2 3 4 5 6 7 8 9 10 11 12 13 14 15 16 17 18 19 20 ];
answers = [3 5 0 5 0 2 0 3 4 4 0 3 4 0 5 0 4 2 0 2 ];
adjustments = [-2 -10 10 -5 2.5 0.5 2.5 -0.5 -1.5 -1.5 2.5 -0.5 -1.5 2.5 -2.5 2.5 -1.5 0.5 2.5 0.5 ];
sentences = {'51437' '23081' '24621' '95569' '65555' '52277' '34994' '47048' '18314' '89135' '76802' '86800' '18348' '09216' '92629' '00456' '61793' '33980' '70762' '47173' };
offsets = [20157 24872 5687 12729 6659 8494 7573 16014 27208 2798 20352 22011 16247 19798 26308 4805 11307 22604 104 8826 ];

