target=0.50;discardreversals=2;startvalue=0.00;steps=[4  2  1];selfservice=0;
%parameters=icra5.250,65,train
threshold = [-1.50 ];
values = [0.00 -2.00 8.00 3.00 1.50 -1.00 -0.50 -3.00 -1.50 -3.00 -5.50 -3.00 -1.50 -3.00 -5.50 -3.00 -0.50 -1.00 -3.50 -1.00 ];
reversals = [0 1 -1 0 0 1 -1 1 -1 0 1 0 -1 0 1 0 -1 0 1 -1 ];
measures = [0 0 0 0 0 1 1 1 1 1 1 1 1 1 1 1 1 1 1 1 ];
presentations = [1 2 3 4 5 6 7 8 9 10 11 12 13 14 15 16 17 18 19 20 ];
answers = [3 0 5 4 5 2 5 1 4 5 0 1 4 5 0 0 3 5 0 4 ];
adjustments = [-2 10 -5 -1.5 -2.5 0.5 -2.5 1.5 -1.5 -2.5 2.5 1.5 -1.5 -2.5 2.5 2.5 -0.5 -2.5 2.5 -1.5 ];
sentences = {'00456' '95569' '77974' '47048' '15149' '03262' '66553' '76802' '90790' '61793' '82487' '33980' '52277' '24621' '48835' '31601' '59026' '24318' '18314' '89135' };
offsets = [4241273 4401431 2822272 865779 3968028 1381065 3454487 1319219 727706 811556 1251699 2780396 3952242 764230 968388 2968345 3326891 3960544 3159315 304958 ];

