target=0.50;discardreversals=2;startvalue=0.00;steps=[4  2  1];selfservice=0;
%parameters=icra5.250,65
threshold = [-1.00 ];
values = [0.00 10.00 0.00 -1.00 4.00 1.50 -1.00 -3.50 -4.00 -1.50 -1.00 -3.50 -6.00 -3.50 -3.00 -0.50 -3.00 -3.50 -1.00 1.50 ];
reversals = [0 -1 0 1 -1 0 0 0 1 0 -1 0 1 0 0 -1 0 1 0 -1 ];
measures = [0 0 0 0 1 1 1 1 1 1 1 1 1 1 1 1 1 1 1 1 ];
presentations = [1 2 3 4 5 6 7 8 9 10 11 12 13 14 15 16 17 18 19 20 ];
answers = [0 5 3 0 5 5 5 3 0 2 5 5 0 2 0 5 3 0 0 4 ];
adjustments = [10 -10 -1 5 -2.5 -2.5 -2.5 -0.5 2.5 0.5 -2.5 -2.5 2.5 0.5 2.5 -2.5 -0.5 2.5 2.5 -1.5 ];
sentences = {'18314' '68271' '44529' '00456' '23448' '61793' '90013' '02737' '51195' '24621' '52277' '95569' '89364' '47048' '89135' '37886' '33980' '76600' '76802' '15952' };
offsets = [438863 3568248 2925669 1128523 1378503 3996713 143948 906818 2087417 1952361 4611792 124106 3817420 4362439 3654824 300069 1375112 3141093 366286 4350504 ];

