target=0.50;discardreversals=2;startvalue=0.00;steps=[4  2  1];selfservice=0;
%parameters=quiet,65
threshold = [-11.25 ];
values = [0.00 -10.00 -16.00 -6.00 -11.00 -12.50 -10.00 -11.50 -13.00 -11.50 -11.00 -8.50 -11.00 -12.50 -11.00 -8.50 -10.00 -12.50 -10.00 -10.50 ];
reversals = [0 0 1 -1 0 1 -1 0 1 0 0 -1 0 1 0 -1 0 1 -1 0 ];
measures = [0 0 0 0 0 1 1 1 1 1 1 1 1 1 1 1 1 1 1 1 ];
presentations = [1 2 3 4 5 6 7 8 9 10 11 12 13 14 15 16 17 18 19 20 ];
answers = [5 4 0 5 4 0 4 4 1 2 0 5 4 1 0 4 5 0 3 4 ];
adjustments = [-10 -6 10 -5 -1.5 2.5 -1.5 -1.5 1.5 0.5 2.5 -2.5 -1.5 1.5 2.5 -1.5 -2.5 2.5 -0.5 -1.5 ];
sentences = {'05413' '12339' '77705' '85813' '80338' '39994' '26626' '50976' '43285' '69444' '33528' '51779' '67850' '72141' '98162' '94067' '06251' '44697' '21080' '18502' };
offsets = [45043 208 64746 34366 28771 83090 95524 17341 49487 8495 51395 29790 11426 63557 33905 36820 67367 73955 46575 62649 ];

