target=0.50;discardreversals=2;startvalue=0.00;steps=[4  2  1];selfservice=0;
%parameters=icra1,74
threshold = [-3.25 ];
values = [0.00 -10.00 0.00 -3.00 -4.50 -2.00 -1.50 1.00 0.50 -1.00 -3.50 -6.00 -3.50 -3.00 -5.50 -3.00 -5.50 -3.00 -3.50 -1.00 ];
reversals = [0 1 -1 0 1 0 0 -1 0 0 0 1 0 -1 1 -1 1 -1 1 -1 ];
measures = [0 0 0 0 1 1 1 1 1 1 1 1 1 1 1 1 1 1 1 1 ];
presentations = [1 2 3 4 5 6 7 8 9 10 11 12 13 14 15 16 17 18 19 20 ];
answers = [5 0 4 4 0 2 0 3 4 5 5 0 2 5 0 5 0 3 0 5 ];
adjustments = [-10 10 -3 -1.5 2.5 0.5 2.5 -0.5 -1.5 -2.5 -2.5 2.5 0.5 -2.5 2.5 -2.5 2.5 -0.5 2.5 -2.5 ];
sentences = {'66127' '33528' '14040' '50976' '21080' '29394' '91451' '12339' '44697' '87713' '06251' '52988' '35209' '03676' '69444' '85813' '48832' '77705' '98162' '70565' };
offsets = [33576 4478 5162 18011 18461 395 32056 16512 17476 10019 23630 7638 9837 5010 10179 7299 14951 10713 7113 4563 ];

