target=0.75;minreversals=12;discardreversals=4;minmeasures=14;startvalue=74.00;steps=[8  4  4  2  1];feedback=0;
%parameters=2000, 44
threshold = [74.00 ];
values = [82.00 74.00 66.00 90.00 86.00 86.00 82.00 78.00 74.00 70.00 82.00 80.00 80.00 80.00 79.00 79.00 79.00 79.00 78.00 77.00 76.00 76.00 75.00 75.00 74.00 73.00 76.00 76.00 76.00 76.00 75.00 75.00 74.00 74.00 74.00 73.00 73.00 76.00 79.00 79.00 78.00 77.00 77.00 76.00 75.00 74.00 74.00 73.00 73.00 73.00 73.00 73.00 72.00 71.00 75.00 74.00 73.00 73.00 73.00 72.00 72.00 72.00 75.00 ];
reversals = [0 0 1 -1 0 0 0 0 0 1 -1 0 0 0 0 0 0 0 0 0 0 0 0 0 0 1 0 0 0 -1 0 0 0 0 0 0 1 0 0 -1 0 0 0 0 0 0 0 0 0 0 0 0 0 1 -1 0 0 0 0 0 0 1 -1 ];
measures = [0 0 0 0 0 0 0 0 0 0 0 0 0 0 0 0 0 0 0 0 0 0 0 0 0 1 1 1 1 1 1 1 1 1 1 1 1 1 1 1 1 1 1 1 1 1 1 1 1 1 1 1 1 1 1 1 1 1 1 1 1 1 1 ];
presentations = [1 1 1 1 0 1 1 1 1 1 1 0 0 1 0 0 0 1 1 1 0 1 0 1 1 1 0 0 0 1 0 1 0 0 1 0 1 1 0 1 1 0 1 1 1 0 1 0 0 0 0 1 1 0 1 1 0 0 1 0 0 1 1 ];
answers = [1 1 0 1 0 1 1 1 1 0 1 0 0 1 0 0 0 1 1 1 0 1 0 1 1 0 0 0 0 1 0 1 0 0 1 0 0 0 0 1 1 0 1 1 1 0 1 0 0 0 0 1 1 1 1 1 0 0 1 0 0 0 1 ];
adjustments = [-8 -8 24 -4 0 -4 -4 -4 -4 12 -2 0 0 -1 0 0 0 -1 -1 -1 0 -1 0 -1 -1 3 0 0 0 -1 0 -1 0 0 -1 0 3 3 0 -1 -1 0 -1 -1 -1 0 -1 0 0 0 0 -1 -1 4 -1 -1 0 0 -1 0 0 3 -1 ];

