target=0.50;discardreversals=2;startvalue=0.00;steps=[4  2  1];selfservice=0;
threshold = [-5.00 ];
values = [0.00 2.00 0.00 -5.00 -8.00 -5.00 -6.50 -5.00 -3.50 -4.00 -5.50 -6.00 -4.50 -4.00 -5.50 -5.00 -3.50 -5.00 -4.50 -4.00 ];
reversals = [0 -1 0 0 1 -1 1 0 -1 0 0 1 0 -1 1 0 -1 1 0 0 ];
measures = [0 0 0 0 0 1 1 1 1 1 1 1 1 1 1 1 1 1 1 1 ];
presentations = [1 2 3 4 5 6 7 8 9 10 11 12 13 14 15 16 17 18 19 20 ];
answers = [2 3 5 4 1 4 1 1 3 4 3 1 2 4 2 1 4 2 2 2 ];
adjustments = [2 -2 -5 -3 3 -1.5 1.5 1.5 -0.5 -1.5 -0.5 1.5 0.5 -1.5 0.5 1.5 -1.5 0.5 0.5 0.5 ];
sentences = {'91451' '33528' '85813' '29394' '52988' '87713' '06251' '12339' '44697' '35209' '48832' '03676' '21080' '70565' '98162' '50976' '77705' '69444' '66127' '14040' };
offsets = [1166238 2007712 2502781 2698146 21746 261177 658722 1032038 1217194 62144 735934 3003312 2789525 833600 3668793 2275033 2177263 363295 3204038 2042335 ];

