target=0.75;minreversals=14;discardreversals=4;minmeasures=25;startvalue=70.00;steps=[4  4  2  1];feedback=0;
threshold = [75.50 ];
values = [74.00 70.00 66.00 62.00 78.00 94.00 94.00 94.00 94.00 90.00 88.00 86.00 86.00 84.00 84.00 84.00 84.00 82.00 80.00 78.00 78.00 78.00 76.00 76.00 76.00 76.00 74.00 72.00 72.00 72.00 72.00 78.00 77.00 77.00 76.00 75.00 74.00 73.00 76.00 79.00 78.00 78.00 78.00 81.00 81.00 80.00 80.00 79.00 79.00 78.00 77.00 76.00 76.00 75.00 75.00 74.00 77.00 76.00 76.00 75.00 75.00 75.00 74.00 73.00 73.00 73.00 73.00 73.00 73.00 73.00 73.00 72.00 75.00 75.00 74.00 73.00 73.00 76.00 75.00 79.00 78.00 77.00 ];
reversals = [0 0 0 1 0 0 0 0 -1 0 0 0 0 0 0 0 0 0 0 0 0 0 0 0 0 0 0 0 0 0 1 -1 0 0 0 0 0 1 0 -1 0 0 1 0 -1 0 0 0 0 0 0 0 0 0 0 1 -1 0 0 0 0 0 0 0 0 0 0 0 0 0 0 1 0 -1 0 0 1 -1 1 -1 0 0 ];
measures = [0 0 0 0 0 0 0 0 0 0 0 0 0 0 0 0 0 0 0 0 0 0 0 0 0 0 0 0 0 0 0 0 0 0 0 0 0 1 1 1 1 1 1 1 1 1 1 1 1 1 1 1 1 1 1 1 1 1 1 1 1 1 1 1 1 1 1 1 1 1 1 1 1 1 1 1 1 1 1 1 1 1 ];
presentations = [1 1 1 0 0 0 0 0 1 1 1 0 1 0 0 0 1 1 1 0 0 1 0 0 0 1 1 0 0 0 1 1 0 1 1 1 1 1 1 1 0 0 1 0 1 0 1 0 1 1 1 0 1 0 1 1 1 0 1 0 0 1 1 0 0 0 0 0 0 0 1 1 0 1 1 0 1 1 0 1 1 1 ];
answers = [1 1 1 1 1 0 0 0 1 1 1 0 1 0 0 0 1 1 1 0 0 1 0 0 0 1 1 0 0 0 0 1 0 1 1 1 1 0 0 1 0 0 0 0 1 0 1 0 1 1 1 0 1 0 1 0 1 0 1 0 0 1 1 0 0 0 0 0 0 0 1 0 0 1 1 0 0 1 1 1 1 1 ];
adjustments = [-4 -4 -4 16 16 0 0 0 -4 -2 -2 0 -2 0 0 0 -2 -2 -2 0 0 -2 0 0 0 -2 -2 0 0 0 6 -1 0 -1 -1 -1 -1 3 3 -1 0 0 3 0 -1 0 -1 0 -1 -1 -1 0 -1 0 -1 3 -1 0 -1 0 0 -1 -1 0 0 0 0 0 0 0 -1 3 0 -1 -1 0 3 -1 4 -1 -1 -1 ];

