target=0.50;discardreversals=2;startvalue=0.00;steps=[4  2  1];selfservice=0;
threshold = [-13.50 ];
values = [5.00 -1.00 -11.00 -9.00 -12.00 -13.50 -12.00 -13.50 -13.00 -13.50 -13.00 -13.50 -14.00 -13.50 -16.00 -15.50 -15.00 -14.50 -15.00 -13.50 ];
reversals = [0 0 1 -1 0 1 -1 1 -1 1 -1 0 1 -1 1 0 0 -1 1 0 ];
measures = [0 0 0 0 0 1 1 1 1 1 1 1 1 1 1 1 1 1 1 1 ];
presentations = [1 2 3 4 5 6 7 8 9 10 11 12 13 14 15 16 17 18 19 20 ];
answers = [4 5 2 4 4 1 4 2 3 2 3 3 2 5 2 2 2 3 1 2 ];
adjustments = [-6 -10 2 -3 -1.5 1.5 -1.5 0.5 -0.5 0.5 -0.5 -0.5 0.5 -2.5 0.5 0.5 0.5 -0.5 1.5 0.5 ];
sentences = {'51779' '89364' '18502' '94067' '90013' '43285' '72141' '44529' '80338' '76600' '26626' '39994' '37886' '05413' '02737' '23448' '51195' '67850' '15952' '68271' };
offsets = [68600 52579 59409 37605 48231 55134 70593 5197 33872 35591 98840 70637 1187 60084 25529 56726 49820 34551 23243 15335 ];

