target=0.50;discardreversals=2;startvalue=0.00;steps=[4  2  1];selfservice=0;
threshold = [-10.00 ];
values = [0.00 -10.00 -8.00 -11.00 -9.50 -10.00 -7.50 -6.00 -7.50 -8.00 -9.50 -10.00 -12.50 -11.00 -10.50 -10.00 -10.50 -9.00 -8.50 -9.00 ];
reversals = [0 1 -1 1 -1 1 0 -1 0 0 0 0 1 0 0 -1 1 0 -1 0 ];
measures = [0 0 0 1 1 1 1 1 1 1 1 1 1 1 1 1 1 1 1 1 ];
presentations = [1 2 3 4 5 6 7 8 9 10 11 12 13 14 15 16 17 18 19 20 ];
answers = [5 2 4 1 3 0 1 4 3 4 3 5 1 2 2 3 1 2 3 3 ];
adjustments = [-10 2 -3 1.5 -0.5 2.5 1.5 -1.5 -0.5 -1.5 -0.5 -2.5 1.5 0.5 0.5 -0.5 1.5 0.5 -0.5 -0.5 ];
sentences = {'55025' '15149' '03491' '48835' '16140' '90790' '41634' '99308' '66553' '68819' '30757' '77974' '59026' '03262' '22586' '74972' '31601' '87263' '82487' '24318' };
offsets = [3451610 3173957 3946595 4464607 3895891 1834432 1508759 3542155 3131968 2280846 1615182 3442766 2849484 190566 3476392 2138785 28362 803517 848112 2394748 ];

