target=0.50;discardreversals=2;startvalue=0.00;steps=[4  2  1];selfservice=0;
threshold = [-2.75 ];
values = [0.00 2.00 -4.00 -3.00 -2.50 -3.00 -2.50 -2.00 -2.50 -3.00 -2.50 -4.00 -2.50 -1.00 -2.50 -3.00 -2.50 -1.00 -3.50 -3.00 ];
reversals = [0 -1 1 0 -1 1 0 -1 0 1 -1 1 0 -1 0 1 0 -1 1 0 ];
measures = [0 0 0 0 1 1 1 1 1 1 1 1 1 1 1 1 1 1 1 1 ];
presentations = [1 2 3 4 5 6 7 8 9 10 11 12 13 14 15 16 17 18 19 20 ];
answers = [2 4 2 2 3 2 2 3 3 2 4 1 1 4 3 2 1 5 2 1 ];
adjustments = [2 -6 1 0.5 -0.5 0.5 0.5 -0.5 -0.5 0.5 -1.5 1.5 1.5 -1.5 -0.5 0.5 1.5 -2.5 0.5 1.5 ];
sentences = {'06251' '69444' '85813' '48835' '15149' '31601' '82487' '77705' '24318' '12339' '59026' '44697' '66553' '90790' '77974' '03262' '98162' '50976' '33528' '21080' };
offsets = [16679 1976 8009 6221 10110 8281 21793 17009 23408 5925 22875 4440 24280 6705 26241 1474 326 11915 4465 19968 ];

