target=0.50;discardreversals=2;startvalue=0.00;steps=[4  2  1];selfservice=0;
threshold = [-4.75 ];
values = [0.00 -2.00 -8.00 2.00 -1.00 -2.50 -5.00 -3.50 -2.00 -2.50 -5.00 -4.50 -5.00 -6.50 -5.00 -5.50 -3.00 -3.50 -2.00 -1.50 ];
reversals = [0 0 1 -1 0 0 1 0 -1 0 1 -1 0 1 -1 1 -1 1 0 -1 ];
measures = [0 0 0 0 0 0 1 1 1 1 1 1 1 1 1 1 1 1 1 1 ];
presentations = [1 2 3 4 5 6 7 8 9 10 11 12 13 14 15 16 17 18 19 20 ];
answers = [3 4 0 4 4 5 1 1 3 5 2 3 4 1 3 0 3 1 2 3 ];
adjustments = [-2 -6 10 -3 -1.5 -2.5 1.5 1.5 -0.5 -2.5 0.5 -0.5 -1.5 1.5 -0.5 2.5 -0.5 1.5 0.5 -0.5 ];
sentences = {'09216' '92629' '18348' '87263' '41634' '99308' '74972' '51437' '65555' '70762' '30757' '86800' '55025' '03491' '47173' '34994' '22586' '68819' '23081' '16140' };
offsets = [20037 22953 2398 10734 19571 12843 2516 11442 4137 86 1917 22757 13192 18096 8172 2699 25833 2077 13200 22320 ];

