target=0.50;discardreversals=2;startvalue=0.00;steps=[4  2  1];selfservice=0;
threshold = [-3.00 ];
values = [0.00 2.00 -8.00 -3.00 -3.50 -5.00 -3.50 -3.00 -1.50 -3.00 -2.50 -3.00 -2.50 -1.00 -3.50 -4.00 -4.50 -4.00 -2.50 -3.00 ];
reversals = [0 -1 1 -1 0 1 0 0 -1 1 -1 1 0 -1 0 0 1 0 -1 1 ];
measures = [0 0 0 1 1 1 1 1 1 1 1 1 1 1 1 1 1 1 1 1 ];
presentations = [1 2 3 4 5 6 7 8 9 10 11 12 13 14 15 16 17 18 19 20 ];
answers = [2 5 0 3 4 1 2 1 4 2 3 2 1 5 3 3 2 1 3 1 ];
adjustments = [2 -10 5 -0.5 -1.5 1.5 0.5 1.5 -1.5 0.5 -0.5 0.5 1.5 -2.5 -0.5 -0.5 0.5 1.5 -0.5 1.5 ];
sentences = {'66553' '46393' '24318' '10681' '34226' '07970' '78835' '31601' '77974' '82487' '29744' '48835' '82009' '03262' '15149' '59026' '95162' '51417' '63558' '90790' };
offsets = [27126 20384 2795 8395 20327 1582 14162 19145 1009 1053 6100 18681 12532 28961 4970 11267 8167 20894 1503 8371 ];

