target=0.50;discardreversals=2;startvalue=0.00;steps=[4  2  1];selfservice=0;
threshold = [-0.50 ];
values = [0.00 6.00 -4.00 1.00 -1.50 -2.00 -3.50 -1.00 -1.50 0.00 -2.50 0.00 -0.50 1.00 -0.50 -1.00 0.50 -1.00 -0.50 2.00 ];
reversals = [0 -1 1 -1 0 0 1 -1 1 -1 1 -1 1 -1 0 1 -1 1 0 -1 ];
measures = [0 0 0 1 1 1 1 1 1 1 1 1 1 1 1 1 1 1 1 1 ];
presentations = [1 2 3 4 5 6 7 8 9 10 11 12 13 14 15 16 17 18 19 20 ];
answers = [1 5 0 5 3 4 0 3 1 5 0 3 1 4 3 1 4 2 0 5 ];
adjustments = [6 -10 5 -2.5 -0.5 -1.5 2.5 -0.5 1.5 -2.5 2.5 -0.5 1.5 -1.5 -0.5 1.5 -1.5 0.5 2.5 -2.5 ];
sentences = {'92629' '18348' '65555' '23081' '98162' '47173' '34994' '44697' '86800' '33528' '77705' '85813' '50976' '12339' '21080' '69444' '51437' '09216' '06251' '70762' };
offsets = [23203 4123 4577 25163 5272 32156 3672 8507 36317 4964 14470 5129 12378 3982 16314 12422 27895 8965 9646 357 ];

