target=0.50;discardreversals=2;startvalue=0.00;steps=[4  2  1];selfservice=0;
threshold = [-2.75 ];
values = [0.00 -2.00 -4.00 -10.00 0.00 -3.00 -0.50 -2.00 -2.50 -5.00 -6.50 -5.00 -4.50 -4.00 -2.50 -3.00 -5.50 -5.00 -4.50 -2.00 ];
reversals = [0 0 0 1 -1 1 -1 0 0 0 1 0 0 0 -1 0 1 0 0 -1 ];
measures = [0 0 0 0 0 1 1 1 1 1 1 1 1 1 1 1 1 1 1 1 ];
presentations = [1 2 3 4 5 6 7 8 9 10 11 12 13 14 15 16 17 18 19 20 ];
answers = [3 3 4 0 4 0 4 3 5 4 1 2 2 1 3 5 2 2 0 4 ];
adjustments = [-2 -2 -6 10 -3 2.5 -1.5 -0.5 -2.5 -1.5 1.5 0.5 0.5 1.5 -0.5 -2.5 0.5 0.5 2.5 -1.5 ];
sentences = {'03491' '15952' '68819' '68271' '74972' '44529' '99308' '41634' '55025' '37886' '02737' '23448' '30757' '87263' '16140' '90013' '51195' '76600' '89364' '22586' };
offsets = [2811077 2425130 3796399 4485044 2578354 3389236 3288806 1073439 3833156 3302835 4570602 801978 595463 3682239 877751 4706649 1290395 783942 1877729 883299 ];

