target=0.50;discardreversals=2;startvalue=0.00;steps=[4  2  1];selfservice=0;
threshold = [-20.00 ];
values = [5.00 -5.00 -15.00 -9.00 -14.00 -14.50 -17.00 -16.50 -18.00 -17.50 -20.00 -21.50 -20.00 -21.50 -21.00 -23.50 -21.00 -20.50 -20.00 -17.50 ];
reversals = [0 0 1 -1 0 0 1 -1 1 -1 0 1 -1 1 -1 1 0 0 0 0 ];
measures = [0 0 0 0 0 0 1 1 1 1 1 1 1 1 1 1 1 1 1 1 ];
presentations = [1 2 3 4 5 6 7 8 9 10 11 12 13 14 15 16 17 18 19 20 ];
answers = [5 5 1 5 3 5 2 4 2 5 4 1 4 2 5 0 2 2 0 2 ];
adjustments = [-10 -10 6 -5 -0.5 -2.5 0.5 -1.5 0.5 -2.5 -1.5 1.5 -1.5 0.5 -2.5 2.5 0.5 0.5 2.5 0.5 ];
sentences = {'45923' '08168' '94067' '36514' '11755' '26626' '51779' '22336' '67850' '70287' '05413' '69009' '80338' '54841' '87470' '72141' '18502' '43285' '93692' '39994' };
offsets = [69557 55609 66628 61611 57175 54826 26169 90795 51690 49479 75269 25182 74403 71748 71527 65754 81747 26425 55517 61569 ];

