target=0.50;discardreversals=2;startvalue=0.00;steps=[4  2  1];selfservice=0;
threshold = [-1.50 ];
values = [0.00 -2.00 0.00 5.00 0.00 -2.50 -1.00 -2.50 0.00 -1.50 1.00 0.50 -2.00 -3.50 -1.00 -1.50 -2.00 -0.50 0.00 -1.50 ];
reversals = [0 1 0 -1 0 1 -1 1 -1 1 -1 0 0 1 -1 0 1 0 -1 1 ];
measures = [0 0 0 0 0 1 1 1 1 1 1 1 1 1 1 1 1 1 1 1 ];
presentations = [1 2 3 4 5 6 7 8 9 10 11 12 13 14 15 16 17 18 19 20 ];
answers = [3 2 0 5 5 1 4 0 4 0 3 5 4 0 3 3 1 2 4 0 ];
adjustments = [-2 2 5 -5 -2.5 1.5 -1.5 2.5 -1.5 2.5 -0.5 -2.5 -1.5 2.5 -0.5 -0.5 1.5 0.5 -1.5 2.5 ];
sentences = {'12339' '69009' '11755' '33528' '93692' '54841' '08168' '06251' '70287' '85813' '69444' '87470' '36514' '21080' '98162' '22336' '50976' '77705' '44697' '45923' };
offsets = [12086 8900 3612 35652 20327 8198 13606 5928 16138 10661 18324 1948 11452 27958 13985 30685 20748 11457 23125 20002 ];

