target=0.50;discardreversals=2;startvalue=0.00;steps=[4  2  1];selfservice=0;
threshold = [-1.25 ];
values = [0.00 -10.00 0.00 -3.00 -1.50 -3.00 -1.50 -1.00 -3.50 -4.00 -1.50 -1.00 -2.50 -2.00 -0.50 -1.00 -0.50 -2.00 0.50 -2.00 ];
reversals = [0 1 -1 1 -1 1 0 -1 0 1 0 -1 1 0 -1 1 -1 1 -1 0 ];
measures = [0 0 0 1 1 1 1 1 1 1 1 1 1 1 1 1 1 1 1 1 ];
presentations = [1 2 3 4 5 6 7 8 9 10 11 12 13 14 15 16 17 18 19 20 ];
answers = [5 0 4 1 4 1 2 5 3 0 2 4 2 1 3 2 4 0 5 3 ];
adjustments = [-10 10 -3 1.5 -1.5 1.5 0.5 -2.5 -0.5 2.5 0.5 -1.5 0.5 1.5 -0.5 0.5 -1.5 2.5 -2.5 -0.5 ];
sentences = {'85813' '44697' '41634' '50976' '21080' '77705' '98162' '16140' '69444' '74972' '30757' '99308' '03491' '12339' '87263' '22586' '68819' '06251' '33528' '55025' };
offsets = [12865 17676 26940 15985 26459 11187 19743 20175 15386 1882 3719 23095 33513 12804 19391 19400 29049 39254 4416 16239 ];

