target=0.50;discardreversals=2;startvalue=0.00;steps=[4  2  1];selfservice=0;
threshold = [-5.50 ];
values = [0.00 -2.00 -4.00 2.00 -3.00 -5.50 -6.00 -5.50 -6.00 -4.50 -4.00 -5.50 -8.00 -5.50 -6.00 -5.50 -6.00 -4.50 -4.00 -5.50 ];
reversals = [0 0 1 -1 0 0 1 -1 1 0 -1 0 1 -1 1 -1 1 0 -1 1 ];
measures = [0 0 0 0 0 0 1 1 1 1 1 1 1 1 1 1 1 1 1 1 ];
presentations = [1 2 3 4 5 6 7 8 9 10 11 12 13 14 15 16 17 18 19 20 ];
answers = [3 3 1 5 5 3 2 3 1 2 4 5 0 3 2 3 1 2 4 2 ];
adjustments = [-2 -2 6 -5 -2.5 -0.5 0.5 -0.5 1.5 0.5 -1.5 -2.5 2.5 -0.5 0.5 -0.5 1.5 0.5 -1.5 0.5 ];
sentences = {'90790' '66553' '91451' '35209' '82487' '59026' '77974' '48835' '31601' '03262' '15149' '03676' '14040' '24318' '66127' '48832' '70565' '52988' '87713' '29394' };
offsets = [3638512 566902 2567409 773966 4044093 4393918 1240091 2759402 1299748 3466342 2686659 4495438 2787535 2359684 4205940 2810705 3963457 4085173 1050199 428282 ];

