target=0.50;discardreversals=2;startvalue=0.00;steps=[4  2  1];selfservice=0;
threshold = [-5.50 ];
values = [0.00 -6.00 4.00 -1.00 -3.50 -6.00 -5.50 -8.00 -5.50 -7.00 -4.50 -7.00 -4.50 -3.00 -3.50 -4.00 -5.50 -3.00 -5.50 -5.00 ];
reversals = [0 1 -1 0 0 1 -1 1 -1 1 -1 1 0 -1 0 0 1 -1 1 -1 ];
measures = [0 0 0 0 0 1 1 1 1 1 1 1 1 1 1 1 1 1 1 1 ];
presentations = [1 2 3 4 5 6 7 8 9 10 11 12 13 14 15 16 17 18 19 20 ];
answers = [4 0 5 5 5 2 5 0 4 0 5 0 1 3 3 4 0 5 2 3 ];
adjustments = [-6 10 -5 -2.5 -2.5 0.5 -2.5 2.5 -1.5 2.5 -2.5 2.5 1.5 -0.5 -0.5 -1.5 2.5 -2.5 0.5 -0.5 ];
sentences = {'52277' '95569' '76802' '23448' '90013' '15952' '24621' '47048' '00456' '68271' '02737' '76600' '61793' '33980' '18314' '89135' '37886' '51195' '44529' '89364' };
offsets = [5409 22820 21144 10344 8368 9496 23788 18292 23101 18081 2784 8248 18522 30976 2253 17181 1749 19878 32523 21939 ];

