target=0.50;discardreversals=2;startvalue=0.00;steps=[4  2  1];selfservice=0;
threshold = [-7.50 ];
values = [0.00 -2.00 -12.00 -2.00 -7.00 -5.50 -7.00 -7.50 -7.00 -5.50 -8.00 -8.50 -8.00 -7.50 -6.00 -3.50 -6.00 -8.50 -8.00 -8.50 ];
reversals = [0 0 1 -1 1 -1 0 1 0 -1 0 1 0 0 0 -1 0 1 -1 1 ];
measures = [0 0 0 0 1 1 1 1 1 1 1 1 1 1 1 1 1 1 1 1 ];
presentations = [1 2 3 4 5 6 7 8 9 10 11 12 13 14 15 16 17 18 19 20 ];
answers = [3 5 0 5 1 4 3 2 1 5 3 2 2 1 0 5 5 2 3 2 ];
adjustments = [-2 -10 10 -5 1.5 -1.5 -0.5 0.5 1.5 -2.5 -0.5 0.5 0.5 1.5 2.5 -2.5 -2.5 0.5 -0.5 0.5 ];
sentences = {'34994' '09216' '18348' '70762' '48832' '47173' '23081' '92629' '86800' '65555' '87713' '51437' '52988' '66127' '35209' '70565' '03676' '14040' '29394' '91451' };
offsets = [4022876 3766488 2673436 1003193 4638811 2524645 1968335 4514012 3885365 1330674 3271905 3605662 4637974 1370171 360554 1128388 118557 2143599 20640 1731099 ];

