target=0.50;discardreversals=2;startvalue=0.00;steps=[4  2  1];selfservice=0;
threshold = [-18.25 ];
values = [5.00 -5.00 -15.00 -21.00 -11.00 -16.00 -18.50 -17.00 -18.50 -17.00 -18.50 -18.00 -20.50 -22.00 -19.50 -17.00 -17.50 -19.00 -16.50 -19.00 ];
reversals = [0 0 0 1 -1 0 1 -1 1 -1 1 -1 0 1 0 -1 0 1 -1 0 ];
measures = [0 0 0 0 0 0 1 1 1 1 1 1 1 1 1 1 1 1 1 1 ];
presentations = [1 2 3 4 5 6 7 8 9 10 11 12 13 14 15 16 17 18 19 20 ];
answers = [5 5 4 0 5 5 1 4 1 4 2 5 4 0 0 3 4 0 5 3 ];
adjustments = [-10 -10 -6 10 -5 -2.5 1.5 -1.5 1.5 -1.5 0.5 -2.5 -1.5 2.5 2.5 -0.5 -1.5 2.5 -2.5 -0.5 ];
sentences = {'06251' '14040' '87713' '48832' '66127' '70565' '21080' '50976' '77705' '35209' '85813' '33528' '03676' '91451' '12339' '52988' '69444' '29394' '98162' '44697' };
offsets = [8660 13679 56129 74870 63317 10429 60162 45823 26994 14163 61747 80636 34039 31858 181 2122 56098 58258 4946 18713 ];

