target=0.50;discardreversals=2;startvalue=0.00;steps=[4  2  1];selfservice=0;
threshold = [-1.50 ];
values = [0.00 10.00 0.00 -3.00 -2.00 -4.50 -5.00 -3.50 -1.00 0.50 -1.00 -1.50 0.00 -1.50 0.00 -0.50 -3.00 -3.50 -5.00 -7.50 ];
reversals = [0 -1 0 1 -1 0 1 0 0 -1 0 1 -1 1 -1 0 0 0 0 1 ];
measures = [0 0 0 0 1 1 1 1 1 1 1 1 1 1 1 1 1 1 1 1 ];
presentations = [1 2 3 4 5 6 7 8 9 10 11 12 13 14 15 16 17 18 19 20 ];
answers = [0 5 4 2 5 3 1 0 1 4 3 1 4 1 3 5 3 4 5 0 ];
adjustments = [10 -10 -3 1 -2.5 -0.5 1.5 2.5 1.5 -1.5 -0.5 1.5 -1.5 1.5 -0.5 -2.5 -0.5 -1.5 -2.5 2.5 ];
sentences = {'26626' '18502' '51779' '03676' '43285' '66127' '29394' '94067' '35209' '80338' '67850' '14040' '52988' '48832' '72141' '91451' '70565' '87713' '05413' '39994' };
offsets = [1875536 674651 2792210 3344525 4280409 3925670 19115 2774475 2584635 4038473 1783554 4124733 529694 2024178 3715506 3447251 4332518 1827044 2591199 882234 ];

