target=0.50;discardreversals=2;startvalue=0.00;steps=[4  2  1];selfservice=0;
threshold = [-2.25 ];
values = [0.00 10.00 0.00 -5.00 0.00 -0.50 -3.00 -0.50 -1.00 -1.50 -2.00 -4.50 -2.00 -3.50 -1.00 -3.50 -2.00 -1.50 -2.00 -2.50 ];
reversals = [0 -1 0 1 -1 0 1 -1 0 0 0 1 -1 1 -1 1 0 -1 0 1 ];
measures = [0 0 0 0 1 1 1 1 1 1 1 1 1 1 1 1 1 1 1 1 ];
presentations = [1 2 3 4 5 6 7 8 9 10 11 12 13 14 15 16 17 18 19 20 ];
answers = [0 5 5 0 3 5 0 3 3 3 5 0 4 0 5 1 2 3 3 2 ];
adjustments = [10 -10 -5 5 -0.5 -2.5 2.5 -0.5 -0.5 -0.5 -2.5 2.5 -1.5 2.5 -2.5 1.5 0.5 -0.5 -0.5 0.5 ];
sentences = {'93692' '08168' '94067' '36514' '51779' '70287' '26626' '11755' '54841' '18502' '87470' '72141' '43285' '45923' '05413' '67850' '39994' '80338' '69009' '22336' };
offsets = [14960 9294 21748 11436 5245 800 33865 3933 11902 17327 8748 16379 24875 19649 10325 5333 25988 1501 3766 32886 ];

