target=0.50;discardreversals=2;startvalue=0.00;steps=[4  2  1];selfservice=0;
threshold = [-2.50 ];
values = [0.00 -2.00 8.00 5.00 3.50 1.00 -1.50 -3.00 -3.50 -1.00 -2.50 -3.00 -2.50 0.00 -0.50 -1.00 -3.50 -1.00 -3.50 -2.00 ];
reversals = [0 1 -1 0 0 0 0 0 1 -1 0 1 0 -1 0 0 1 -1 1 -1 ];
measures = [0 0 0 0 0 0 0 0 1 1 1 1 1 1 1 1 1 1 1 1 ];
presentations = [1 2 3 4 5 6 7 8 9 10 11 12 13 14 15 16 17 18 19 20 ];
answers = [3 0 4 4 5 5 4 3 0 4 3 2 0 3 3 5 0 5 1 3 ];
adjustments = [-2 10 -3 -1.5 -2.5 -2.5 -1.5 -0.5 2.5 -1.5 -0.5 0.5 2.5 -0.5 -0.5 -2.5 2.5 -2.5 1.5 -0.5 ];
sentences = {'66553' '90790' '24318' '76600' '15149' '02737' '82487' '15952' '59026' '48835' '68271' '03262' '90013' '37886' '89364' '23448' '31601' '44529' '77974' '51195' };
offsets = [17440 2051 8742 22624 11024 21852 9622 4751 30319 4355 15539 25877 15726 7904 6279 28367 14458 16114 17186 19531 ];

