target=0.50;discardreversals=2;startvalue=0.00;steps=[4  2  1];selfservice=0;
threshold = [-3.00 ];
values = [0.00 -6.00 4.00 3.00 1.50 0.00 -1.50 -3.00 -5.50 -3.00 -3.50 -5.00 -2.50 0.00 -2.50 -2.00 -2.50 -3.00 -3.50 -3.00 ];
reversals = [0 1 -1 0 0 0 0 0 1 -1 0 1 0 -1 1 -1 0 0 1 0 ];
measures = [0 0 0 0 0 0 0 0 1 1 1 1 1 1 1 1 1 1 1 1 ];
presentations = [1 2 3 4 5 6 7 8 9 10 11 12 13 14 15 16 17 18 19 20 ];
answers = [4 0 3 4 4 4 4 5 0 3 4 0 0 5 2 3 3 3 2 2 ];
adjustments = [-6 10 -1 -1.5 -1.5 -1.5 -1.5 -2.5 2.5 -0.5 -1.5 2.5 2.5 -2.5 0.5 -0.5 -0.5 -0.5 0.5 0.5 ];
sentences = {'69444' '87263' '68819' '98162' '99308' '03491' '12339' '22586' '21080' '50976' '85813' '30757' '41634' '33528' '55025' '44697' '16140' '77705' '06251' '74972' };
offsets = [857204 4169987 30759 4215353 3052048 1006197 2851564 2888402 1981817 2882191 3804721 1591507 3269745 275036 1646301 361555 2053924 1090678 3034567 3977290 ];

