target=0.50;discardreversals=2;startvalue=0.00;steps=[4  2  1];selfservice=0;
threshold = [-10.50 ];
values = [5.00 -1.00 -11.00 -9.00 -12.00 -9.50 -9.00 -11.50 -10.00 -10.50 -9.00 -10.50 -11.00 -11.50 -9.00 -7.50 -10.00 -10.50 -11.00 -9.50 ];
reversals = [0 0 1 -1 1 0 -1 1 -1 1 -1 0 0 1 0 -1 0 0 1 0 ];
measures = [0 0 0 0 1 1 1 1 1 1 1 1 1 1 1 1 1 1 1 1 ];
presentations = [1 2 3 4 5 6 7 8 9 10 11 12 13 14 15 16 17 18 19 20 ];
answers = [4 5 2 4 0 2 5 1 3 1 4 3 3 0 1 5 3 3 1 1 ];
adjustments = [-6 -10 2 -3 2.5 0.5 -2.5 1.5 -0.5 1.5 -1.5 -0.5 -0.5 2.5 1.5 -2.5 -0.5 -0.5 1.5 1.5 ];
sentences = {'37886' '06251' '85813' '51195' '68271' '89364' '44697' '50976' '90013' '12339' '02737' '21080' '33528' '23448' '15952' '44529' '69444' '77705' '76600' '98162' };
offsets = [64224 16879 56391 57937 9595 19402 73254 63663 50322 58727 34696 71634 26301 54925 29317 45452 37408 71431 37695 51167 ];

