target=0.50;discardreversals=2;startvalue=0.00;steps=[4  2  1];selfservice=0;
threshold = [-3.50 ];
values = [0.00 -6.00 4.00 -1.00 -1.50 -3.00 -3.50 -4.00 -3.50 -3.00 -4.50 -3.00 -2.50 -2.00 -4.50 -2.00 -2.50 -4.00 -3.50 -1.00 ];
reversals = [0 1 -1 0 0 0 0 1 0 -1 1 0 0 -1 1 -1 0 1 0 -1 ];
measures = [0 0 0 0 0 0 0 1 1 1 1 1 1 1 1 1 1 1 1 1 ];
presentations = [1 2 3 4 5 6 7 8 9 10 11 12 13 14 15 16 17 18 19 20 ];
answers = [4 0 5 3 4 3 3 2 2 4 1 2 2 5 0 3 4 2 0 5 ];
adjustments = [-6 10 -5 -0.5 -1.5 -0.5 -0.5 0.5 0.5 -1.5 1.5 0.5 0.5 -2.5 2.5 -0.5 -1.5 0.5 2.5 -2.5 ];
sentences = {'51779' '31601' '59026' '03262' '80338' '15149' '39994' '18502' '90790' '43285' '77974' '48835' '67850' '94067' '24318' '72141' '05413' '82487' '66553' '26626' };
offsets = [3702 14802 6837 32279 5847 10389 21412 23012 9685 19990 13521 27077 6184 9597 6693 7799 15380 1564 12327 13580 ];

