target=0.50;discardreversals=2;startvalue=0.00;steps=[4  2  1];selfservice=0;
threshold = [0.00 ];
values = [0.00 10.00 0.00 -5.00 0.00 -2.50 0.00 -2.50 -1.00 -0.50 -2.00 -0.50 1.00 2.50 1.00 1.50 1.00 1.50 1.00 -0.50 ];
reversals = [0 -1 0 1 -1 1 -1 1 0 -1 1 0 0 -1 1 -1 1 -1 0 0 ];
measures = [0 0 0 0 1 1 1 1 1 1 1 1 1 1 1 1 1 1 1 1 ];
presentations = [1 2 3 4 5 6 7 8 9 10 11 12 13 14 15 16 17 18 19 20 ];
answers = [0 5 5 0 5 0 5 1 2 4 1 1 1 4 2 3 2 3 4 4 ];
adjustments = [10 -10 -5 5 -2.5 2.5 -2.5 1.5 0.5 -1.5 1.5 1.5 1.5 -1.5 0.5 -0.5 0.5 -0.5 -1.5 -1.5 ];
sentences = {'39994' '67850' '68271' '76600' '90013' '15952' '05413' '43285' '51195' '44529' '51779' '18502' '23448' '80338' '72141' '94067' '89364' '37886' '26626' '02737' };
offsets = [10595 5420 35225 17453 18001 6821 17872 14389 4729 32154 2481 20348 23382 6852 12238 22457 22872 273 1865 14717 ];

