target=0.50;discardreversals=2;startvalue=0.00;steps=[4  2  1];selfservice=0;
threshold = [0.50 ];
values = [0.00 2.00 8.00 -2.00 -7.00 -2.00 0.50 -1.00 0.50 2.00 -0.50 -1.00 -0.50 1.00 1.50 3.00 1.50 -1.00 -1.50 1.00 ];
reversals = [0 0 -1 0 1 0 -1 1 0 -1 0 1 0 0 0 -1 0 0 1 -1 ];
measures = [0 0 0 0 0 0 1 1 1 1 1 1 1 1 1 1 1 1 1 1 ];
presentations = [1 2 3 4 5 6 7 8 9 10 11 12 13 14 15 16 17 18 19 20 ];
answers = [2 1 5 5 0 0 4 1 1 5 3 2 1 2 1 4 5 3 0 3 ];
adjustments = [2 6 -10 -5 5 2.5 -1.5 1.5 1.5 -2.5 -0.5 0.5 1.5 0.5 1.5 -1.5 -2.5 -0.5 2.5 -0.5 ];
sentences = {'09216' '98162' '69444' '65555' '34994' '18348' '23081' '47173' '12339' '44697' '51437' '21080' '33528' '92629' '70762' '85813' '06251' '86800' '77705' '50976' };
offsets = [18681 23064 4505 5718 4096 17166 1717 9984 8799 13763 24651 4703 20849 9217 388 12039 4971 19193 2318 12179 ];

