target=0.50;discardreversals=2;startvalue=0.00;steps=[4  2  1];selfservice=0;
threshold = [1.00 ];
values = [0.00 10.00 0.00 -1.00 2.00 3.50 2.00 -0.50 -2.00 -1.50 -1.00 -3.50 -1.00 -0.50 2.00 2.50 1.00 2.50 2.00 0.50 ];
reversals = [0 -1 0 1 0 -1 0 0 1 0 -1 1 0 0 0 -1 1 -1 0 0 ];
measures = [0 0 0 0 0 1 1 1 1 1 1 1 1 1 1 1 1 1 1 1 ];
presentations = [1 2 3 4 5 6 7 8 9 10 11 12 13 14 15 16 17 18 19 20 ];
answers = [0 5 3 1 1 4 5 4 2 2 5 0 2 0 2 4 1 3 4 3 ];
adjustments = [10 -10 -1 3 1.5 -1.5 -2.5 -1.5 0.5 0.5 -2.5 2.5 0.5 2.5 0.5 -1.5 1.5 -0.5 -1.5 -0.5 ];
sentences = {'51437' '39994' '94067' '67850' '70762' '47173' '26626' '05413' '65555' '92629' '09216' '72141' '34994' '80338' '86800' '18502' '23081' '18348' '43285' '51779' };
offsets = [20476 14112 19642 15457 544 6431 27517 2330 5268 26695 5150 906 28662 17186 27307 212 2230 9860 12358 10315 ];

