target=0.50;discardreversals=2;startvalue=0.00;steps=[4  2  1];selfservice=0;
threshold = [-1.50 ];
values = [0.00 -6.00 4.00 1.00 -0.50 -1.00 -3.50 -5.00 -2.50 -1.00 0.50 -2.00 -1.50 -4.00 -3.50 -3.00 -1.50 1.00 -0.50 -1.00 ];
reversals = [0 1 -1 0 0 0 0 1 0 0 -1 1 -1 1 0 0 0 -1 0 1 ];
measures = [0 0 0 0 0 0 0 1 1 1 1 1 1 1 1 1 1 1 1 1 ];
presentations = [1 2 3 4 5 6 7 8 9 10 11 12 13 14 15 16 17 18 19 20 ];
answers = [4 0 4 4 3 5 4 0 1 1 5 2 5 2 2 1 0 4 3 2 ];
adjustments = [-6 10 -3 -1.5 -0.5 -2.5 -1.5 2.5 1.5 1.5 -2.5 0.5 -2.5 0.5 0.5 1.5 2.5 -1.5 -0.5 0.5 ];
sentences = {'18348' '34226' '46393' '70762' '47173' '82009' '63558' '10681' '51417' '29744' '65555' '95162' '09216' '51437' '07970' '78835' '34994' '86800' '23081' '92629' };
offsets = [14106 21450 12371 611 35151 25944 17562 1065 15574 12162 1172 9878 5746 18775 32279 33900 2609 13604 28966 7791 ];

