target=0.50;discardreversals=2;startvalue=0.00;steps=[4  2  1];selfservice=0;
threshold = [-2.50 ];
values = [0.00 6.00 -4.00 -3.00 -0.50 0.00 -1.50 -3.00 -1.50 -3.00 -1.50 -4.00 -4.50 -3.00 -4.50 -2.00 -3.50 -4.00 -1.50 -2.00 ];
reversals = [0 -1 1 0 0 -1 0 1 -1 1 -1 0 1 -1 1 -1 0 1 -1 1 ];
measures = [0 0 0 0 0 1 1 1 1 1 1 1 1 1 1 1 1 1 1 1 ];
presentations = [1 2 3 4 5 6 7 8 9 10 11 12 13 14 15 16 17 18 19 20 ];
answers = [1 5 2 0 2 4 4 1 4 1 5 3 1 4 0 4 3 0 3 2 ];
adjustments = [6 -10 1 2.5 0.5 -1.5 -1.5 1.5 -1.5 1.5 -2.5 -0.5 1.5 -1.5 2.5 -1.5 -0.5 2.5 -0.5 0.5 ];
sentences = {'47048' '87713' '52988' '76802' '61793' '89135' '03676' '00456' '70565' '33980' '95569' '52277' '24621' '66127' '91451' '35209' '29394' '18314' '48832' '14040' };
offsets = [2014585 3106959 3011065 959664 1300288 4522373 1186934 1935689 778181 4289503 3094334 582732 4716028 876600 1913590 603901 3035307 2688200 4747163 4228619 ];

