target=0.50;discardreversals=2;startvalue=0.00;steps=[4  2  1];selfservice=0;
threshold = [-9.50 ];
values = [5.00 -1.00 -11.00 -1.00 -4.00 -5.50 -7.00 -9.50 -10.00 -11.50 -14.00 -11.50 -9.00 -10.50 -9.00 -9.50 -10.00 -9.50 -9.00 -9.50 ];
reversals = [0 0 1 -1 0 0 0 0 0 0 1 0 -1 1 -1 0 1 0 -1 0 ];
measures = [0 0 0 0 0 0 0 0 0 0 1 1 1 1 1 1 1 1 1 1 ];
presentations = [1 2 3 4 5 6 7 8 9 10 11 12 13 14 15 16 17 18 19 20 ];
answers = [4 5 0 4 4 4 5 3 4 5 0 0 4 1 3 3 2 2 3 4 ];
adjustments = [-6 -10 10 -3 -1.5 -1.5 -2.5 -0.5 -1.5 -2.5 2.5 2.5 -1.5 1.5 -0.5 -0.5 0.5 0.5 -0.5 -1.5 ];
sentences = {'89364' '22336' '36514' '23448' '69009' '68271' '90013' '54841' '44529' '37886' '93692' '15952' '08168' '02737' '70287' '87470' '11755' '45923' '76600' '51195' };
offsets = [75378 45870 6041 11018 61435 17973 19840 48265 57167 79286 49197 39275 1434 20551 34526 20891 73571 72426 82224 50558 ];

