target=0.50;discardreversals=2;startvalue=0.00;steps=[4  2  1];selfservice=0;
threshold = [-3.50 ];
values = [0.00 -10.00 0.00 -3.00 -4.50 -6.00 -3.50 -4.00 -2.50 -3.00 -3.50 -1.00 -0.50 -1.00 -3.50 -5.00 -4.50 -2.00 -3.50 -1.00 ];
reversals = [0 1 -1 0 0 1 -1 1 -1 0 1 0 -1 0 0 1 0 -1 1 -1 ];
measures = [0 0 0 0 0 1 1 1 1 1 1 1 1 1 1 1 1 1 1 1 ];
presentations = [1 2 3 4 5 6 7 8 9 10 11 12 13 14 15 16 17 18 19 20 ];
answers = [5 0 4 4 4 0 3 1 3 3 0 2 3 5 4 2 0 4 0 4 ];
adjustments = [-10 10 -3 -1.5 -1.5 2.5 -0.5 1.5 -0.5 -0.5 2.5 0.5 -0.5 -2.5 -1.5 0.5 2.5 -1.5 2.5 -1.5 ];
sentences = {'03676' '44529' '02737' '15952' '91451' '68271' '52988' '48832' '76600' '66127' '37886' '14040' '87713' '35209' '51195' '23448' '89364' '70565' '90013' '29394' };
offsets = [1932951 1459810 3368897 4787490 3148877 3332136 1664992 4231322 4354350 2074513 349958 1392170 4430118 3560253 2491272 4523966 1975961 4056131 2934797 3359868 ];

