target=0.50;discardreversals=2;startvalue=0.00;steps=[4  2  1];selfservice=0;
threshold = [-7.00 ];
values = [0.00 -6.00 -12.00 -22.00 -12.00 -11.00 -6.00 -5.00 -10.00 -9.50 -7.00 -7.50 -8.00 -7.50 -7.00 -6.50 -4.00 -5.50 -3.00 -2.50 ];
reversals = [0 0 0 1 0 0 0 -1 1 0 -1 0 1 0 0 0 -1 1 0 0 ];
measures = [0 0 0 0 0 0 0 0 1 1 1 1 1 1 1 1 1 1 1 1 ];
presentations = [1 2 3 4 5 6 7 8 9 10 11 12 13 14 15 16 17 18 19 20 ];
answers = [4 4 5 0 2 0 2 5 2 0 3 3 2 2 2 0 4 0 2 2 ];
adjustments = [-6 -6 -10 10 1 5 1 -5 0.5 2.5 -0.5 -0.5 0.5 0.5 0.5 2.5 -1.5 2.5 0.5 0.5 ];
sentences = {'52277' '22336' '70287' '87470' '89135' '08168' '47048' '00456' '93692' '54841' '95569' '33980' '24621' '11755' '69009' '45923' '61793' '76802' '36514' '18314' };
offsets = [4048195 880033 2032910 312000 4373799 3969674 3635311 834774 2478893 3623105 3577012 96366 4231769 3201144 1130130 269762 2346419 1400155 3610058 1758827 ];

