target=0.50;discardreversals=2;startvalue=0.00;steps=[4  2  1];selfservice=0;
threshold = [-1.00 ];
values = [0.00 -6.00 4.00 3.00 0.50 -1.00 -1.50 -2.00 0.50 1.00 -0.50 -1.00 0.50 1.00 -0.50 -1.00 -2.50 -4.00 -3.50 -1.00 ];
reversals = [0 1 -1 0 0 0 0 1 0 -1 0 1 0 -1 0 0 0 1 0 -1 ];
measures = [0 0 0 0 0 0 0 1 1 1 1 1 1 1 1 1 1 1 1 1 ];
presentations = [1 2 3 4 5 6 7 8 9 10 11 12 13 14 15 16 17 18 19 20 ];
answers = [4 0 3 5 4 3 3 0 2 4 3 1 2 4 3 4 4 2 0 3 ];
adjustments = [-6 10 -1 -2.5 -1.5 -0.5 -0.5 2.5 0.5 -1.5 -0.5 1.5 0.5 -1.5 -0.5 -1.5 -1.5 0.5 2.5 -0.5 ];
sentences = {'51437' '59026' '18348' '66553' '70762' '23081' '90790' '34994' '09216' '24318' '86800' '15149' '65555' '31601' '03262' '92629' '82487' '48835' '47173' '77974' };
offsets = [3365 20530 10835 20882 247 3764 1211 14194 45054 2908 35070 7602 5409 5192 23646 3397 19720 23517 11023 18980 ];

