target=0.50;discardreversals=2;startvalue=0.00;steps=[4  2  1];selfservice=0;
threshold = [-1.50 ];
values = [0.00 2.00 -8.00 -3.00 -0.50 1.00 0.50 2.00 -0.50 -2.00 -1.50 -2.00 0.50 3.00 0.50 -2.00 -1.50 -3.00 -0.50 0.00 ];
reversals = [0 -1 1 0 0 -1 1 -1 0 1 -1 1 0 -1 0 1 -1 1 0 0 ];
measures = [0 0 0 0 0 1 1 1 1 1 1 1 1 1 1 1 1 1 1 1 ];
presentations = [1 2 3 4 5 6 7 8 9 10 11 12 13 14 15 16 17 18 19 20 ];
answers = [2 5 0 0 1 3 1 5 4 2 3 0 0 5 5 2 4 0 2 0 ];
adjustments = [2 -10 5 2.5 1.5 -0.5 1.5 -2.5 -1.5 0.5 -0.5 2.5 2.5 -2.5 -2.5 0.5 -1.5 2.5 0.5 2.5 ];
sentences = {'18348' '51437' '52988' '87713' '86800' '91451' '35209' '70565' '23081' '66127' '29394' '92629' '47173' '34994' '09216' '03676' '70762' '14040' '65555' '48832' };
offsets = [12543 6814 12415 529 13205 18878 1051 5127 4385 27709 3382 28919 7733 16004 9244 35910 631 9584 995 9561 ];

