target=0.50;discardreversals=2;startvalue=0.00;steps=[4  2  1];selfservice=0;
threshold = [6.00 ];
values = [0.00 10.00 0.00 5.00 4.50 7.00 6.50 7.00 5.50 8.00 5.50 5.00 6.50 8.00 6.50 4.00 5.50 8.00 5.50 5.00 ];
reversals = [0 -1 1 -1 1 -1 1 -1 1 -1 0 1 0 -1 0 1 0 -1 0 1 ];
measures = [0 0 0 1 1 1 1 1 1 1 1 1 1 1 1 1 1 1 1 1 ];
presentations = [1 2 3 4 5 6 7 8 9 10 11 12 13 14 15 16 17 18 19 20 ];
answers = [0 5 0 3 0 3 2 4 0 5 3 1 1 4 5 1 0 5 3 2 ];
adjustments = [10 -10 5 -0.5 2.5 -0.5 0.5 -1.5 2.5 -2.5 -0.5 1.5 1.5 -1.5 -2.5 1.5 2.5 -2.5 -0.5 0.5 ];
sentences = {'72141' '51779' '89135' '18314' '43285' '24621' '39994' '52277' '47048' '05413' '95569' '94067' '33980' '76802' '80338' '26626' '67850' '61793' '00456' '18502' };
offsets = [3371873 117842 1199493 4747152 1581980 1473557 2165731 3046609 356456 2828860 1067856 3226494 4134318 3992649 1230986 1290828 2929500 445269 4491269 3388292 ];

