target=0.50;discardreversals=2;startvalue=0.00;steps=[4  2  1];selfservice=0;
threshold = [7.00 ];
values = [5.00 15.00 5.00 2.00 7.00 5.50 5.00 3.50 4.00 6.50 9.00 6.50 4.00 1.50 4.00 6.50 7.00 6.50 5.00 7.50 ];
reversals = [0 -1 0 1 -1 0 0 1 0 0 -1 0 0 1 0 0 -1 0 1 -1 ];
measures = [0 0 0 0 1 1 1 1 1 1 1 1 1 1 1 1 1 1 1 1 ];
presentations = [1 2 3 4 5 6 7 8 9 10 11 12 13 14 15 16 17 18 19 20 ];
answers = [0 5 4 0 4 3 4 2 0 0 5 5 5 0 0 2 3 4 0 4 ];
adjustments = [10 -10 -3 5 -1.5 -0.5 -1.5 0.5 2.5 2.5 -2.5 -2.5 -2.5 2.5 2.5 0.5 -0.5 -1.5 2.5 -1.5 ];
sentences = {'22336' '02737' '90013' '51195' '68271' '45923' '69009' '37886' '87470' '89364' '93692' '08168' '70287' '54841' '23448' '36514' '15952' '76600' '44529' '11755' };
offsets = [30527 78041 35 78989 40347 72625 15414 65912 41534 7434 61508 19292 62137 9750 37278 26226 11229 38312 4160 63411 ];

