target=0.50;discardreversals=2;startvalue=0.00;steps=[4  2  1];selfservice=0;
threshold = [-0.75 ];
values = [0.00 10.00 4.00 -1.00 -4.00 1.00 1.50 1.00 0.50 -2.00 0.50 -2.00 0.50 -2.00 -0.50 0.00 2.50 1.00 0.50 -2.00 ];
reversals = [0 -1 0 0 1 0 -1 0 0 1 -1 1 -1 1 0 0 -1 0 0 1 ];
measures = [0 0 0 0 0 0 1 1 1 1 1 1 1 1 1 1 1 1 1 1 ];
presentations = [1 2 3 4 5 6 7 8 9 10 11 12 13 14 15 16 17 18 19 20 ];
answers = [0 4 5 4 0 2 3 3 5 0 5 0 5 1 2 0 4 3 5 2 ];
adjustments = [10 -6 -5 -3 5 0.5 -0.5 -0.5 -2.5 2.5 -2.5 2.5 -2.5 1.5 0.5 2.5 -1.5 -0.5 -2.5 0.5 ];
sentences = {'76802' '47173' '00456' '09216' '51437' '34994' '89135' '24621' '70762' '61793' '23081' '95569' '65555' '47048' '86800' '92629' '18348' '33980' '18314' '52277' };
offsets = [714901 1192029 1062196 4364290 3209494 4690622 4564770 3491519 1643177 2827680 3106709 4015424 2226670 846259 1804327 4331838 906865 3731213 4352582 3760635 ];

