target=0.50;discardreversals=2;startvalue=0.00;steps=[4  2  1];selfservice=0;
threshold = [6.00 ];
values = [0.00 10.00 0.00 5.00 3.50 6.00 6.50 6.00 4.50 6.00 5.50 4.00 5.50 7.00 6.50 7.00 5.50 3.00 5.50 6.00 ];
reversals = [0 -1 1 -1 1 0 -1 0 1 -1 0 1 0 -1 1 -1 0 1 0 -1 ];
measures = [0 0 0 1 1 1 1 1 1 1 1 1 1 1 1 1 1 1 1 1 ];
presentations = [1 2 3 4 5 6 7 8 9 10 11 12 13 14 15 16 17 18 19 20 ];
answers = [0 5 0 4 0 2 3 4 1 3 4 1 1 3 2 4 5 0 2 4 ];
adjustments = [10 -10 5 -1.5 2.5 0.5 -0.5 -1.5 1.5 -0.5 -1.5 1.5 1.5 -0.5 0.5 -1.5 -2.5 2.5 0.5 -1.5 ];
sentences = {'70762' '09216' '68271' '23081' '02737' '65555' '51195' '18348' '23448' '89364' '37886' '86800' '34994' '47173' '44529' '92629' '90013' '51437' '76600' '15952' };
offsets = [562 38893 20241 29744 17526 9291 5950 14544 7946 4211 1733 23736 16982 2058 859 5945 9997 22914 22311 5351 ];

