target=0.50;discardreversals=2;startvalue=0.00;steps=[4  2  1];selfservice=0;
threshold = [-4.25 ];
values = [0.00 -10.00 0.00 -5.00 -2.50 -5.00 -3.50 -1.00 -2.50 -3.00 -4.50 -2.00 -4.50 -4.00 -5.50 -4.00 -5.50 -5.00 -2.50 -4.00 ];
reversals = [0 1 -1 1 -1 1 0 -1 0 0 1 -1 1 -1 1 -1 1 0 -1 0 ];
measures = [0 0 0 1 1 1 1 1 1 1 1 1 1 1 1 1 1 1 1 1 ];
presentations = [1 2 3 4 5 6 7 8 9 10 11 12 13 14 15 16 17 18 19 20 ];
answers = [5 0 5 0 5 1 0 4 3 4 0 5 2 4 1 4 2 0 4 3 ];
adjustments = [-10 10 -5 2.5 -2.5 1.5 2.5 -1.5 -0.5 -1.5 2.5 -2.5 0.5 -1.5 1.5 -1.5 0.5 2.5 -1.5 -0.5 ];
sentences = {'51417' '91451' '87713' '29394' '29744' '48832' '82009' '70565' '63558' '07970' '66127' '10681' '52988' '03676' '95162' '78835' '14040' '35209' '46393' '34226' };
offsets = [8796 27656 9792 8219 8538 24567 15343 10239 5401 20877 20212 15500 1702 5717 11723 4856 7785 6517 20675 21073 ];

