target=0.50;discardreversals=2;startvalue=0.00;steps=[4  2  1];selfservice=0;
%parameters=icra5.250,65,re
threshold = [-13.00 ];
values = [0.00 -6.00 -4.00 -5.00 -6.50 -9.00 -11.50 -13.00 -10.50 -9.00 -8.50 -8.00 -7.50 -9.00 -11.50 -13.00 -11.50 -13.00 -12.50 -13.00 ];
reversals = [0 1 -1 0 0 0 0 1 0 0 0 0 -1 0 0 1 -1 1 -1 1 ];
measures = [0 0 0 0 0 0 0 1 1 1 1 1 1 1 1 1 1 1 1 1 ];
presentations = [1 2 3 4 5 6 7 8 9 10 11 12 13 14 15 16 17 18 19 20 ];
answers = [4 2 3 4 5 5 4 0 1 2 2 2 4 5 4 1 4 2 3 0 ];
adjustments = [-6 2 -1 -1.5 -2.5 -2.5 -1.5 2.5 1.5 0.5 0.5 0.5 -1.5 -2.5 -1.5 1.5 -1.5 0.5 -0.5 2.5 ];
sentences = {'31601' '15149' '82487' '48835' '05413' '26626' '67850' '51779' '03262' '90790' '43285' '80338' '94067' '18502' '39994' '77974' '72141' '59026' '24318' '66553' };
offsets = [578028 4546797 837253 4508872 13165 4290523 2579072 1284548 4257341 1210267 4214847 2603551 66001 3537538 4260804 2558472 519494 1079341 1060035 710020 ];

