target=0.50;discardreversals=2;startvalue=0.00;steps=[4  2  1];selfservice=0;
%parameters=icra1,38
threshold = [0.50 ];
values = [0.00 10.00 0.00 1.00 2.50 0.00 1.50 2.00 0.50 -1.00 0.50 0.00 0.50 1.00 1.50 1.00 3.50 1.00 -0.50 0.00 ];
reversals = [0 -1 1 0 -1 1 0 -1 0 1 -1 1 0 0 -1 1 -1 0 1 -1 ];
measures = [0 0 0 0 1 1 1 1 1 1 1 1 1 1 1 1 1 1 1 1 ];
presentations = [1 2 3 4 5 6 7 8 9 10 11 12 13 14 15 16 17 18 19 20 ];
answers = [0 5 2 1 5 1 2 4 4 1 3 2 2 2 3 0 5 4 2 5 ];
adjustments = [10 -10 1 1.5 -2.5 1.5 0.5 -1.5 -1.5 1.5 -0.5 0.5 0.5 0.5 -0.5 2.5 -2.5 -1.5 0.5 -2.5 ];
sentences = {'99308' '69444' '16140' '77705' '03491' '85813' '74972' '50976' '98162' '44697' '21080' '55025' '87263' '30757' '12339' '41634' '68819' '33528' '22586' '06251' };
offsets = [20143 11652 13885 11007 27439 18987 23798 13590 18855 18973 14390 13610 9509 2311 7253 28257 12200 15250 6502 41205 ];

