target=0.50;discardreversals=2;startvalue=0.00;steps=[4  2  1];selfservice=0;
%parameters=icra1,48
threshold = [-3.50 ];
values = [0.00 -6.00 4.00 -1.00 -3.50 -6.00 -5.50 -3.00 -1.50 -2.00 -3.50 -1.00 -2.50 -4.00 -1.50 -3.00 -3.50 -4.00 -3.50 -4.00 ];
reversals = [0 1 -1 0 0 1 0 0 -1 0 1 -1 0 1 -1 0 0 1 -1 1 ];
measures = [0 0 0 0 0 1 1 1 1 1 1 1 1 1 1 1 1 1 1 1 ];
presentations = [1 2 3 4 5 6 7 8 9 10 11 12 13 14 15 16 17 18 19 20 ];
answers = [4 0 5 5 5 2 0 1 3 4 0 4 4 0 4 3 3 2 3 1 ];
adjustments = [-6 10 -5 -2.5 -2.5 0.5 2.5 1.5 -0.5 -1.5 2.5 -1.5 -1.5 2.5 -1.5 -0.5 -0.5 0.5 -0.5 1.5 ];
sentences = {'43285' '05413' '24318' '94067' '15149' '03262' '82487' '77974' '18502' '48835' '31601' '80338' '72141' '39994' '26626' '90790' '59026' '51779' '67850' '66553' };
offsets = [18378 14846 27369 24946 4857 27865 4917 25261 21432 33884 23179 22704 502 8591 5592 6928 6585 18003 9333 836 ];

