target=0.75;minreversals=12;discardreversals=4;minmeasures=14;startvalue=70.00;steps=[8  8  4  2];feedback=0;
%parameters=0750
threshold = [27.00 ];
threshold_dB_HL = [24.60 ];
threshold_dB_SPL = [27.00 ];
values = [70.00 62.00 54.00 46.00 38.00 30.00 22.00 14.00 14.00 14.00 38.00 38.00 38.00 38.00 38.00 30.00 30.00 30.00 30.00 30.00 30.00 26.00 26.00 26.00 26.00 22.00 34.00 32.00 32.00 32.00 32.00 30.00 30.00 30.00 30.00 30.00 30.00 30.00 28.00 26.00 24.00 24.00 30.00 30.00 30.00 30.00 30.00 30.00 30.00 30.00 30.00 30.00 30.00 30.00 28.00 28.00 28.00 26.00 24.00 22.00 22.00 20.00 20.00 20.00 26.00 26.00 26.00 24.00 24.00 30.00 28.00 36.00 36.00 36.00 36.00 36.00 36.00 34.00 32.00 32.00 32.00 30.00 30.00 30.00 ];
reversals = [0 0 0 0 0 0 0 0 0 1 0 0 0 0 -1 0 0 0 0 0 0 0 0 0 0 1 -1 0 0 0 0 0 0 0 0 0 0 0 0 0 0 1 0 0 0 0 0 0 0 0 0 0 0 -1 0 0 0 0 0 0 0 0 0 1 0 0 -1 0 1 -1 1 0 0 0 0 0 -1 0 0 0 0 0 0 0 ];
measures = [0 0 0 0 0 0 0 0 0 0 0 0 0 0 0 0 0 0 0 0 0 0 0 0 0 0 0 0 0 0 0 0 0 0 0 0 0 0 0 0 0 1 1 1 1 1 1 1 1 1 1 1 1 1 1 1 1 1 1 1 1 1 1 1 1 1 1 1 1 1 1 1 1 1 1 1 1 1 1 1 1 1 1 1 ];
presentations = [1 1 1 1 1 1 1 0 0 1 0 0 0 0 1 0 0 0 0 0 1 0 0 0 1 1 1 0 0 0 1 0 0 0 0 0 0 1 1 1 0 1 0 0 0 0 0 0 0 0 0 0 0 1 0 0 1 1 1 0 1 0 0 1 0 0 1 0 1 1 0 0 0 0 0 0 1 1 0 0 1 0 0 1 ];
answers = [1 1 1 1 1 1 1 0 0 0 0 0 0 0 1 0 0 0 0 0 1 0 0 0 1 0 1 0 0 0 1 0 0 0 0 0 0 1 1 1 0 0 0 0 0 0 0 0 0 0 0 0 0 1 0 0 1 1 1 0 1 0 0 0 0 0 1 0 0 1 1 0 0 0 0 0 1 1 0 0 1 0 0 1 ];
adjustments = [-8 -8 -8 -8 -8 -8 -8 0 0 24 0 0 0 0 -8 0 0 0 0 0 -4 0 0 0 -4 12 -2 0 0 0 -2 0 0 0 0 0 0 -2 -2 -2 0 6 0 0 0 0 0 0 0 0 0 0 0 -2 0 0 -2 -2 -2 0 -2 0 0 6 0 0 -2 0 6 -2 8 0 0 0 0 0 -2 -2 0 0 -2 0 0 -2 ];

