target=0.50;discardreversals=2;startvalue=0.00;steps=[4  2  1];selfservice=0;
%parameters=icra5.250,65
threshold = [-10.25 ];
values = [0.00 -2.00 -4.00 -10.00 -8.00 -5.00 -10.00 -8.50 -10.00 -8.50 -11.00 -11.50 -12.00 -10.50 -11.00 -11.50 -13.00 -13.50 -11.00 -11.50 ];
reversals = [0 0 0 1 0 -1 1 -1 1 -1 0 0 1 -1 0 0 0 1 -1 0 ];
measures = [0 0 0 0 0 0 1 1 1 1 1 1 1 1 1 1 1 1 1 1 ];
presentations = [1 2 3 4 5 6 7 8 9 10 11 12 13 14 15 16 17 18 19 20 ];
answers = [3 3 4 2 1 5 1 4 1 5 3 3 1 3 3 4 3 0 3 4 ];
adjustments = [-2 -2 -6 2 3 -5 1.5 -1.5 1.5 -2.5 -0.5 -0.5 1.5 -0.5 -0.5 -1.5 -0.5 2.5 -0.5 -1.5 ];
sentences = {'77705' '12339' '11755' '45923' '44697' '85813' '69444' '98162' '54841' '69009' '33528' '06251' '93692' '87470' '50976' '21080' '22336' '36514' '08168' '70287' };
offsets = [350751 854680 2670127 3738859 2803038 3984885 4022504 2357262 3332841 1437408 850179 2540622 1772505 172211 3395933 4167859 1758829 2061642 3638070 1119519 ];

