target=0.50;discardreversals=2;startvalue=0.00;steps=[4  2  1];selfservice=0;
%parameters=quiet,65
threshold = [-34.00 ];
values = [0.00 -10.00 -20.00 -30.00 -40.00 -30.00 -35.00 -37.50 -35.00 -33.50 -35.00 -33.50 -31.00 -33.50 -34.00 -31.50 -33.00 -35.50 -37.00 -35.50 ];
reversals = [0 0 0 0 1 -1 0 1 0 -1 1 0 -1 0 1 -1 0 0 1 0 ];
measures = [0 0 0 0 0 0 0 1 1 1 1 1 1 1 1 1 1 1 1 1 ];
presentations = [1 2 3 4 5 6 7 8 9 10 11 12 13 14 15 16 17 18 19 20 ];
answers = [5 5 5 5 0 5 5 0 1 4 1 0 5 3 0 4 5 4 1 1 ];
adjustments = [-10 -10 -10 -10 10 -5 -2.5 2.5 1.5 -1.5 1.5 2.5 -2.5 -0.5 2.5 -1.5 -2.5 -1.5 1.5 1.5 ];
sentences = {'51437' '47173' '65555' '51417' '07970' '18348' '70762' '09216' '78835' '23081' '10681' '34226' '92629' '29744' '34994' '82009' '95162' '46393' '63558' '86800' };
offsets = [24705 79881 3767 81545 3148 71181 55625 83557 37480 74803 31538 58958 77149 66883 59378 42750 48914 3670 65192 66302 ];

