target=0.50;discardreversals=2;startvalue=0.00;steps=[4  2  1];selfservice=0;
%parameters=icra5.250,65,train
threshold = [-5.25 ];
values = [0.00 -2.00 0.00 -5.00 -5.50 -6.00 -6.50 -4.00 -5.50 -7.00 -7.50 -8.00 -6.50 -5.00 -3.50 -4.00 -5.50 -7.00 -8.50 -10.00 ];
reversals = [0 1 -1 0 0 0 1 -1 0 0 0 1 0 0 -1 0 0 0 0 0 ];
measures = [0 0 0 0 0 0 1 1 1 1 1 1 1 1 1 1 1 1 1 1 ];
presentations = [1 2 3 4 5 6 7 8 9 10 11 12 13 14 15 16 17 18 19 20 ];
answers = [3 2 5 3 3 3 0 4 4 3 3 1 1 1 3 4 4 4 4 3 ];
adjustments = [-2 2 -5 -0.5 -0.5 -0.5 2.5 -1.5 -1.5 -0.5 -0.5 1.5 1.5 1.5 -0.5 -1.5 -1.5 -1.5 -1.5 -0.5 ];
sentences = {'36514' '06251' '11755' '33528' '22336' '69444' '12339' '85813' '69009' '98162' '45923' '08168' '93692' '77705' '44697' '54841' '50976' '21080' '87470' '70287' };
offsets = [553560 3495936 2434707 1642600 4545378 1058077 23220 3685153 53541 4235759 2726859 3793195 585378 3580105 4639436 3169856 2347664 537707 2482301 1998129 ];

