target=0.50;discardreversals=2;startvalue=0.00;steps=[4  2  1];selfservice=0;
%parameters=icra1,65
threshold = [-4.75 ];
values = [0.00 -10.00 0.00 -5.00 -3.50 -3.00 -3.50 -5.00 -2.50 -5.00 -5.50 -5.00 -4.50 -6.00 -4.50 -5.00 -3.50 -5.00 -5.50 -4.00 ];
reversals = [0 1 -1 1 0 -1 0 1 -1 0 1 0 -1 1 -1 1 -1 0 1 -1 ];
measures = [0 0 0 1 1 1 1 1 1 1 1 1 1 1 1 1 1 1 1 1 ];
presentations = [1 2 3 4 5 6 7 8 9 10 11 12 13 14 15 16 17 18 19 20 ];
answers = [5 0 5 1 2 3 4 0 5 3 2 2 4 1 3 1 4 3 1 5 ];
adjustments = [-10 10 -5 1.5 0.5 -0.5 -1.5 2.5 -2.5 -0.5 0.5 0.5 -1.5 1.5 -0.5 1.5 -1.5 -0.5 1.5 -2.5 ];
sentences = {'12339' '77974' '50976' '77705' '03262' '59026' '44697' '33528' '48835' '21080' '15149' '69444' '85813' '66553' '06251' '31601' '90790' '24318' '98162' '82487' };
offsets = [381 28210 24460 17161 74 300 14238 32984 35230 2213 7733 20353 4014 23368 4434 28161 10072 3238 9253 6507 ];

