target=0.50;discardreversals=2;startvalue=0.00;steps=[4  2  1];selfservice=0;
%parameters=icra1,65,re
threshold = [-4.50 ];
values = [0.00 -6.00 4.00 -1.00 -3.50 -4.00 -3.50 -5.00 -4.50 -4.00 -6.50 -4.00 -6.50 -5.00 -4.50 -7.00 -4.50 -5.00 -6.50 -7.00 ];
reversals = [0 1 -1 0 0 1 -1 1 0 -1 1 -1 1 0 -1 1 -1 0 0 1 ];
measures = [0 0 0 0 0 1 1 1 1 1 1 1 1 1 1 1 1 1 1 1 ];
presentations = [1 2 3 4 5 6 7 8 9 10 11 12 13 14 15 16 17 18 19 20 ];
answers = [4 0 5 5 3 2 4 2 2 5 0 5 1 2 5 0 3 4 3 0 ];
adjustments = [-6 10 -5 -2.5 -0.5 0.5 -1.5 0.5 0.5 -2.5 2.5 -2.5 1.5 0.5 -2.5 2.5 -0.5 -1.5 -0.5 2.5 ];
sentences = {'36514' '59026' '31601' '03262' '77974' '90790' '48835' '45923' '15149' '82487' '70287' '87470' '69009' '24318' '66553' '54841' '93692' '08168' '22336' '11755' };
offsets = [36497 23213 28339 9622 5628 6412 31392 20820 9145 10679 19905 12660 9429 4508 10962 12836 20294 603 21946 5168 ];

