target=0.50;discardreversals=2;startvalue=0.00;steps=[4  2  1];selfservice=0;
%parameters=babble,65
threshold = [-2.00 ];
values = [0.00 -6.00 4.00 -1.00 -0.50 -2.00 -3.50 -2.00 -3.50 -1.00 -3.50 -4.00 -1.50 -4.00 -1.50 -1.00 0.50 -2.00 -3.50 -2.00 ];
reversals = [0 1 -1 1 -1 0 1 -1 1 -1 0 1 -1 1 0 0 -1 0 1 -1 ];
measures = [0 0 0 1 1 1 1 1 1 1 1 1 1 1 1 1 1 1 1 1 ];
presentations = [1 2 3 4 5 6 7 8 9 10 11 12 13 14 15 16 17 18 19 20 ];
answers = [4 0 5 2 4 4 1 4 0 5 3 0 5 0 2 1 5 4 1 4 ];
adjustments = [-6 10 -5 0.5 -1.5 -1.5 1.5 -1.5 2.5 -2.5 -0.5 2.5 -2.5 2.5 0.5 1.5 -2.5 -1.5 1.5 -1.5 ];
sentences = {'51437' '23081' '47173' '09216' '24621' '76802' '70762' '86800' '00456' '95569' '47048' '92629' '18314' '33980' '52277' '18348' '65555' '89135' '34994' '61793' };
offsets = [20099 8368 35495 12286 28061 18136 7662 3658 2026 7805 21806 26932 30026 22147 19617 10938 14585 6008 15131 26830 ];

