target=0.50;discardreversals=2;startvalue=0.00;steps=[4  2  1];selfservice=0;
%parameters=icra1,65,train
threshold = [-4.75 ];
values = [0.00 -10.00 0.00 -5.00 -2.50 -5.00 -7.50 -5.00 -3.50 -6.00 -3.50 -6.00 -4.50 -2.00 -4.50 -6.00 -4.50 -7.00 -4.50 -4.00 ];
reversals = [0 1 -1 1 -1 0 1 0 -1 1 -1 1 0 -1 0 1 -1 1 0 -1 ];
measures = [0 0 0 1 1 1 1 1 1 1 1 1 1 1 1 1 1 1 1 1 ];
presentations = [1 2 3 4 5 6 7 8 9 10 11 12 13 14 15 16 17 18 19 20 ];
answers = [5 0 5 0 5 5 0 1 5 0 5 1 0 5 4 1 5 0 2 5 ];
adjustments = [-10 10 -5 2.5 -2.5 -2.5 2.5 1.5 -2.5 2.5 -2.5 1.5 2.5 -2.5 -1.5 1.5 -2.5 2.5 0.5 -2.5 ];
sentences = {'87470' '35209' '22336' '66127' '11755' '52988' '48832' '29394' '87713' '03676' '54841' '69009' '08168' '93692' '14040' '36514' '91451' '45923' '70565' '70287' };
offsets = [7419 19157 27243 19448 7448 2976 31618 9183 12184 17710 243 20173 31757 11633 1441 22149 28165 3983 19028 19760 ];

