target=0.50;discardreversals=2;startvalue=0.00;steps=[4  2  1];selfservice=0;
threshold = [-3.50 ];
values = [0.00 -2.00 -4.00 -14.00 -4.00 1.00 -4.00 -1.50 -1.00 -2.50 -3.00 -4.50 -3.00 -5.50 -3.00 -4.50 -2.00 -3.50 -2.00 -3.50 ];
reversals = [0 0 0 1 0 -1 1 0 -1 0 0 1 -1 1 -1 1 -1 1 -1 1 ];
measures = [0 0 0 0 0 0 1 1 1 1 1 1 1 1 1 1 1 1 1 1 ];
presentations = [1 2 3 4 5 6 7 8 9 10 11 12 13 14 15 16 17 18 19 20 ];
answers = [3 3 5 0 0 5 0 2 4 3 4 1 5 0 4 0 4 1 4 0 ];
adjustments = [-2 -2 -10 10 5 -5 2.5 0.5 -1.5 -0.5 -1.5 1.5 -2.5 2.5 -1.5 2.5 -1.5 1.5 -1.5 2.5 ];
sentences = {'74972' '68819' '70565' '35209' '87263' '66127' '52988' '91451' '29394' '41634' '14040' '48832' '03491' '22586' '30757' '16140' '99308' '55025' '87713' '03676' };
offsets = [16923 5604 16607 9884 1536 27940 10629 11399 12364 37274 14221 23240 34424 10419 1209 8335 18598 16156 3202 23679 ];

