target=0.50;discardreversals=2;startvalue=0.00;steps=[4  2  1];selfservice=0;
threshold = [-4.50 ];
values = [0.00 -10.00 0.00 -5.00 -4.50 -6.00 -5.50 -5.00 -4.50 -7.00 -4.50 -6.00 -3.50 -5.00 -3.50 -6.00 -4.50 -5.00 -2.50 -3.00 ];
reversals = [0 1 -1 1 -1 1 0 0 -1 1 -1 1 -1 1 -1 1 -1 1 -1 1 ];
measures = [0 0 0 1 1 1 1 1 1 1 1 1 1 1 1 1 1 1 1 1 ];
presentations = [1 2 3 4 5 6 7 8 9 10 11 12 13 14 15 16 17 18 19 20 ];
answers = [5 0 5 2 4 2 2 2 5 0 4 0 4 1 5 1 3 0 3 2 ];
adjustments = [-10 10 -5 0.5 -1.5 0.5 0.5 0.5 -2.5 2.5 -1.5 2.5 -1.5 1.5 -2.5 1.5 -0.5 2.5 -0.5 0.5 ];
sentences = {'70565' '51195' '23448' '52988' '02737' '44529' '14040' '90013' '03676' '29394' '66127' '37886' '68271' '48832' '76600' '89364' '35209' '91451' '87713' '15952' };
offsets = [16131 578 24824 10335 19588 41330 10465 4754 39234 20675 13108 9232 24138 12574 10808 14862 12485 12344 7957 6240 ];

