target=0.50;discardreversals=2;startvalue=0.00;steps=[4  2  1];selfservice=0;
threshold = [-11.25 ];
values = [5.00 -5.00 -15.00 -5.00 -10.00 -8.50 -10.00 -12.50 -13.00 -11.50 -13.00 -11.50 -11.00 -10.50 -11.00 -10.50 -13.00 -14.50 -12.00 -14.50 ];
reversals = [0 0 1 -1 1 -1 0 0 1 -1 1 0 0 -1 1 -1 0 1 -1 0 ];
measures = [0 0 0 0 1 1 1 1 1 1 1 1 1 1 1 1 1 1 1 1 ];
presentations = [1 2 3 4 5 6 7 8 9 10 11 12 13 14 15 16 17 18 19 20 ];
answers = [5 5 0 5 1 4 5 3 1 4 1 2 2 3 2 5 4 0 5 3 ];
adjustments = [-10 -10 10 -5 1.5 -1.5 -2.5 -0.5 1.5 -1.5 1.5 0.5 0.5 -0.5 0.5 -2.5 -1.5 2.5 -2.5 -0.5 ];
sentences = {'14040' '35209' '77705' '69444' '87713' '21080' '33528' '52988' '48832' '12339' '29394' '66127' '91451' '06251' '98162' '70565' '44697' '85813' '03676' '50976' };
offsets = [66953 10562 72587 16696 32579 13859 14448 19418 77251 58741 49306 56933 31205 94347 65973 16258 13490 56478 69438 49236 ];

