target=0.50;discardreversals=2;startvalue=0.00;steps=[4  2  1];selfservice=0;
threshold = [-3.50 ];
values = [0.00 -10.00 0.00 -5.00 -3.50 -5.00 -5.50 -7.00 -7.50 -6.00 -3.50 -5.00 -2.50 -3.00 -3.50 -3.00 -1.50 -4.00 -4.50 -3.00 ];
reversals = [0 1 -1 1 -1 0 0 0 1 0 -1 1 -1 0 1 0 -1 0 1 0 ];
measures = [0 0 0 1 1 1 1 1 1 1 1 1 1 1 1 1 1 1 1 1 ];
presentations = [1 2 3 4 5 6 7 8 9 10 11 12 13 14 15 16 17 18 19 20 ];
answers = [5 0 5 1 4 3 4 3 1 0 4 0 3 3 2 1 5 3 1 2 ];
adjustments = [-10 10 -5 1.5 -1.5 -0.5 -1.5 -0.5 1.5 2.5 -1.5 2.5 -0.5 -0.5 0.5 1.5 -2.5 -0.5 1.5 0.5 ];
sentences = {'23448' '76600' '15149' '82487' '15952' '44529' '03262' '77974' '90790' '02737' '31601' '59026' '48835' '66553' '37886' '51195' '68271' '90013' '89364' '24318' };
offsets = [1907808 242877 3666366 950704 2928777 97532 2334835 2571708 4433687 1682588 1049287 2289088 4276238 4680984 1971321 3685601 3834896 1254265 2656250 2617034 ];

