target=0.50;discardreversals=2;startvalue=0.00;steps=[4  2  1];selfservice=0;
threshold = [-4.00 ];
values = [0.00 6.00 -4.00 -3.00 -5.50 -4.00 -6.50 -4.00 -2.50 -5.00 -5.50 -3.00 -5.50 -3.00 -4.50 -7.00 -4.50 -4.00 -4.50 -3.00 ];
reversals = [0 -1 1 -1 1 -1 1 0 -1 0 1 -1 1 -1 0 1 0 -1 1 -1 ];
measures = [0 0 0 1 1 1 1 1 1 1 1 1 1 1 1 1 1 1 1 1 ];
presentations = [1 2 3 4 5 6 7 8 9 10 11 12 13 14 15 16 17 18 19 20 ];
answers = [1 5 2 5 1 5 0 1 5 3 0 5 0 4 5 0 2 3 1 3 ];
adjustments = [6 -10 1 -2.5 1.5 -2.5 2.5 1.5 -2.5 -0.5 2.5 -2.5 2.5 -1.5 -2.5 2.5 0.5 -0.5 1.5 -0.5 ];
sentences = {'89135' '47048' '18314' '24621' '69009' '11755' '93692' '45923' '95569' '61793' '70287' '87470' '33980' '22336' '52277' '76802' '36514' '54841' '08168' '00456' };
offsets = [7806 630 909 18082 20171 6910 3889 22776 13558 1470 971 5217 5918 2261 3944 16412 2832 4370 12619 14115 ];

