target=0.50;discardreversals=2;startvalue=0.00;steps=[4  2  1];selfservice=0;
threshold = [-3.75 ];
values = [0.00 -10.00 0.00 -5.00 -4.50 -2.00 -1.50 -4.00 -3.50 -1.00 -3.50 -6.00 -3.50 -5.00 -2.50 -4.00 -2.50 -4.00 -3.50 -4.00 ];
reversals = [0 1 -1 1 0 0 -1 1 0 -1 0 1 -1 1 -1 1 -1 1 -1 0 ];
measures = [0 0 0 1 1 1 1 1 1 1 1 1 1 1 1 1 1 1 1 1 ];
presentations = [1 2 3 4 5 6 7 8 9 10 11 12 13 14 15 16 17 18 19 20 ];
answers = [5 0 5 2 0 2 5 2 0 5 5 0 4 0 4 1 4 2 3 4 ];
adjustments = [-10 10 -5 0.5 2.5 0.5 -2.5 0.5 2.5 -2.5 -2.5 2.5 -1.5 2.5 -1.5 1.5 -1.5 0.5 -0.5 -1.5 ];
sentences = {'68819' '69009' '11755' '16140' '54841' '36514' '03491' '22586' '22336' '93692' '30757' '45923' '41634' '70287' '87263' '08168' '87470' '74972' '99308' '55025' };
offsets = [31001 5765 1484 16556 3585 4596 14021 32911 7595 22625 1859 769 2456 21478 15303 8873 8162 26813 2301 11358 ];

