target=0.50;discardreversals=2;startvalue=0.00;steps=[4  2  1];selfservice=0;
threshold = [-3.25 ];
values = [0.00 -10.00 0.00 1.00 -4.00 -4.50 -3.00 -3.50 -2.00 -3.50 -5.00 -2.50 -4.00 -5.50 -3.00 -5.50 -6.00 -5.50 -3.00 -2.50 ];
reversals = [0 1 0 -1 0 1 -1 1 -1 0 1 -1 0 1 -1 0 1 0 0 -1 ];
measures = [0 0 0 0 0 1 1 1 1 1 1 1 1 1 1 1 1 1 1 1 ];
presentations = [1 2 3 4 5 6 7 8 9 10 11 12 13 14 15 16 17 18 19 20 ];
answers = [5 0 2 5 3 1 3 1 4 4 0 4 4 0 5 3 2 0 2 4 ];
adjustments = [-10 10 1 -5 -0.5 1.5 -0.5 1.5 -1.5 -1.5 2.5 -1.5 -1.5 2.5 -2.5 -0.5 0.5 2.5 0.5 -1.5 ];
sentences = {'82009' '14040' '48832' '34226' '35209' '07970' '78835' '29394' '51417' '10681' '95162' '46393' '70565' '91451' '66127' '03676' '63558' '29744' '52988' '87713' };
offsets = [12820 13733 14250 32077 1315 14753 2211 2625 8904 17493 11037 6335 5328 24450 2574 38913 9579 7828 456 13096 ];

