target=0.50;discardreversals=2;startvalue=0.00;steps=[4  2  1];selfservice=0;
threshold = [-10.00 ];
values = [0.00 -6.00 -12.00 -6.00 -11.00 -9.50 -11.00 -9.50 -9.00 -10.50 -9.00 -9.50 -9.00 -6.50 -7.00 -9.50 -11.00 -10.50 -11.00 -9.50 ];
reversals = [0 0 1 -1 1 -1 1 0 -1 1 -1 1 0 -1 0 0 1 -1 1 -1 ];
measures = [0 0 0 0 1 1 1 1 1 1 1 1 1 1 1 1 1 1 1 1 ];
presentations = [1 2 3 4 5 6 7 8 9 10 11 12 13 14 15 16 17 18 19 20 ];
answers = [4 4 1 5 1 4 1 2 4 1 3 2 0 3 5 4 2 3 1 3 ];
adjustments = [-6 -6 6 -5 1.5 -1.5 1.5 0.5 -1.5 1.5 -0.5 0.5 2.5 -0.5 -2.5 -1.5 0.5 -0.5 1.5 -0.5 ];
sentences = {'51417' '82009' '95162' '07970' '46393' '55025' '22586' '78835' '16140' '99308' '34226' '29744' '03491' '74972' '87263' '10681' '41634' '30757' '63558' '68819' };
offsets = [536368 4571976 3022818 1907461 3952178 1736144 269720 4778242 2303682 2128132 3524748 569645 189574 708969 878544 2535828 2763210 1743903 1307584 2702543 ];

