target=0.50;discardreversals=2;startvalue=0.00;steps=[4  2  1];selfservice=0;
threshold = [-2.00 ];
values = [0.00 10.00 0.00 -5.00 0.00 -2.50 -5.00 -4.50 -2.00 -4.50 -6.00 -3.50 -1.00 -3.50 -6.00 -3.50 -1.00 -3.50 -3.00 -0.50 ];
reversals = [0 -1 0 1 -1 0 1 0 -1 0 1 0 -1 0 1 0 -1 1 0 -1 ];
measures = [0 0 0 0 1 1 1 1 1 1 1 1 1 1 1 1 1 1 1 1 ];
presentations = [1 2 3 4 5 6 7 8 9 10 11 12 13 14 15 16 17 18 19 20 ];
answers = [0 5 5 0 5 5 2 0 5 4 0 0 5 5 0 0 5 2 0 4 ];
adjustments = [10 -10 -5 5 -2.5 -2.5 0.5 2.5 -2.5 -1.5 2.5 2.5 -2.5 -2.5 2.5 2.5 -2.5 0.5 2.5 -1.5 ];
sentences = {'12339' '21080' '18502' '67850' '43285' '33528' '94067' '85813' '26626' '05413' '50976' '80338' '77705' '51779' '06251' '98162' '44697' '72141' '69444' '39994' };
offsets = [2186 12318 7694 4560 13052 34040 24068 17210 25126 21937 18533 10929 15497 18850 45196 23432 25381 9283 24299 10857 ];

