target=0.50;discardreversals=2;startvalue=0.00;steps=[4  2  1];selfservice=0;
threshold = [-2.50 ];
values = [0.00 -10.00 0.00 -1.00 -2.50 0.00 -2.50 -2.00 -2.50 -1.00 -2.50 -1.00 -3.50 -3.00 -3.50 -4.00 -3.50 -3.00 -3.50 -5.00 ];
reversals = [0 1 -1 0 1 -1 1 -1 1 -1 1 -1 1 -1 0 1 0 -1 0 0 ];
measures = [0 0 0 0 1 1 1 1 1 1 1 1 1 1 1 1 1 1 1 1 ];
presentations = [1 2 3 4 5 6 7 8 9 10 11 12 13 14 15 16 17 18 19 20 ];
answers = [5 0 3 4 0 5 2 3 1 4 1 5 2 3 3 2 2 3 4 3 ];
adjustments = [-10 10 -1 -1.5 2.5 -2.5 0.5 -0.5 1.5 -1.5 1.5 -2.5 0.5 -0.5 -0.5 0.5 0.5 -0.5 -1.5 -0.5 ];
sentences = {'41634' '78835' '46393' '74972' '03491' '29744' '99308' '22586' '95162' '30757' '16140' '10681' '07970' '63558' '68819' '87263' '34226' '55025' '51417' '82009' };
offsets = [282776 2298505 209377 2440335 392048 2404506 2664116 4701004 3191469 2321630 3982839 3429385 4292799 2538767 1877812 4507174 4329355 518101 2415042 2720123 ];

