target=0.50;discardreversals=2;startvalue=0.00;steps=[4  2  1];selfservice=0;
threshold = [-10.50 ];
values = [5.00 -1.00 -11.00 -13.00 -3.00 -8.00 -10.50 -10.00 -9.50 -10.00 -12.50 -10.00 -10.50 -9.00 -11.50 -12.00 -9.50 -12.00 -12.50 -12.00 ];
reversals = [0 0 0 1 -1 0 1 0 -1 0 1 -1 1 -1 0 1 -1 0 1 0 ];
measures = [0 0 0 0 0 0 1 1 1 1 1 1 1 1 1 1 1 1 1 1 ];
presentations = [1 2 3 4 5 6 7 8 9 10 11 12 13 14 15 16 17 18 19 20 ];
answers = [4 5 3 0 5 5 2 2 3 5 0 3 1 5 3 0 5 3 2 0 ];
adjustments = [-6 -10 -2 10 -5 -2.5 0.5 0.5 -0.5 -2.5 2.5 -0.5 1.5 -2.5 -0.5 2.5 -2.5 -0.5 0.5 2.5 ];
sentences = {'22336' '54841' '76802' '11755' '69009' '89135' '18314' '70287' '61793' '24621' '95569' '52277' '33980' '47048' '00456' '93692' '45923' '87470' '36514' '08168' };
offsets = [64499 25550 2132 47951 23662 24952 82998 50129 4254 2031 32158 21693 15348 73429 62811 36022 71260 3004 15236 45334 ];

