target=0.50;discardreversals=2;startvalue=0.00;steps=[4  2  1];selfservice=0;
threshold = [-10.25 ];
values = [0.00 -6.00 -16.00 -6.00 -11.00 -11.50 -9.00 -8.50 -10.00 -11.50 -9.00 -9.50 -10.00 -12.50 -14.00 -11.50 -9.00 -11.50 -9.00 -7.50 ];
reversals = [0 0 1 -1 0 1 0 -1 0 1 -1 0 0 0 1 0 -1 1 0 -1 ];
measures = [0 0 0 0 0 1 1 1 1 1 1 1 1 1 1 1 1 1 1 1 ];
presentations = [1 2 3 4 5 6 7 8 9 10 11 12 13 14 15 16 17 18 19 20 ];
answers = [4 5 0 5 3 0 2 4 4 0 3 3 5 4 0 0 5 0 1 4 ];
adjustments = [-6 -10 10 -5 -0.5 2.5 0.5 -1.5 -1.5 2.5 -0.5 -0.5 -2.5 -1.5 2.5 2.5 -2.5 2.5 1.5 -1.5 ];
sentences = {'10681' '18314' '78835' '46393' '95569' '76802' '89135' '95162' '29744' '47048' '52277' '00456' '63558' '24621' '07970' '51417' '82009' '34226' '61793' '33980' };
offsets = [1175806 83845 4692133 878651 1079894 4481857 4194633 3957629 855463 4419884 2312794 4210889 2675093 2833727 2589829 464420 4059687 3381681 3452004 3096950 ];

