target=0.50;discardreversals=2;startvalue=0.00;steps=[4  2  1];selfservice=0;
threshold = [-4.75 ];
values = [0.00 -10.00 0.00 -5.00 -3.50 -2.00 -4.50 -5.00 -3.50 -6.00 -4.50 -7.00 -4.50 -2.00 -3.50 -4.00 -5.50 -4.00 -1.50 -3.00 ];
reversals = [0 1 -1 1 0 -1 0 1 -1 1 -1 1 0 -1 0 0 1 0 -1 0 ];
measures = [0 0 0 1 1 1 1 1 1 1 1 1 1 1 1 1 1 1 1 1 ];
presentations = [1 2 3 4 5 6 7 8 9 10 11 12 13 14 15 16 17 18 19 20 ];
answers = [5 0 5 1 1 5 3 1 5 1 5 0 0 4 3 4 1 0 4 3 ];
adjustments = [-10 10 -5 1.5 1.5 -2.5 -0.5 1.5 -2.5 1.5 -2.5 2.5 2.5 -1.5 -0.5 -1.5 1.5 2.5 -1.5 -0.5 ];
sentences = {'90013' '67850' '02737' '51195' '37886' '72141' '23448' '51779' '94067' '26626' '05413' '68271' '18502' '76600' '80338' '43285' '44529' '15952' '89364' '39994' };
offsets = [12768 6219 18190 5179 33233 14761 11734 12136 24872 43753 14509 34972 21903 19870 14234 9493 17703 5592 26475 22807 ];

