target=0.50;discardreversals=2;startvalue=0.00;steps=[4  2  1];selfservice=0;
threshold = [-10.00 ];
values = [0.00 -6.00 -8.00 -6.00 -1.00 -6.00 -7.50 -10.00 -8.50 -10.00 -9.50 -9.00 -11.50 -9.00 -10.50 -12.00 -11.50 -12.00 -9.50 -12.00 ];
reversals = [0 0 1 0 -1 0 0 1 -1 1 0 -1 1 -1 0 1 -1 1 -1 0 ];
measures = [0 0 0 0 0 0 0 1 1 1 1 1 1 1 1 1 1 1 1 1 ];
presentations = [1 2 3 4 5 6 7 8 9 10 11 12 13 14 15 16 17 18 19 20 ];
answers = [4 3 2 0 5 4 5 1 4 2 2 5 0 4 4 2 3 0 5 3 ];
adjustments = [-6 -2 2 5 -5 -1.5 -2.5 1.5 -1.5 0.5 0.5 -2.5 2.5 -1.5 -1.5 0.5 -0.5 2.5 -2.5 -0.5 ];
sentences = {'77705' '52277' '24621' '06251' '85813' '47048' '76802' '33528' '21080' '61793' '50976' '95569' '98162' '33980' '18314' '89135' '12339' '44697' '69444' '00456' };
offsets = [3566901 2273045 1960185 4448862 1000283 4478664 4256429 4608925 3559931 672365 3114123 3951172 3685696 2113294 2163636 1333140 3398287 1799481 97964 4540534 ];

