target=0.75;minreversals=14;discardreversals=4;minmeasures=25;startvalue=60.00;steps=[8  8  4  2];feedback=0;
threshold = [15.00 ];
values = [60.00 52.00 44.00 36.00 36.00 28.00 28.00 20.00 12.00 36.00 36.00 36.00 36.00 36.00 36.00 28.00 24.00 24.00 20.00 16.00 16.00 16.00 12.00 24.00 24.00 22.00 22.00 20.00 18.00 18.00 16.00 16.00 14.00 14.00 14.00 14.00 14.00 14.00 14.00 20.00 18.00 16.00 16.00 14.00 12.00 12.00 18.00 18.00 16.00 14.00 12.00 12.00 12.00 12.00 12.00 18.00 18.00 18.00 16.00 14.00 14.00 12.00 12.00 10.00 16.00 16.00 16.00 14.00 14.00 20.00 18.00 16.00 14.00 20.00 18.00 18.00 16.00 14.00 ];
reversals = [0 0 0 0 0 0 0 0 1 0 0 0 0 0 -1 0 0 0 0 0 0 0 1 0 -1 0 0 0 0 0 0 0 0 0 0 0 0 0 1 -1 0 0 0 0 0 1 0 -1 0 0 0 0 0 0 1 0 0 -1 0 0 0 0 0 1 0 0 -1 0 1 -1 0 0 1 -1 0 0 0 0 ];
measures = [0 0 0 0 0 0 0 0 0 0 0 0 0 0 0 0 0 0 0 0 0 0 0 0 0 0 0 0 0 0 0 0 0 0 0 0 0 0 1 1 1 1 1 1 1 1 1 1 1 1 1 1 1 1 1 1 1 1 1 1 1 1 1 1 1 1 1 1 1 1 1 1 1 1 1 1 1 1 ];
presentations = [1 1 1 0 1 0 1 1 1 0 0 0 0 0 1 1 0 1 1 0 0 1 1 0 1 0 1 1 0 1 0 1 0 0 0 0 0 0 1 1 1 0 1 1 0 1 0 1 1 1 0 0 0 0 1 0 0 1 1 0 1 0 1 1 0 0 1 0 1 1 1 1 1 1 0 1 1 1 ];
answers = [1 1 1 0 1 0 1 1 0 0 0 0 0 0 1 1 0 1 1 0 0 1 0 0 1 0 1 1 0 1 0 1 0 0 0 0 0 0 0 1 1 0 1 1 0 0 0 1 1 1 0 0 0 0 0 0 0 1 1 0 1 0 1 0 0 0 1 0 0 1 1 1 0 1 0 1 1 1 ];
adjustments = [-8 -8 -8 0 -8 0 -8 -8 24 0 0 0 0 0 -8 -4 0 -4 -4 0 0 -4 12 0 -2 0 -2 -2 0 -2 0 -2 0 0 0 0 0 0 6 -2 -2 0 -2 -2 0 6 0 -2 -2 -2 0 0 0 0 6 0 0 -2 -2 0 -2 0 -2 6 0 0 -2 0 6 -2 -2 -2 6 -2 0 -2 -2 -2 ];

