target=0.50;discardreversals=2;startvalue=0.00;steps=[4  2  1];selfservice=0;
threshold = [-5.00 ];
values = [0.00 -10.00 0.00 -5.00 -3.50 -4.00 -5.50 -3.00 -3.50 -6.00 -3.50 -4.00 -6.50 -5.00 -5.50 -3.00 -5.50 -3.00 -5.50 -3.00 ];
reversals = [0 1 -1 1 -1 0 1 -1 0 1 -1 0 1 -1 1 -1 1 -1 1 -1 ];
measures = [0 0 0 1 1 1 1 1 1 1 1 1 1 1 1 1 1 1 1 1 ];
presentations = [1 2 3 4 5 6 7 8 9 10 11 12 13 14 15 16 17 18 19 20 ];
answers = [5 0 5 1 3 4 0 3 5 0 3 5 1 3 0 5 0 5 0 5 ];
adjustments = [-10 10 -5 1.5 -0.5 -1.5 2.5 -0.5 -2.5 2.5 -0.5 -2.5 1.5 -0.5 2.5 -2.5 2.5 -2.5 2.5 -2.5 ];
sentences = {'86800' '18348' '99308' '70762' '22586' '87263' '30757' '92629' '47173' '23081' '34994' '68819' '41634' '03491' '09216' '55025' '51437' '65555' '74972' '16140' };
offsets = [19552 6993 3541 12 29464 12677 2462 7596 28316 13903 10728 13585 21578 45080 9855 9562 2733 2891 26544 21751 ];

