target=0.50;discardreversals=2;startvalue=0.00;steps=[4  2  1];selfservice=0;
threshold = [-10.50 ];
values = [0.00 -6.00 -12.00 -10.00 -7.00 -10.00 -9.50 -11.00 -12.50 -11.00 -10.50 -13.00 -11.50 -11.00 -10.50 -12.00 -12.50 -10.00 -9.50 -10.00 ];
reversals = [0 0 1 0 -1 1 -1 0 1 0 -1 1 0 0 -1 0 1 0 -1 1 ];
measures = [0 0 0 0 0 1 1 1 1 1 1 1 1 1 1 1 1 1 1 1 ];
presentations = [1 2 3 4 5 6 7 8 9 10 11 12 13 14 15 16 17 18 19 20 ];
answers = [4 4 2 1 4 2 4 4 1 2 5 1 2 2 4 3 0 2 3 1 ];
adjustments = [-6 -6 2 3 -3 0.5 -1.5 -1.5 1.5 0.5 -2.5 1.5 0.5 0.5 -1.5 -0.5 2.5 0.5 -0.5 1.5 ];
sentences = {'12339' '95569' '77705' '47048' '50976' '52277' '00456' '24621' '21080' '98162' '44697' '76802' '33528' '69444' '33980' '61793' '85813' '06251' '18314' '89135' };
offsets = [3795811 2289599 2330150 1355578 4773832 1311190 2361332 2167493 3153468 1716043 1217161 3044465 195200 2654725 900023 4661602 434438 3846025 1360053 292173 ];

