target=0.50;discardreversals=2;startvalue=0.00;steps=[4  2  1];selfservice=0;
threshold = [-4.00 ];
values = [0.00 -10.00 0.00 -3.00 -2.50 -4.00 -3.50 -2.00 -3.50 -6.00 -6.50 -4.00 -4.50 -4.00 -2.50 -1.00 -3.50 -5.00 -4.50 -5.00 ];
reversals = [0 1 -1 1 -1 1 0 -1 0 0 1 -1 1 0 0 -1 0 1 -1 1 ];
measures = [0 0 0 1 1 1 1 1 1 1 1 1 1 1 1 1 1 1 1 1 ];
presentations = [1 2 3 4 5 6 7 8 9 10 11 12 13 14 15 16 17 18 19 20 ];
answers = [5 0 4 2 4 2 1 4 5 3 0 3 2 1 1 5 4 2 3 0 ];
adjustments = [-10 10 -3 0.5 -1.5 0.5 1.5 -1.5 -2.5 -0.5 2.5 -0.5 0.5 1.5 1.5 -2.5 -1.5 0.5 -0.5 2.5 ];
sentences = {'87470' '03676' '45923' '11755' '29394' '54841' '91451' '69009' '48832' '70565' '93692' '70287' '08168' '52988' '36514' '87713' '35209' '14040' '66127' '22336' };
offsets = [9615 24347 544 14911 17860 12735 12297 7489 17608 6224 23218 14971 7537 235 31858 1618 13041 615 17017 29412 ];

