target=0.50;discardreversals=2;startvalue=0.00;steps=[4  2  1];selfservice=0;
threshold = [-5.00 ];
values = [0.00 -10.00 0.00 -5.00 -6.50 -4.00 -3.50 -2.00 -4.50 -5.00 -2.50 -2.00 -4.50 -5.00 -4.50 -3.00 -4.50 -5.00 -3.50 -5.00 ];
reversals = [0 1 -1 0 1 0 0 -1 0 1 0 -1 0 1 0 -1 0 1 -1 1 ];
measures = [0 0 0 0 1 1 1 1 1 1 1 1 1 1 1 1 1 1 1 1 ];
presentations = [1 2 3 4 5 6 7 8 9 10 11 12 13 14 15 16 17 18 19 20 ];
answers = [5 0 5 4 0 2 1 5 3 0 2 5 3 2 1 4 3 1 4 2 ];
adjustments = [-10 10 -5 -1.5 2.5 0.5 1.5 -2.5 -0.5 2.5 0.5 -2.5 -0.5 0.5 1.5 -1.5 -0.5 1.5 -1.5 0.5 ];
sentences = {'77705' '69444' '98162' '37886' '15952' '50976' '44529' '85813' '02737' '12339' '23448' '68271' '44697' '90013' '89364' '76600' '33528' '51195' '06251' '21080' };
offsets = [12091 6882 16164 8300 8264 14049 43491 16775 1515 20231 12084 5811 4294 24872 23511 32251 14077 7317 12856 26993 ];

