target=0.50;discardreversals=2;startvalue=0.00;steps=[4  2  1];selfservice=0;
threshold = [-30.50 ];
values = [5.00 -5.00 -15.00 -25.00 -31.00 -21.00 -24.00 -25.50 -24.00 -26.50 -29.00 -30.50 -30.00 -29.50 -31.00 -33.50 -33.00 -35.50 -33.00 -30.50 ];
reversals = [0 0 0 0 1 -1 0 1 -1 0 0 1 0 -1 0 1 -1 1 0 -1 ];
measures = [0 0 0 0 0 0 0 1 1 1 1 1 1 1 1 1 1 1 1 1 ];
presentations = [1 2 3 4 5 6 7 8 9 10 11 12 13 14 15 16 17 18 19 20 ];
answers = [5 5 5 4 0 4 4 1 5 5 4 2 2 4 5 2 5 0 0 3 ];
adjustments = [-10 -10 -10 -6 10 -3 -1.5 1.5 -2.5 -2.5 -1.5 0.5 0.5 -1.5 -2.5 0.5 -2.5 2.5 2.5 -0.5 ];
sentences = {'87713' '94067' '29394' '70565' '18502' '51779' '80338' '91451' '39994' '66127' '14040' '67850' '35209' '05413' '52988' '43285' '26626' '03676' '48832' '72141' };
offsets = [40532 33199 18820 44249 5641 53786 42226 13442 36921 60484 51319 22417 38766 20549 31914 81004 22239 23282 54529 8429 ];

