target=0.50;discardreversals=2;startvalue=0.00;steps=[4  2  1];selfservice=0;
threshold = [-8.50 ];
values = [0.00 -6.00 0.00 -5.00 -7.50 -9.00 -8.50 -10.00 -8.50 -6.00 -8.50 -8.00 -9.50 -11.00 -8.50 -10.00 -10.50 -11.00 -11.50 -12.00 ];
reversals = [0 1 -1 0 0 1 -1 1 0 -1 1 -1 0 1 -1 0 0 0 0 0 ];
measures = [0 0 0 0 0 1 1 1 1 1 1 1 1 1 1 1 1 1 1 1 ];
presentations = [1 2 3 4 5 6 7 8 9 10 11 12 13 14 15 16 17 18 19 20 ];
answers = [4 1 5 5 4 2 4 1 0 5 2 4 4 0 4 3 3 3 3 3 ];
adjustments = [-6 6 -5 -2.5 -1.5 0.5 -1.5 1.5 2.5 -2.5 0.5 -1.5 -1.5 2.5 -1.5 -0.5 -0.5 -0.5 -0.5 -0.5 ];
sentences = {'45923' '54841' '37886' '90013' '69009' '22336' '87470' '08168' '89364' '76600' '11755' '93692' '68271' '02737' '70287' '36514' '51195' '44529' '23448' '15952' };
offsets = [3746669 3457960 4624501 2875431 4534983 1168566 6796 4377989 757872 3801606 1761930 141052 2346105 4598568 1761680 3620782 2373392 2595783 3996610 1997677 ];

