target=0.50;discardreversals=2;startvalue=0.00;steps=[4  2  1];selfservice=0;
threshold = [-13.00 ];
values = [0.00 -10.00 -12.00 -10.00 -11.00 -12.50 -15.00 -13.50 -16.00 -18.50 -17.00 -16.50 -14.00 -12.50 -10.00 -12.50 -11.00 -13.50 -13.00 -10.50 ];
reversals = [0 0 1 -1 0 0 1 -1 0 1 0 0 0 0 -1 1 -1 1 0 -1 ];
measures = [0 0 0 0 0 0 1 1 1 1 1 1 1 1 1 1 1 1 1 1 ];
presentations = [1 2 3 4 5 6 7 8 9 10 11 12 13 14 15 16 17 18 19 20 ];
answers = [5 3 2 3 4 5 1 5 5 1 2 0 1 0 5 1 5 2 0 5 ];
adjustments = [-10 -2 2 -1 -1.5 -2.5 1.5 -2.5 -2.5 1.5 0.5 2.5 1.5 2.5 -2.5 1.5 -2.5 0.5 2.5 -2.5 ];
sentences = {'52988' '66127' '70565' '36514' '22336' '35209' '08168' '70287' '48832' '87470' '03676' '29394' '91451' '93692' '11755' '14040' '69009' '45923' '87713' '54841' };
offsets = [3644101 666676 417430 4536041 3408755 2695573 1811946 1427470 3927936 145113 2586289 343918 2639638 4192872 103624 3208961 3260088 4541924 3621591 217841 ];

