target=0.50;discardreversals=2;startvalue=0.00;steps=[4  2  1];selfservice=0;
threshold = [-3.75 ];
values = [0.00 -6.00 -12.00 -2.00 -3.00 -5.50 -7.00 -4.50 -7.00 -5.50 -3.00 -3.50 -2.00 -4.50 -4.00 -3.50 -4.00 -2.50 -5.00 -2.50 ];
reversals = [0 0 1 -1 0 0 1 -1 1 0 -1 1 -1 1 0 -1 1 -1 1 -1 ];
measures = [0 0 0 0 0 0 1 1 1 1 1 1 1 1 1 1 1 1 1 1 ];
presentations = [1 2 3 4 5 6 7 8 9 10 11 12 13 14 15 16 17 18 19 20 ];
answers = [4 4 0 3 5 4 0 5 1 0 3 1 5 2 2 3 1 5 0 5 ];
adjustments = [-6 -6 10 -1 -2.5 -1.5 2.5 -2.5 1.5 2.5 -0.5 1.5 -2.5 0.5 0.5 -0.5 1.5 -2.5 2.5 -2.5 ];
sentences = {'78835' '92629' '95162' '18348' '47173' '23081' '29744' '10681' '65555' '86800' '07970' '51417' '51437' '63558' '09216' '82009' '34226' '70762' '34994' '46393' };
offsets = [32407 5851 4631 1850 35240 13547 9970 1318 16697 2879 27576 11535 19127 2453 42910 11353 40272 296 14216 19271 ];

