target=0.50;discardreversals=2;startvalue=0.00;steps=[4  2  1];selfservice=0;
threshold = [-31.50 ];
values = [5.00 -5.00 -15.00 -25.00 -31.00 -29.00 -32.00 -29.50 -30.00 -30.50 -29.00 -31.50 -33.00 -34.50 -32.00 -31.50 -32.00 -30.50 -33.00 -31.50 ];
reversals = [0 0 0 0 1 -1 1 -1 0 1 -1 0 0 1 0 -1 1 -1 1 0 ];
measures = [0 0 0 0 0 0 1 1 1 1 1 1 1 1 1 1 1 1 1 1 ];
presentations = [1 2 3 4 5 6 7 8 9 10 11 12 13 14 15 16 17 18 19 20 ];
answers = [5 5 5 4 2 4 0 3 3 1 5 4 4 0 2 3 1 5 1 0 ];
adjustments = [-10 -10 -10 -6 2 -3 2.5 -0.5 -0.5 1.5 -2.5 -1.5 -1.5 2.5 0.5 -0.5 1.5 -2.5 1.5 2.5 ];
sentences = {'12339' '50976' '47173' '21080' '85813' '09216' '06251' '33528' '69444' '44697' '86800' '77705' '18348' '98162' '65555' '23081' '51437' '70762' '92629' '34994' };
offsets = [17156 14573 27064 81154 40589 59109 97513 79682 44193 81835 63053 75623 57220 77378 14012 7540 3553 25292 40608 21941 ];

