target=0.50;discardreversals=2;startvalue=0.00;steps=[4  2  1];selfservice=0;
threshold = [-1.75 ];
values = [0.00 -2.00 -8.00 -2.00 -3.00 -5.50 -5.00 -3.50 -2.00 -1.50 -4.00 -6.50 -4.00 -3.50 -3.00 -0.50 -2.00 -1.50 1.00 -1.50 ];
reversals = [0 0 1 -1 0 1 0 0 0 -1 0 1 0 0 0 -1 1 0 -1 0 ];
measures = [0 0 0 0 0 1 1 1 1 1 1 1 1 1 1 1 1 1 1 1 ];
presentations = [1 2 3 4 5 6 7 8 9 10 11 12 13 14 15 16 17 18 19 20 ];
answers = [3 4 1 3 5 2 1 1 2 5 5 0 2 2 0 4 2 0 5 5 ];
adjustments = [-2 -6 6 -1 -2.5 0.5 1.5 1.5 0.5 -2.5 -2.5 2.5 0.5 0.5 2.5 -1.5 0.5 2.5 -2.5 -2.5 ];
sentences = {'93692' '23081' '51437' '70762' '08168' '47173' '45923' '09216' '34994' '92629' '69009' '65555' '36514' '87470' '11755' '22336' '18348' '86800' '54841' '70287' };
offsets = [32700 8145 13063 182 21842 2006 15475 43711 18597 23811 5321 10435 5804 9278 6547 7424 346 31877 381 14611 ];

