target=0.75;minreversals=12;discardreversals=4;minmeasures=14;startvalue=84.00;steps=[8  4  4  2  1];feedback=0;
%parameters=1000, 54
threshold = [83.00 ];
values = [92.00 84.00 76.00 100.00 96.00 92.00 92.00 92.00 88.00 84.00 80.00 92.00 92.00 90.00 90.00 90.00 90.00 89.00 89.00 88.00 88.00 87.00 86.00 86.00 85.00 85.00 85.00 84.00 83.00 83.00 82.00 82.00 85.00 84.00 83.00 82.00 81.00 84.00 84.00 83.00 83.00 82.00 81.00 84.00 83.00 83.00 83.00 83.00 83.00 83.00 82.00 81.00 81.00 81.00 84.00 ];
reversals = [0 0 1 -1 0 0 0 0 0 0 1 0 -1 0 0 0 0 0 0 0 0 0 0 0 0 0 0 0 0 0 0 1 -1 0 0 0 1 0 -1 0 0 0 1 -1 0 0 0 0 0 0 0 0 0 1 -1 ];
measures = [0 0 0 0 0 0 0 0 0 0 0 0 0 0 0 0 0 0 0 0 0 0 0 0 0 0 0 0 0 0 0 1 1 1 1 1 1 1 1 1 1 1 1 1 1 1 1 1 1 1 1 1 1 1 1 ];
presentations = [1 1 1 1 1 0 0 1 1 1 1 0 1 0 0 0 1 0 1 0 1 1 0 1 0 0 1 1 0 1 0 1 1 1 1 1 1 0 1 0 1 1 1 1 0 0 0 0 0 1 1 0 0 1 1 ];
answers = [1 1 0 1 1 0 0 1 1 1 0 0 1 0 0 0 1 0 1 0 1 1 0 1 0 0 1 1 0 1 0 0 1 1 1 1 0 0 1 0 1 1 0 1 0 0 0 0 0 1 1 0 0 0 1 ];
adjustments = [-8 -8 24 -4 -4 0 0 -4 -4 -4 12 0 -2 0 0 0 -1 0 -1 0 -1 -1 0 -1 0 0 -1 -1 0 -1 0 3 -1 -1 -1 -1 3 0 -1 0 -1 -1 3 -1 0 0 0 0 0 -1 -1 0 0 3 -1 ];

