target=0.50;discardreversals=2;startvalue=0.00;steps=[4  2  1];selfservice=0;
%parameters=icra1,65,re
threshold = [15.00 ];
values = [0.00 10.00 20.00 26.00 20.00 15.00 12.00 9.00 14.00 14.50 13.00 15.50 15.00 14.50 14.00 15.50 15.00 17.50 19.00 17.50 ];
reversals = [0 0 0 -1 0 0 0 1 0 -1 1 -1 0 0 1 -1 1 0 -1 0 ];
measures = [0 0 0 0 0 0 0 0 0 1 1 1 1 1 1 1 1 1 1 1 ];
presentations = [1 2 3 4 5 6 7 8 9 10 11 12 13 14 15 16 17 18 19 20 ];
answers = [0 0 1 4 5 4 4 0 2 4 0 3 3 3 1 3 0 1 4 3 ];
adjustments = [10 10 6 -6 -5 -3 -3 5 0.5 -1.5 2.5 -0.5 -0.5 -0.5 1.5 -0.5 2.5 1.5 -1.5 -0.5 ];
sentences = {'70762' '74972' '34994' '16140' '55025' '51437' '41634' '30757' '23081' '18348' '87263' '22586' '99308' '86800' '09216' '03491' '65555' '92629' '47173' '68819' };
offsets = [387 27099 21169 6831 13844 17870 21937 6045 4447 5242 12523 7249 24155 33502 40123 29093 2996 16557 1788 21663 ];

