target=0.50;discardreversals=2;startvalue=0.00;steps=[4  2  1];selfservice=0;
%parameters=quiet,65
threshold = [6.50 ];
values = [0.00 10.00 4.00 9.00 6.50 5.00 6.50 4.00 3.50 6.00 3.50 6.00 7.50 7.00 6.50 7.00 4.50 7.00 5.50 5.00 ];
reversals = [0 -1 1 -1 0 1 -1 0 1 -1 1 0 -1 0 1 -1 1 -1 0 0 ];
measures = [0 0 0 1 1 1 1 1 1 1 1 1 1 1 1 1 1 1 1 1 ];
presentations = [1 2 3 4 5 6 7 8 9 10 11 12 13 14 15 16 17 18 19 20 ];
answers = [0 4 0 5 4 1 5 3 0 5 0 1 3 3 2 5 0 4 3 4 ];
adjustments = [10 -6 5 -2.5 -1.5 1.5 -2.5 -0.5 2.5 -2.5 2.5 1.5 -0.5 -0.5 0.5 -2.5 2.5 -1.5 -0.5 -1.5 ];
sentences = {'51417' '15952' '46393' '07970' '23448' '95162' '82009' '29744' '76600' '02737' '89364' '90013' '37886' '10681' '44529' '78835' '51195' '34226' '63558' '68271' };
offsets = [66994 28507 53994 14180 888 62409 19376 22214 50707 72057 46568 60620 13886 46466 36947 38495 71907 25263 70304 22781 ];

