target=0.50;discardreversals=2;startvalue=0.00;steps=[4  2  1];selfservice=0;
%parameters=babble,65
threshold = [6.50 ];
values = [0.00 10.00 4.00 7.00 5.50 8.00 5.50 6.00 7.50 7.00 6.50 9.00 6.50 4.00 6.50 5.00 4.50 7.00 5.50 5.00 ];
reversals = [0 -1 1 -1 1 -1 1 0 -1 0 1 -1 0 1 -1 0 1 -1 0 1 ];
measures = [0 0 0 1 1 1 1 1 1 1 1 1 1 1 1 1 1 1 1 1 ];
presentations = [1 2 3 4 5 6 7 8 9 10 11 12 13 14 15 16 17 18 19 20 ];
answers = [0 4 1 4 0 5 2 1 3 3 0 5 5 0 4 3 0 4 3 1 ];
adjustments = [10 -6 3 -1.5 2.5 -2.5 0.5 1.5 -0.5 -0.5 2.5 -2.5 -2.5 2.5 -1.5 -0.5 2.5 -1.5 -0.5 1.5 ];
sentences = {'10681' '52277' '95569' '33980' '78835' '89135' '46393' '00456' '07970' '34226' '76802' '24621' '18314' '47048' '61793' '63558' '82009' '51417' '29744' '95162' };
offsets = [6732 7382 17636 37963 39281 13264 141 12673 18590 32790 38696 32909 16713 23623 25129 17484 23059 15232 11963 1527 ];

