target=0.50;discardreversals=2;startvalue=0.00;steps=[4  2  1];selfservice=0;
%parameters=icra5.250,65,train
threshold = [7.50 ];
values = [0.00 10.00 12.00 2.00 7.00 8.50 8.00 5.50 7.00 6.50 7.00 9.50 9.00 7.50 8.00 7.50 7.00 7.50 8.00 10.50 ];
reversals = [0 0 -1 1 0 -1 0 1 -1 1 0 -1 0 1 -1 0 1 0 0 -1 ];
measures = [0 0 0 0 0 1 1 1 1 1 1 1 1 1 1 1 1 1 1 1 ];
presentations = [1 2 3 4 5 6 7 8 9 10 11 12 13 14 15 16 17 18 19 20 ];
answers = [0 2 5 0 1 3 5 1 3 2 0 3 4 2 3 3 2 2 0 4 ];
adjustments = [10 2 -10 5 1.5 -0.5 -2.5 1.5 -0.5 0.5 2.5 -0.5 -1.5 0.5 -0.5 -0.5 0.5 0.5 2.5 -1.5 ];
sentences = {'93692' '22336' '99308' '45923' '70287' '41634' '03491' '68819' '22586' '87470' '87263' '30757' '54841' '69009' '55025' '36514' '74972' '08168' '16140' '11755' };
offsets = [4651450 1499112 4346265 653310 4741103 1875815 1720268 4534810 2221629 2353079 1961353 3314283 859840 3015175 1070025 4526213 4233093 2538391 3495604 2864321 ];

