target=0.50;discardreversals=2;startvalue=0.00;steps=[4  2  1];selfservice=0;
%parameters=icra1,94
threshold = [-2.00 ];
values = [0.00 10.00 0.00 -3.00 -2.00 -2.50 -1.00 -0.50 -1.00 -3.50 -2.00 -1.50 -1.00 -2.50 -4.00 -2.50 -1.00 0.50 1.00 -1.50 ];
reversals = [0 -1 0 1 -1 1 0 -1 0 1 0 0 -1 0 1 0 0 0 -1 0 ];
measures = [0 0 0 0 1 1 1 1 1 1 1 1 1 1 1 1 1 1 1 1 ];
presentations = [1 2 3 4 5 6 7 8 9 10 11 12 13 14 15 16 17 18 19 20 ];
answers = [0 5 4 2 3 1 2 3 5 1 2 2 4 4 1 1 1 2 5 4 ];
adjustments = [10 -10 -3 1 -0.5 1.5 0.5 -0.5 -2.5 1.5 0.5 0.5 -1.5 -1.5 1.5 1.5 1.5 0.5 -2.5 -1.5 ];
sentences = {'89135' '52277' '76600' '44529' '47048' '02737' '23448' '90013' '18314' '00456' '15952' '33980' '89364' '76802' '51195' '24621' '61793' '95569' '37886' '68271' };
offsets = [22143 9414 18404 2766 22142 17695 12655 19389 13415 5030 5019 15572 21499 38613 19253 9346 12914 13995 10171 9831 ];

