target=0.50;discardreversals=2;startvalue=0.00;steps=[4  2  1];selfservice=0;
%parameters=icra1,65
threshold = [7.00 ];
values = [0.00 10.00 8.00 9.00 8.50 8.00 6.50 6.00 3.50 6.00 6.50 7.00 5.50 8.00 6.50 6.00 6.50 7.00 9.50 7.00 ];
reversals = [0 -1 1 -1 0 0 0 0 1 0 0 -1 1 -1 0 1 0 0 -1 1 ];
measures = [0 0 0 1 1 1 1 1 1 1 1 1 1 1 1 1 1 1 1 1 ];
presentations = [1 2 3 4 5 6 7 8 9 10 11 12 13 14 15 16 17 18 19 20 ];
answers = [0 3 2 3 3 4 3 5 0 2 2 4 0 4 3 2 2 0 5 0 ];
adjustments = [10 -2 1 -0.5 -0.5 -1.5 -0.5 -2.5 2.5 0.5 0.5 -1.5 2.5 -1.5 -0.5 0.5 0.5 2.5 -2.5 2.5 ];
sentences = {'22336' '33528' '87470' '54841' '45923' '70287' '06251' '69009' '12339' '08168' '69444' '36514' '50976' '77705' '21080' '85813' '44697' '93692' '11755' '98162' };
offsets = [24434 10646 4239 6851 17847 13613 25772 8115 14585 7436 1863 21202 11030 15059 7999 6601 29843 6359 7717 11593 ];

