target=0.50;discardreversals=2;startvalue=0.00;steps=[4  2  1];selfservice=0;
%parameters=icra5.250,65,re
threshold = [9.75 ];
values = [0.00 10.00 8.00 9.00 9.50 9.00 9.50 11.00 13.50 12.00 10.50 9.00 10.50 9.00 8.50 8.00 9.50 10.00 10.50 10.00 ];
reversals = [0 -1 1 0 -1 1 0 0 -1 0 0 1 -1 0 0 1 0 0 -1 1 ];
measures = [0 0 0 0 1 1 1 1 1 1 1 1 1 1 1 1 1 1 1 1 ];
presentations = [1 2 3 4 5 6 7 8 9 10 11 12 13 14 15 16 17 18 19 20 ];
answers = [0 3 2 2 3 2 1 0 4 4 4 1 4 3 3 1 2 2 3 0 ];
adjustments = [10 -2 1 0.5 -0.5 0.5 1.5 2.5 -1.5 -1.5 -1.5 1.5 -1.5 -0.5 -0.5 1.5 0.5 0.5 -0.5 2.5 ];
sentences = {'98162' '77705' '85813' '92629' '70762' '33528' '47173' '65555' '51437' '18348' '21080' '50976' '23081' '86800' '06251' '09216' '69444' '44697' '12339' '34994' };
offsets = [3910701 1291893 1027074 1238222 3292501 1942030 1171311 36352 1057902 2302416 3841148 126438 1214067 694784 4128020 4462218 3664173 4453152 4711266 4323648 ];

