target=0.50;discardreversals=2;startvalue=0.00;steps=[4  2  1];selfservice=0;
%parameters=icra1,84
threshold = [0.00 ];
values = [0.00 6.00 -4.00 1.00 -1.50 -1.00 -0.50 1.00 -0.50 1.00 -0.50 0.00 0.50 0.00 0.50 -1.00 -2.50 0.00 -0.50 -2.00 ];
reversals = [0 -1 1 -1 1 0 0 -1 1 -1 1 0 -1 1 -1 0 1 -1 0 0 ];
measures = [0 0 0 1 1 1 1 1 1 1 1 1 1 1 1 1 1 1 1 1 ];
presentations = [1 2 3 4 5 6 7 8 9 10 11 12 13 14 15 16 17 18 19 20 ];
answers = [1 5 0 5 2 2 1 4 1 4 2 2 3 2 4 4 0 3 4 4 ];
adjustments = [6 -10 5 -2.5 0.5 0.5 1.5 -1.5 1.5 -1.5 0.5 0.5 -0.5 0.5 -1.5 -1.5 2.5 -0.5 -1.5 -1.5 ];
sentences = {'90013' '76600' '10681' '37886' '51417' '63558' '95162' '51195' '82009' '29744' '68271' '34226' '15952' '23448' '44529' '89364' '02737' '46393' '07970' '78835' };
offsets = [20137 33045 8657 9103 5479 19833 5718 21680 26010 6813 36412 28938 2544 18137 30247 14992 4389 35309 32687 30949 ];

