target=0.50;discardreversals=2;startvalue=0.00;steps=[4  2  1];selfservice=0;
%parameters=icra5.250,65
threshold = [7.25 ];
values = [0.00 10.00 8.00 11.00 10.50 9.00 7.50 7.00 7.50 8.00 6.50 9.00 8.50 7.00 7.50 7.00 5.50 8.00 9.50 7.00 ];
reversals = [0 -1 1 -1 0 0 0 1 0 -1 1 -1 0 1 -1 0 1 0 -1 1 ];
measures = [0 0 0 1 1 1 1 1 1 1 1 1 1 1 1 1 1 1 1 1 ];
presentations = [1 2 3 4 5 6 7 8 9 10 11 12 13 14 15 16 17 18 19 20 ];
answers = [0 3 1 3 4 4 3 2 2 4 0 3 4 2 3 4 0 1 5 2 ];
adjustments = [10 -2 3 -0.5 -1.5 -1.5 -0.5 0.5 0.5 -1.5 2.5 -0.5 -1.5 0.5 -0.5 -1.5 2.5 1.5 -2.5 0.5 ];
sentences = {'11755' '70287' '54841' '77974' '66553' '93692' '45923' '03262' '31601' '48835' '08168' '90790' '36514' '24318' '82487' '69009' '59026' '15149' '22336' '87470' };
offsets = [1951457 4048989 1298544 2875354 3420459 3625514 1201611 4421785 3732396 996423 1609762 3792395 1068521 4273357 4365391 1720786 2345645 2066065 1959313 3361136 ];

