target=0.75;minreversals=12;discardreversals=4;minmeasures=14;startvalue=75.00;steps=[8  4  4  2  1];feedback=0;
%parameters=0500,0.20,50
threshold = [79.00 ];
values = [83.00 75.00 67.00 59.00 91.00 87.00 83.00 83.00 83.00 79.00 95.00 93.00 93.00 92.00 91.00 90.00 90.00 90.00 89.00 88.00 88.00 88.00 88.00 87.00 86.00 86.00 86.00 86.00 86.00 85.00 84.00 83.00 83.00 83.00 82.00 82.00 82.00 81.00 81.00 81.00 81.00 80.00 79.00 78.00 78.00 77.00 76.00 75.00 75.00 78.00 78.00 78.00 81.00 81.00 81.00 81.00 81.00 80.00 79.00 78.00 77.00 77.00 80.00 79.00 79.00 78.00 78.00 81.00 81.00 80.00 80.00 80.00 80.00 79.00 78.00 78.00 78.00 78.00 77.00 77.00 76.00 76.00 76.00 79.00 82.00 82.00 82.00 ];
reversals = [0 0 0 1 -1 0 0 0 0 1 -1 0 0 0 0 0 0 0 0 0 0 0 0 0 0 0 0 0 0 0 0 0 0 0 0 0 0 0 0 0 0 0 0 0 0 0 0 0 1 0 0 0 0 0 0 0 -1 0 0 0 0 1 -1 0 0 0 1 0 -1 0 0 0 0 0 0 0 0 0 0 0 0 0 1 0 0 0 -1 ];
measures = [0 0 0 0 0 0 0 0 0 0 0 0 0 0 0 0 0 0 0 0 0 0 0 0 0 0 0 0 0 0 0 0 0 0 0 0 0 0 0 0 0 0 0 0 0 0 0 0 1 1 1 1 1 1 1 1 1 1 1 1 1 1 1 1 1 1 1 1 1 1 1 1 1 1 1 1 1 1 1 1 1 1 1 1 1 1 1 ];
presentations = [1 1 1 0 1 1 0 0 1 0 1 0 1 1 1 0 0 1 1 0 0 0 1 1 0 0 0 0 1 1 1 0 0 1 0 0 1 0 0 0 1 1 1 0 1 1 1 0 1 0 0 1 0 0 0 0 1 1 1 1 0 1 1 0 1 0 1 0 1 0 0 0 1 1 0 0 0 1 0 1 0 0 1 1 0 0 1 ];
answers = [1 1 1 1 1 1 0 0 1 1 1 0 1 1 1 0 0 1 1 0 0 0 1 1 0 0 0 0 1 1 1 0 0 1 0 0 1 0 0 0 1 1 1 0 1 1 1 0 0 0 0 0 0 0 0 0 1 1 1 1 0 0 1 0 1 0 0 0 1 0 0 0 1 1 0 0 0 1 0 1 0 0 0 0 0 0 1 ];
adjustments = [-8 -8 -8 32 -4 -4 0 0 -4 16 -2 0 -1 -1 -1 0 0 -1 -1 0 0 0 -1 -1 0 0 0 0 -1 -1 -1 0 0 -1 0 0 -1 0 0 0 -1 -1 -1 0 -1 -1 -1 0 3 0 0 3 0 0 0 0 -1 -1 -1 -1 0 3 -1 0 -1 0 3 0 -1 0 0 0 -1 -1 0 0 0 -1 0 -1 0 0 3 3 0 0 -1 ];

