target=0.50;discardreversals=2;startvalue=0.00;steps=[4  2  1];selfservice=0;
%parameters=icra1,65,train
threshold = [6.25 ];
values = [0.00 10.00 4.00 5.00 6.50 4.00 6.50 5.00 5.50 7.00 6.50 8.00 5.50 5.00 6.50 6.00 5.50 6.00 4.50 7.00 ];
reversals = [0 -1 1 0 -1 1 -1 1 0 -1 1 -1 0 1 -1 0 1 -1 1 0 ];
measures = [0 0 0 0 1 1 1 1 1 1 1 1 1 1 1 1 1 1 1 1 ];
presentations = [1 2 3 4 5 6 7 8 9 10 11 12 13 14 15 16 17 18 19 20 ];
answers = [0 4 2 1 5 0 4 2 1 3 1 5 3 1 3 3 2 4 0 1 ];
adjustments = [10 -6 1 1.5 -2.5 2.5 -1.5 0.5 1.5 -0.5 1.5 -2.5 -0.5 1.5 -0.5 -0.5 0.5 -1.5 2.5 1.5 ];
sentences = {'82487' '48835' '78835' '24318' '31601' '90790' '82009' '51417' '63558' '34226' '29744' '07970' '10681' '15149' '66553' '59026' '77974' '46393' '95162' '03262' };
offsets = [11407 29011 5608 12413 35846 3382 24797 1886 1360 37170 8623 32909 12581 8113 19151 5177 19330 4496 6049 17770 ];

