target=0.75;minreversals=12;discardreversals=4;minmeasures=14;startvalue=75.00;steps=[8  4  4  2  1];feedback=0;
%parameters=0500,0.00,50
threshold = [80.00 ];
values = [83.00 75.00 67.00 91.00 87.00 87.00 83.00 79.00 79.00 79.00 79.00 91.00 91.00 89.00 89.00 88.00 87.00 86.00 85.00 85.00 85.00 84.00 83.00 82.00 82.00 82.00 81.00 81.00 81.00 80.00 79.00 79.00 79.00 78.00 81.00 81.00 80.00 79.00 78.00 78.00 78.00 78.00 81.00 81.00 81.00 80.00 80.00 79.00 79.00 82.00 82.00 81.00 81.00 80.00 80.00 79.00 79.00 79.00 78.00 78.00 81.00 81.00 ];
reversals = [0 0 1 -1 0 0 0 0 0 0 1 0 -1 0 0 0 0 0 0 0 0 0 0 0 0 0 0 0 0 0 0 0 0 1 0 -1 0 0 0 0 0 1 0 0 -1 0 0 0 1 0 -1 0 0 0 0 0 0 0 0 1 0 -1 ];
measures = [0 0 0 0 0 0 0 0 0 0 0 0 0 0 0 0 0 0 0 0 0 0 0 0 0 0 0 0 0 0 0 0 0 1 1 1 1 1 1 1 1 1 1 1 1 1 1 1 1 1 1 1 1 1 1 1 1 1 1 1 1 1 ];
presentations = [1 1 1 1 0 1 1 0 0 0 1 0 1 0 1 1 1 1 0 0 1 1 1 0 0 1 0 0 1 1 0 0 1 1 0 1 1 1 0 0 0 1 0 0 1 0 1 0 1 0 1 0 1 0 1 0 0 1 0 1 0 1 ];
answers = [1 1 0 1 0 1 1 0 0 0 0 0 1 0 1 1 1 1 0 0 1 1 1 0 0 1 0 0 1 1 0 0 1 0 0 1 1 1 0 0 0 0 0 0 1 0 1 0 0 0 1 0 1 0 1 0 0 1 0 0 0 1 ];
adjustments = [-8 -8 24 -4 0 -4 -4 0 0 0 12 0 -2 0 -1 -1 -1 -1 0 0 -1 -1 -1 0 0 -1 0 0 -1 -1 0 0 -1 3 0 -1 -1 -1 0 0 0 3 0 0 -1 0 -1 0 3 0 -1 0 -1 0 -1 0 0 -1 0 3 0 -1 ];

