target=0.50;discardreversals=2;startvalue=0.00;steps=[4  2  1];selfservice=0;
threshold = [-1.50 ];
values = [0.00 -10.00 0.00 -3.00 -0.50 -3.00 -1.50 -2.00 -1.50 -2.00 -1.50 -1.00 -2.50 -1.00 -1.50 1.00 -1.50 -2.00 0.50 1.00 ];
reversals = [0 1 -1 1 -1 1 -1 1 -1 1 0 -1 1 -1 1 -1 0 1 0 -1 ];
measures = [0 0 0 1 1 1 1 1 1 1 1 1 1 1 1 1 1 1 1 1 ];
presentations = [1 2 3 4 5 6 7 8 9 10 11 12 13 14 15 16 17 18 19 20 ];
answers = [5 0 4 0 5 1 3 2 3 2 2 4 1 3 0 5 3 0 2 5 ];
adjustments = [-10 10 -3 2.5 -2.5 1.5 -0.5 0.5 -0.5 0.5 0.5 -1.5 1.5 -0.5 2.5 -2.5 -0.5 2.5 0.5 -2.5 ];
sentences = {'51779' '18502' '46393' '72141' '94067' '51417' '10681' '78835' '43285' '63558' '05413' '80338' '82009' '67850' '39994' '07970' '34226' '95162' '29744' '26626' };
offsets = [8622 17623 3355 3707 3441 23136 5369 8762 22306 2926 15913 18531 1228 12516 7862 17538 10807 5040 4652 3844 ];

