target=0.50;discardreversals=2;startvalue=0.00;steps=[4  2  1];selfservice=0;
threshold = [1.00 ];
values = [0.00 6.00 -4.00 -1.00 -2.50 -1.00 1.50 0.00 2.50 0.00 -1.50 0.00 2.50 3.00 0.50 2.00 1.50 3.00 1.50 0.00 ];
reversals = [0 -1 1 -1 1 0 -1 1 -1 0 1 0 0 -1 1 -1 1 -1 0 1 ];
measures = [0 0 0 1 1 1 1 1 1 1 1 1 1 1 1 1 1 1 1 1 ];
presentations = [1 2 3 4 5 6 7 8 9 10 11 12 13 14 15 16 17 18 19 20 ];
answers = [1 5 1 4 1 0 4 0 5 4 1 0 2 5 1 3 1 4 4 2 ];
adjustments = [6 -10 3 -1.5 1.5 2.5 -1.5 2.5 -2.5 -1.5 1.5 2.5 0.5 -2.5 1.5 -0.5 1.5 -1.5 -1.5 0.5 ];
sentences = {'51195' '36514' '54841' '08168' '69009' '02737' '68271' '76600' '87470' '22336' '37886' '23448' '44529' '70287' '93692' '15952' '11755' '89364' '90013' '45923' };
offsets = [2839910 4617168 177731 3435915 3484781 4469405 4431363 466432 1365088 2964535 3825447 3300257 1958347 4717725 581297 1195511 3711426 1340726 3018090 1964881 ];

