target=0.50;discardreversals=2;startvalue=0.00;steps=[4  2  1];selfservice=0;
threshold = [-3.50 ];
values = [0.00 -10.00 0.00 -5.00 -4.50 -4.00 -4.50 -5.00 -2.50 -3.00 -5.50 -3.00 -3.50 -3.00 -1.50 -3.00 -1.50 -1.00 -2.50 -4.00 ];
reversals = [0 1 -1 1 0 -1 0 1 -1 0 1 -1 1 0 -1 1 0 -1 0 1 ];
measures = [0 0 0 1 1 1 1 1 1 1 1 1 1 1 1 1 1 1 1 1 ];
presentations = [1 2 3 4 5 6 7 8 9 10 11 12 13 14 15 16 17 18 19 20 ];
answers = [5 0 5 2 2 3 3 0 3 5 0 3 2 1 4 1 2 4 4 2 ];
adjustments = [-10 10 -5 0.5 0.5 -0.5 -0.5 2.5 -0.5 -2.5 2.5 -0.5 0.5 1.5 -1.5 1.5 0.5 -1.5 -1.5 0.5 ];
sentences = {'93692' '77974' '70287' '22336' '90790' '08168' '59026' '87470' '66553' '24318' '31601' '82487' '15149' '54841' '69009' '48835' '03262' '45923' '36514' '11755' };
offsets = [3454721 3281621 2167351 4368663 2620728 2251333 4528754 4081888 3918576 2402883 3620011 3118580 2669749 1140434 3770489 2576334 4522046 2409290 2504600 1948500 ];

