target=0.50;discardreversals=2;startvalue=0.00;steps=[4  2  1];selfservice=0;
threshold = [0.00 ];
values = [0.00 6.00 0.00 3.00 1.50 -1.00 -0.50 0.00 -0.50 0.00 2.50 0.00 -1.50 1.00 -0.50 0.00 -2.50 0.00 1.50 1.00 ];
reversals = [0 -1 1 -1 0 1 0 -1 1 0 -1 0 1 -1 1 -1 1 0 -1 1 ];
measures = [0 0 0 1 1 1 1 1 1 1 1 1 1 1 1 1 1 1 1 1 ];
presentations = [1 2 3 4 5 6 7 8 9 10 11 12 13 14 15 16 17 18 19 20 ];
answers = [1 4 1 4 5 2 2 3 2 0 5 4 0 4 2 5 0 1 3 1 ];
adjustments = [6 -6 3 -1.5 -2.5 0.5 0.5 -0.5 0.5 2.5 -2.5 -1.5 2.5 -1.5 0.5 -2.5 2.5 1.5 -0.5 1.5 ];
sentences = {'93692' '22336' '22586' '54841' '70287' '74972' '87263' '99308' '45923' '36514' '03491' '16140' '08168' '69009' '87470' '55025' '41634' '30757' '11755' '68819' };
offsets = [16406 30712 3440 13561 23811 9842 13666 2383 22924 17060 2669 6944 16692 1660 10683 7539 17592 1931 2897 8968 ];

