target=0.50;discardreversals=2;startvalue=0.00;steps=[4  2  1];selfservice=0;
threshold = [-10.50 ];
values = [5.00 -5.00 -7.00 -1.00 -4.00 -6.50 -6.00 -8.50 -11.00 -10.50 -12.00 -10.50 -10.00 -9.50 -12.00 -11.50 -10.00 -10.50 -9.00 -10.50 ];
reversals = [0 0 1 -1 0 1 -1 0 1 -1 1 0 0 -1 1 0 -1 1 -1 1 ];
measures = [0 0 0 0 0 1 1 1 1 1 1 1 1 1 1 1 1 1 1 1 ];
presentations = [1 2 3 4 5 6 7 8 9 10 11 12 13 14 15 16 17 18 19 20 ];
answers = [5 3 1 4 5 2 5 5 2 4 1 2 2 5 2 1 3 1 4 1 ];
adjustments = [-10 -2 6 -3 -2.5 0.5 -2.5 -2.5 0.5 -1.5 1.5 0.5 0.5 -2.5 0.5 1.5 -0.5 1.5 -1.5 1.5 ];
sentences = {'90013' '09216' '89364' '18348' '70762' '86800' '65555' '37886' '76600' '23081' '02737' '51195' '34994' '15952' '92629' '68271' '51437' '23448' '47173' '44529' };
offsets = [81771 59797 8081 22490 12652 50432 48277 73971 13206 59287 46280 2299 44761 39516 6363 65222 45460 16941 59581 57218 ];

