target=0.50;discardreversals=2;startvalue=0.00;steps=[4  2  1];selfservice=0;
threshold = [0.50 ];
values = [0.00 -10.00 0.00 5.00 0.00 1.50 0.00 -2.50 -2.00 -3.50 -1.00 0.50 3.00 4.50 5.00 3.50 1.00 1.50 4.00 2.50 ];
reversals = [0 1 0 -1 1 -1 0 1 -1 1 0 0 0 0 -1 0 1 0 -1 0 ];
measures = [0 0 0 0 1 1 1 1 1 1 1 1 1 1 1 1 1 1 1 1 ];
presentations = [1 2 3 4 5 6 7 8 9 10 11 12 13 14 15 16 17 18 19 20 ];
answers = [5 0 0 5 1 4 5 2 4 0 1 0 1 2 4 5 2 0 4 3 ];
adjustments = [-10 10 5 -5 1.5 -1.5 -2.5 0.5 -1.5 2.5 1.5 2.5 1.5 0.5 -1.5 -2.5 0.5 2.5 -1.5 -0.5 ];
sentences = {'76600' '37886' '02737' '90013' '68271' '69009' '45923' '44529' '15952' '36514' '51195' '93692' '23448' '11755' '22336' '70287' '87470' '08168' '54841' '89364' };
offsets = [224215 3897841 969087 3199152 145373 4582103 3078969 3748061 1309421 4534851 2957035 3777197 2850762 2498796 4020682 4377491 2553242 3275588 3769327 2951353 ];

