target=0.50;discardreversals=2;startvalue=0.00;steps=[4  2  1];selfservice=0;
threshold = [-4.50 ];
values = [0.00 -2.00 0.00 -3.00 -3.50 -6.00 -3.50 -5.00 -5.50 -7.00 -8.50 -7.00 -4.50 -6.00 -4.50 -5.00 -3.50 -3.00 -1.50 -4.00 ];
reversals = [0 1 -1 0 0 1 -1 0 0 0 1 0 -1 1 -1 1 0 0 -1 1 ];
measures = [0 0 0 0 0 1 1 1 1 1 1 1 1 1 1 1 1 1 1 1 ];
presentations = [1 2 3 4 5 6 7 8 9 10 11 12 13 14 15 16 17 18 19 20 ];
answers = [3 2 4 3 5 0 4 3 4 4 1 0 4 1 3 1 2 1 5 2 ];
adjustments = [-2 2 -3 -0.5 -2.5 2.5 -1.5 -0.5 -1.5 -1.5 1.5 2.5 -1.5 1.5 -0.5 1.5 0.5 1.5 -2.5 0.5 ];
sentences = {'87263' '00456' '47048' '33980' '22586' '99308' '55025' '95569' '16140' '24621' '52277' '76802' '74972' '68819' '30757' '18314' '61793' '89135' '03491' '41634' };
offsets = [980976 2167496 1730724 4233170 111889 3808732 3710922 3762799 3904452 4520212 4386090 4650462 2392763 1644752 2132808 3006142 1177457 1418474 3893816 946947 ];

