target=0.50;discardreversals=2;startvalue=0.00;steps=[4  2  1];selfservice=0;
threshold = [-1.50 ];
values = [0.00 2.00 8.00 -2.00 3.00 0.50 0.00 -1.50 -1.00 0.50 -2.00 -1.50 -4.00 -1.50 1.00 -1.50 -1.00 0.50 -2.00 0.50 ];
reversals = [0 0 -1 1 -1 0 0 1 0 -1 1 -1 1 0 -1 1 0 -1 1 -1 ];
measures = [0 0 0 0 1 1 1 1 1 1 1 1 1 1 1 1 1 1 1 1 ];
presentations = [1 2 3 4 5 6 7 8 9 10 11 12 13 14 15 16 17 18 19 20 ];
answers = [2 1 5 0 5 3 4 2 1 5 2 5 0 0 5 2 1 5 0 4 ];
adjustments = [2 6 -10 5 -2.5 -0.5 -1.5 0.5 1.5 -2.5 0.5 -2.5 2.5 2.5 -2.5 0.5 1.5 -2.5 2.5 -1.5 ];
sentences = {'86800' '91451' '65555' '66127' '35209' '34994' '23081' '29394' '48832' '92629' '52988' '70565' '47173' '87713' '14040' '09216' '51437' '70762' '03676' '18348' };
offsets = [27478 35856 514 39500 14700 19180 21167 16409 17485 15665 2655 2924 6018 10582 5111 40106 23228 707 26953 4678 ];

