target=0.50;discardreversals=2;startvalue=0.00;steps=[4  2  1];selfservice=0;
threshold = [-8.00 ];
values = [5.00 11.00 5.00 0.00 -5.00 -8.00 -3.00 -4.50 -6.00 -8.50 -7.00 -7.50 -8.00 -6.50 -9.00 -8.50 -7.00 -9.50 -9.00 -8.50 ];
reversals = [0 -1 0 0 0 1 -1 0 0 1 -1 0 1 -1 1 0 -1 1 0 -1 ];
measures = [0 0 0 0 0 0 1 1 1 1 1 1 1 1 1 1 1 1 1 1 ];
presentations = [1 2 3 4 5 6 7 8 9 10 11 12 13 14 15 16 17 18 19 20 ];
answers = [1 4 5 5 4 0 4 4 5 1 3 3 1 5 2 1 5 2 2 3 ];
adjustments = [6 -6 -5 -5 -3 5 -1.5 -1.5 -2.5 1.5 -0.5 -0.5 1.5 -2.5 0.5 1.5 -2.5 0.5 0.5 -0.5 ];
sentences = {'34994' '43285' '65555' '26626' '18502' '94067' '39994' '80338' '23081' '86800' '09216' '92629' '67850' '70762' '51437' '72141' '05413' '51779' '18348' '47173' };
offsets = [72805 29425 67205 72710 41548 55222 56278 73426 36910 57381 5059 75847 66030 57830 25760 33947 79111 46042 12221 53623 ];

