target=0.50;discardreversals=2;startvalue=0.00;steps=[4  2  1];selfservice=0;
threshold = [-1.00 ];
values = [0.00 -6.00 4.00 -1.00 -2.50 -1.00 0.50 2.00 0.50 3.00 0.50 0.00 0.50 -2.00 -1.50 -4.00 -1.50 -1.00 -1.50 -4.00 ];
reversals = [0 1 -1 0 1 0 0 -1 1 -1 0 1 -1 1 -1 1 0 -1 0 1 ];
measures = [0 0 0 0 1 1 1 1 1 1 1 1 1 1 1 1 1 1 1 1 ];
presentations = [1 2 3 4 5 6 7 8 9 10 11 12 13 14 15 16 17 18 19 20 ];
answers = [4 0 5 4 1 1 1 4 0 5 3 2 5 2 5 0 2 3 5 0 ];
adjustments = [-6 10 -5 -1.5 1.5 1.5 1.5 -1.5 2.5 -2.5 -0.5 0.5 -2.5 0.5 -2.5 2.5 0.5 -0.5 -2.5 2.5 ];
sentences = {'22586' '41634' '30757' '68819' '33528' '44697' '50976' '21080' '98162' '77705' '69444' '74972' '06251' '16140' '99308' '03491' '87263' '12339' '55025' '85813' };
offsets = [1273 8313 6801 17644 9548 28217 20217 3637 21002 160 14131 8078 28873 19233 6424 41549 8405 935 21033 3937 ];

