target=0.75;minreversals=14;discardreversals=4;minmeasures=25;startvalue=70.00;steps=[4  4  2  1];feedback=0;
threshold = [68.00 ];
values = [74.00 70.00 66.00 78.00 74.00 74.00 74.00 72.00 70.00 68.00 68.00 74.00 74.00 74.00 73.00 72.00 71.00 71.00 70.00 70.00 69.00 69.00 68.00 68.00 68.00 71.00 70.00 69.00 69.00 68.00 67.00 67.00 66.00 65.00 68.00 68.00 68.00 67.00 67.00 67.00 70.00 69.00 69.00 69.00 69.00 69.00 69.00 68.00 68.00 67.00 67.00 66.00 65.00 68.00 67.00 70.00 70.00 69.00 68.00 67.00 67.00 67.00 70.00 69.00 69.00 69.00 68.00 68.00 ];
reversals = [0 0 1 -1 0 0 0 0 0 0 1 0 0 -1 0 0 0 0 0 0 0 0 0 0 1 -1 0 0 0 0 0 0 0 1 0 0 -1 0 0 1 -1 0 0 0 0 0 0 0 0 0 0 0 1 -1 1 0 -1 0 0 0 0 1 -1 0 0 0 0 0 ];
measures = [0 0 0 0 0 0 0 0 0 0 0 0 0 0 0 0 0 0 0 0 0 0 0 0 1 1 1 1 1 1 1 1 1 1 1 1 1 1 1 1 1 1 1 1 1 1 1 1 1 1 1 1 1 1 1 1 1 1 1 1 1 1 1 1 1 1 1 1 ];
presentations = [1 1 1 1 0 0 1 1 1 0 1 0 0 1 1 1 0 1 0 1 0 1 0 0 1 1 1 0 1 1 0 1 1 1 0 0 1 0 0 1 1 0 0 0 0 0 1 0 1 0 1 1 1 1 1 0 1 1 1 0 0 1 1 0 0 1 0 1 ];
answers = [1 1 0 1 0 0 1 1 1 0 0 0 0 1 1 1 0 1 0 1 0 1 0 0 0 1 1 0 1 1 0 1 1 0 0 0 1 0 0 0 1 0 0 0 0 0 1 0 1 0 1 1 0 1 0 0 1 1 1 0 0 0 1 0 0 1 0 1 ];
adjustments = [-4 -4 12 -4 0 0 -2 -2 -2 0 6 0 0 -1 -1 -1 0 -1 0 -1 0 -1 0 0 3 -1 -1 0 -1 -1 0 -1 -1 3 0 0 -1 0 0 3 -1 0 0 0 0 0 -1 0 -1 0 -1 -1 3 -1 3 0 -1 -1 -1 0 0 3 -1 0 0 -1 0 -1 ];

