target=0.50;discardreversals=2;startvalue=0.00;steps=[4  2  1];selfservice=0;
threshold = [0.00 ];
values = [0.00 6.00 0.00 -5.00 0.00 -2.50 -1.00 1.50 1.00 -0.50 -3.00 -1.50 -1.00 -0.50 1.00 0.50 1.00 -1.50 0.00 -0.50 ];
reversals = [0 -1 0 1 -1 1 0 -1 0 0 1 0 0 0 -1 1 -1 1 -1 1 ];
measures = [0 0 0 0 1 1 1 1 1 1 1 1 1 1 1 1 1 1 1 1 ];
presentations = [1 2 3 4 5 6 7 8 9 10 11 12 13 14 15 16 17 18 19 20 ];
answers = [1 4 5 0 5 1 0 3 4 5 1 2 2 1 3 2 5 1 3 2 ];
adjustments = [6 -6 -5 5 -2.5 1.5 2.5 -0.5 -1.5 -2.5 1.5 0.5 0.5 1.5 -0.5 0.5 -2.5 1.5 -0.5 0.5 ];
sentences = {'48835' '89135' '15149' '95569' '52277' '24318' '18314' '31601' '77974' '82487' '66553' '47048' '76802' '90790' '03262' '33980' '24621' '59026' '00456' '61793' };
offsets = [33058 3519 4736 1238 1585 24823 17535 31236 9545 529 16139 10869 21929 9774 11356 24053 24117 3857 12721 19047 ];

