target=0.50;discardreversals=2;startvalue=0.00;steps=[4  2  1];selfservice=0;
threshold = [-1.50 ];
values = [0.00 -6.00 4.00 -1.00 -3.50 -1.00 -2.50 -1.00 -1.50 0.00 -2.50 -5.00 -3.50 -2.00 -1.50 -2.00 -1.50 -3.00 -0.50 -2.00 ];
reversals = [0 1 -1 0 1 -1 1 -1 1 -1 0 1 0 0 -1 1 -1 1 -1 1 ];
measures = [0 0 0 0 1 1 1 1 1 1 1 1 1 1 1 1 1 1 1 1 ];
presentations = [1 2 3 4 5 6 7 8 9 10 11 12 13 14 15 16 17 18 19 20 ];
answers = [4 0 5 5 0 4 1 3 1 5 5 1 1 2 3 2 4 0 4 2 ];
adjustments = [-6 10 -5 -2.5 2.5 -1.5 1.5 -0.5 1.5 -2.5 -2.5 1.5 1.5 0.5 -0.5 0.5 -1.5 2.5 -1.5 0.5 ];
sentences = {'00456' '33980' '90013' '68271' '18314' '02737' '52277' '23448' '89364' '51195' '24621' '61793' '76600' '15952' '44529' '89135' '95569' '47048' '76802' '37886' };
offsets = [14608 1979 11275 23157 22027 7853 13704 3702 1420 2270 12339 17502 21853 8922 9186 12583 5555 32028 34840 32531 ];

