target=0.50;discardreversals=2;startvalue=0.00;steps=[4  2  1];selfservice=0;
threshold = [1.00 ];
values = [0.00 10.00 0.00 -1.00 4.00 3.50 1.00 2.50 1.00 3.50 5.00 2.50 0.00 2.50 1.00 2.50 0.00 -2.50 0.00 0.50 ];
reversals = [0 -1 0 1 -1 0 1 -1 1 0 -1 0 1 -1 1 -1 0 1 0 -1 ];
measures = [0 0 0 0 1 1 1 1 1 1 1 1 1 1 1 1 1 1 1 1 ];
presentations = [1 2 3 4 5 6 7 8 9 10 11 12 13 14 15 16 17 18 19 20 ];
answers = [0 5 3 0 3 5 1 4 0 1 5 5 0 4 1 5 5 0 2 3 ];
adjustments = [10 -10 -1 5 -0.5 -2.5 1.5 -1.5 2.5 1.5 -2.5 -2.5 2.5 -1.5 1.5 -2.5 -2.5 2.5 0.5 -0.5 ];
sentences = {'90013' '52277' '23448' '37886' '02737' '15952' '61793' '33980' '89364' '51195' '76600' '00456' '44529' '24621' '76802' '18314' '68271' '89135' '47048' '95569' };
offsets = [452867 2225602 3582024 666069 3008389 4610486 322953 2244827 486798 3853044 861021 3515335 627490 4353766 4554236 495026 3753726 4220367 3329132 278929 ];

