target=0.50;discardreversals=2;startvalue=0.00;steps=[4  2  1];selfservice=0;
threshold = [-2.50 ];
values = [0.00 -6.00 4.00 1.00 -0.50 -3.00 -3.50 -3.00 -0.50 -3.00 -1.50 -1.00 -2.50 0.00 -2.50 -2.00 -1.50 0.00 -1.50 -3.00 ];
reversals = [0 1 -1 0 0 0 1 0 -1 1 0 -1 1 -1 1 0 0 -1 0 1 ];
measures = [0 0 0 0 0 0 1 1 1 1 1 1 1 1 1 1 1 1 1 1 ];
presentations = [1 2 3 4 5 6 7 8 9 10 11 12 13 14 15 16 17 18 19 20 ];
answers = [4 0 4 4 5 3 2 0 5 1 2 4 0 5 2 2 1 4 4 2 ];
adjustments = [-6 10 -3 -1.5 -2.5 -0.5 0.5 2.5 -2.5 1.5 0.5 -1.5 2.5 -2.5 0.5 0.5 1.5 -1.5 -1.5 0.5 ];
sentences = {'68271' '87263' '89364' '22586' '37886' '03491' '41634' '76600' '16140' '15952' '74972' '68819' '30757' '55025' '44529' '02737' '51195' '23448' '99308' '90013' };
offsets = [32119 19044 9653 7125 13574 660 27764 22534 3588 2630 21722 1871 3397 3400 26874 10929 314 7589 21599 27605 ];

