target=0.75;minreversals=14;discardreversals=4;minmeasures=25;startvalue=70.00;steps=[4  4  2  1];feedback=0;
threshold = [288.50 ];
values = [82.00 78.00 74.00 70.00 86.00 102.00 118.00 134.00 150.00 166.00 182.00 198.00 194.00 202.00 201.00 205.00 209.00 213.00 217.00 221.00 225.00 229.00 233.00 232.00 231.00 231.00 231.00 231.00 234.00 237.00 237.00 237.00 237.00 240.00 240.00 243.00 246.00 249.00 252.00 252.00 255.00 258.00 258.00 258.00 258.00 261.00 264.00 264.00 267.00 270.00 274.00 273.00 272.00 272.00 272.00 272.00 275.00 275.00 275.00 278.00 281.00 281.00 281.00 281.00 284.00 287.00 290.00 293.00 296.00 296.00 299.00 299.00 299.00 299.00 299.00 299.00 302.00 305.00 304.00 303.00 303.00 306.00 310.00 309.00 308.00 308.00 308.00 307.00 306.00 305.00 305.00 305.00 304.00 304.00 303.00 306.00 ];
reversals = [0 0 0 1 0 0 0 0 0 0 0 -1 1 -1 1 0 0 0 0 0 0 0 -1 0 0 0 0 1 0 0 0 0 0 0 0 0 0 0 0 0 0 0 0 0 0 0 0 0 0 0 -1 0 0 0 0 1 0 0 0 0 0 0 0 0 0 0 0 0 0 0 0 0 0 0 0 0 0 -1 0 0 1 0 -1 0 0 0 0 0 0 0 0 0 0 0 1 -1 ];
measures = [0 0 0 0 0 0 0 0 0 0 0 0 0 0 1 1 1 1 1 1 1 1 1 1 1 1 1 1 1 1 1 1 1 1 1 1 1 1 1 1 1 1 1 1 1 1 1 1 1 1 1 1 1 1 1 1 1 1 1 1 1 1 1 1 1 1 1 1 1 1 1 1 1 1 1 1 1 1 1 1 1 1 1 1 1 1 1 1 1 1 1 1 1 1 1 1 ];
presentations = [1 1 1 0 0 0 0 0 0 0 0 1 0 1 0 0 0 0 0 0 0 0 1 1 0 0 0 1 1 0 0 0 1 0 1 1 1 1 0 1 1 0 0 0 1 1 0 1 1 0 1 1 0 0 0 1 0 0 1 1 0 0 0 1 1 1 1 1 0 1 0 0 0 0 0 1 1 1 1 0 1 0 1 1 0 0 1 1 1 0 0 1 0 1 1 1 ];
answers = [1 1 1 1 1 1 1 1 1 1 1 1 1 1 1 1 1 1 1 1 1 1 1 1 0 0 0 0 0 0 0 0 0 0 0 0 0 0 0 0 0 0 0 0 0 0 0 0 0 1 1 1 0 0 0 0 0 0 0 0 0 0 0 0 0 0 0 0 0 0 0 0 0 0 0 0 0 1 1 0 0 1 1 1 0 0 1 1 1 0 0 1 0 1 0 1 ];
adjustments = [-4 -4 -4 16 16 16 16 16 16 16 16 -4 8 -1 4 4 4 4 4 4 4 4 -1 -1 0 0 0 3 3 0 0 0 3 0 3 3 3 3 0 3 3 0 0 0 3 3 0 3 3 4 -1 -1 0 0 0 3 0 0 3 3 0 0 0 3 3 3 3 3 0 3 0 0 0 0 0 3 3 -1 -1 0 3 4 -1 -1 0 0 -1 -1 -1 0 0 -1 0 -1 3 -1 ];

