target=0.50;discardreversals=2;startvalue=0.00;steps=[4  2  1];selfservice=0;
threshold = [13.50 ];
values = [5.00 15.00 25.00 15.00 14.00 17.00 14.50 13.00 14.50 15.00 14.50 12.00 11.50 14.00 12.50 10.00 12.50 13.00 14.50 15.00 ];
reversals = [0 0 -1 0 1 -1 0 1 0 -1 0 0 1 -1 0 1 0 0 0 0 ];
measures = [0 0 0 0 0 1 1 1 1 1 1 1 1 1 1 1 1 1 1 1 ];
presentations = [1 2 3 4 5 6 7 8 9 10 11 12 13 14 15 16 17 18 19 20 ];
answers = [0 0 5 3 1 5 4 1 2 3 5 3 0 4 5 0 2 1 2 2 ];
adjustments = [10 10 -10 -1 3 -2.5 -1.5 1.5 0.5 -0.5 -2.5 -0.5 2.5 -1.5 -2.5 2.5 0.5 1.5 0.5 0.5 ];
sentences = {'92629' '78835' '65555' '82009' '51437' '95162' '47173' '07970' '18348' '63558' '34226' '09216' '46393' '70762' '23081' '34994' '51417' '29744' '86800' '10681' };
offsets = [36843 31315 27985 35999 24679 31214 22061 5251 45933 44546 10631 100772 58208 54531 46471 14579 26348 49374 12071 64169 ];

