target=0.50;discardreversals=2;startvalue=0.00;steps=[4  2  1];selfservice=0;
threshold = [5.25 ];
values = [0.00 10.00 8.00 9.00 6.50 8.00 5.50 7.00 4.50 4.00 2.50 5.00 2.50 4.00 2.50 4.00 4.50 6.00 6.50 4.00 ];
reversals = [0 -1 1 -1 1 -1 1 -1 0 0 1 -1 1 -1 1 0 0 0 -1 1 ];
measures = [0 0 0 1 1 1 1 1 1 1 1 1 1 1 1 1 1 1 1 1 ];
presentations = [1 2 3 4 5 6 7 8 9 10 11 12 13 14 15 16 17 18 19 20 ];
answers = [0 3 2 5 1 5 1 5 3 4 0 5 1 4 1 2 1 2 5 2 ];
adjustments = [10 -2 1 -2.5 1.5 -2.5 1.5 -2.5 -0.5 -1.5 2.5 -2.5 1.5 -1.5 1.5 0.5 1.5 0.5 -2.5 0.5 ];
sentences = {'00456' '24621' '61793' '95569' '51437' '70762' '76802' '23081' '52277' '65555' '34994' '33980' '47173' '18348' '47048' '86800' '89135' '92629' '18314' '09216' };
offsets = [20315 19770 7366 11518 7132 273 22491 28025 11037 8966 15997 20443 35358 17541 14175 13409 17226 27682 11042 25590 ];

