target=0.50;discardreversals=2;startvalue=0.00;steps=[4  2  1];selfservice=0;
threshold = [12.50 ];
values = [0.00 10.00 20.00 10.00 15.00 13.50 12.00 14.50 15.00 15.50 14.00 13.50 16.00 15.50 14.00 12.50 10.00 12.50 12.00 12.50 ];
reversals = [0 0 -1 1 -1 0 1 0 0 -1 0 1 -1 0 0 0 1 -1 1 -1 ];
measures = [0 0 0 0 1 1 1 1 1 1 1 1 1 1 1 1 1 1 1 1 ];
presentations = [1 2 3 4 5 6 7 8 9 10 11 12 13 14 15 16 17 18 19 20 ];
answers = [0 0 5 0 4 4 0 2 2 4 3 0 3 4 4 5 0 3 2 3 ];
adjustments = [10 10 -10 5 -1.5 -1.5 2.5 0.5 0.5 -1.5 -0.5 2.5 -0.5 -1.5 -1.5 -2.5 2.5 -0.5 0.5 -0.5 ];
sentences = {'16140' '44697' '06251' '85813' '03491' '77705' '69444' '99308' '22586' '87263' '68819' '41634' '98162' '74972' '21080' '55025' '12339' '30757' '33528' '50976' };
offsets = [2484408 137567 2551299 3102928 4057999 3471536 3864923 3605279 4336739 4656819 2570608 1141425 2452780 706681 617330 227035 4550258 1580360 3889200 3335703 ];

