target=0.50;discardreversals=2;startvalue=0.00;steps=[4  2  1];selfservice=0;
threshold = [15.00 ];
values = [0.00 10.00 20.00 10.00 15.00 14.50 12.00 14.50 16.00 13.50 15.00 12.50 14.00 11.50 11.00 12.50 14.00 16.50 15.00 15.50 ];
reversals = [0 0 -1 1 -1 0 1 0 -1 1 -1 1 -1 0 1 0 0 -1 1 -1 ];
measures = [0 0 0 0 1 1 1 1 1 1 1 1 1 1 1 1 1 1 1 1 ];
presentations = [1 2 3 4 5 6 7 8 9 10 11 12 13 14 15 16 17 18 19 20 ];
answers = [0 0 5 0 3 5 0 1 5 1 5 1 5 3 1 1 0 4 2 4 ];
adjustments = [10 10 -10 5 -0.5 -2.5 2.5 1.5 -2.5 1.5 -2.5 1.5 -2.5 -0.5 1.5 1.5 2.5 -1.5 0.5 -1.5 ];
sentences = {'05413' '94067' '72141' '67850' '29744' '26626' '43285' '78835' '95162' '63558' '34226' '51779' '07970' '10681' '51417' '80338' '39994' '46393' '18502' '82009' };
offsets = [7021 12256 2943 5678 9366 11443 483 5535 9036 2287 29793 9068 33101 12578 17561 14425 12411 38772 603 4456 ];

