target=0.50;discardreversals=2;startvalue=0.00;steps=[4  2  1];selfservice=0;
%parameters=quiet,65
threshold = [26.00 ];
values = [0.00 10.00 20.00 30.00 20.00 25.00 27.50 26.00 25.50 27.00 27.50 29.00 28.50 28.00 26.50 24.00 26.50 26.00 24.50 26.00 ];
reversals = [0 0 0 -1 1 0 -1 0 1 0 0 -1 0 0 0 1 -1 0 1 -1 ];
measures = [0 0 0 0 0 0 1 1 1 1 1 1 1 1 1 1 1 1 1 1 ];
presentations = [1 2 3 4 5 6 7 8 9 10 11 12 13 14 15 16 17 18 19 20 ];
answers = [0 0 0 5 0 0 4 3 1 2 1 3 3 4 5 0 3 4 1 3 ];
adjustments = [10 10 10 -10 5 2.5 -1.5 -0.5 1.5 0.5 1.5 -0.5 -0.5 -1.5 -2.5 2.5 -0.5 -1.5 1.5 -0.5 ];
sentences = {'66127' '70565' '72141' '80338' '67850' '87713' '39994' '52988' '29394' '26626' '48832' '91451' '18502' '51779' '35209' '05413' '94067' '03676' '14040' '43285' };
offsets = [12605 75599 14849 25900 46345 21522 20250 2316 12099 89810 42073 54381 22655 27452 30251 63036 30274 51258 54835 12340 ];

