target=0.50;discardreversals=2;startvalue=0.00;steps=[4  2  1];selfservice=0;
%parameters=icra5.250,65
threshold = [24.25 ];
values = [0.00 10.00 20.00 30.00 20.00 25.00 24.50 24.00 21.50 22.00 24.50 24.00 24.50 24.00 21.50 22.00 23.50 25.00 26.50 24.00 ];
reversals = [0 0 0 -1 1 -1 0 0 1 0 -1 1 -1 0 1 0 0 0 -1 1 ];
measures = [0 0 0 0 0 1 1 1 1 1 1 1 1 1 1 1 1 1 1 1 ];
presentations = [1 2 3 4 5 6 7 8 9 10 11 12 13 14 15 16 17 18 19 20 ];
answers = [0 0 0 5 0 3 3 5 2 0 3 2 3 5 2 1 1 1 5 2 ];
adjustments = [10 10 10 -10 5 -0.5 -0.5 -2.5 0.5 2.5 -0.5 0.5 -0.5 -2.5 0.5 1.5 1.5 1.5 -2.5 0.5 ];
sentences = {'89364' '44529' '67850' '90013' '23448' '51195' '39994' '68271' '80338' '15952' '94067' '05413' '76600' '72141' '26626' '51779' '18502' '43285' '02737' '37886' };
offsets = [80027 848489 2791742 2633298 3669648 1067869 3000761 3117862 4424649 396464 1193719 4332670 463107 71085 2872298 2143362 2758060 4018038 3047396 3783348 ];

