target=0.50;discardreversals=2;startvalue=0.00;steps=[4  2  1];selfservice=0;
%parameters=icra5.250,65,re
threshold = [26.50 ];
values = [0.00 10.00 20.00 30.00 24.00 27.00 25.50 27.00 24.50 26.00 27.50 28.00 25.50 23.00 24.50 26.00 26.50 24.00 25.50 27.00 ];
reversals = [0 0 0 -1 1 -1 1 -1 1 0 0 -1 0 1 0 0 -1 1 0 -1 ];
measures = [0 0 0 0 0 1 1 1 1 1 1 1 1 1 1 1 1 1 1 1 ];
presentations = [1 2 3 4 5 6 7 8 9 10 11 12 13 14 15 16 17 18 19 20 ];
answers = [0 0 0 4 1 4 1 5 1 1 2 5 5 1 1 2 5 1 1 4 ];
adjustments = [10 10 10 -6 3 -1.5 1.5 -2.5 1.5 1.5 0.5 -2.5 -2.5 1.5 1.5 0.5 -2.5 1.5 1.5 -1.5 ];
sentences = {'51437' '91451' '70762' '48832' '09216' '34994' '47173' '52988' '23081' '87713' '66127' '03676' '18348' '14040' '70565' '65555' '35209' '86800' '92629' '29394' };
offsets = [2757721 2373360 533 1472128 143465 966012 2530458 56874 4774573 999912 4303156 3248458 3878864 3273581 4419127 1774780 100884 2489507 19999 4006301 ];

