target=0.50;discardreversals=2;startvalue=0.00;steps=[4  2  1];selfservice=0;
%parameters=icra5.250,65,train
threshold = [25.75 ];
values = [0.00 10.00 20.00 30.00 24.00 23.00 24.00 25.50 26.00 26.50 28.00 27.50 26.00 26.50 26.00 24.50 25.00 25.50 24.00 24.50 ];
reversals = [0 0 0 -1 0 1 0 0 0 0 -1 0 1 -1 0 1 0 -1 1 0 ];
measures = [0 0 0 0 0 0 0 0 0 0 1 1 1 1 1 1 1 1 1 1 ];
presentations = [1 2 3 4 5 6 7 8 9 10 11 12 13 14 15 16 17 18 19 20 ];
answers = [0 0 0 4 3 2 1 2 2 1 3 4 2 3 4 2 2 4 2 1 ];
adjustments = [10 10 10 -6 -1 1 1.5 0.5 0.5 1.5 -0.5 -1.5 0.5 -0.5 -1.5 0.5 0.5 -1.5 0.5 1.5 ];
sentences = {'98162' '69444' '12339' '85813' '80338' '06251' '44697' '50976' '26626' '43285' '77705' '18502' '67850' '33528' '72141' '21080' '51779' '05413' '94067' '39994' };
offsets = [3357057 4664558 501688 2523041 4274776 2286514 3220582 1615157 4625239 330259 4631371 4304497 2607661 2456837 663143 4715470 2394144 152380 1348737 1724936 ];

