target=0.75;minreversals=12;discardreversals=4;minmeasures=14;startvalue=85.00;steps=[8  4  4  2  1];feedback=0;
%parameters=0500, 55
threshold = [92.50 ];
values = [101.00 93.00 85.00 109.00 105.00 101.00 101.00 97.00 97.00 97.00 93.00 89.00 101.00 99.00 98.00 97.00 97.00 97.00 97.00 96.00 95.00 95.00 94.00 94.00 93.00 93.00 93.00 93.00 93.00 93.00 93.00 93.00 93.00 93.00 92.00 92.00 91.00 90.00 93.00 92.00 91.00 90.00 89.00 88.00 88.00 91.00 91.00 91.00 91.00 91.00 91.00 94.00 93.00 93.00 97.00 96.00 96.00 96.00 96.00 96.00 95.00 94.00 94.00 93.00 93.00 92.00 91.00 90.00 90.00 90.00 90.00 90.00 89.00 92.00 ];
reversals = [0 0 1 -1 0 0 0 0 0 0 0 1 -1 0 0 0 0 0 0 0 0 0 0 0 0 0 0 0 0 0 0 0 0 0 0 0 0 1 -1 0 0 0 0 0 1 0 0 0 0 0 0 -1 0 1 -1 0 0 0 0 0 0 0 0 0 0 0 0 0 0 0 0 0 1 -1 ];
measures = [0 0 0 0 0 0 0 0 0 0 0 0 0 0 0 0 0 0 0 0 0 0 0 0 0 0 0 0 0 0 0 0 0 0 0 0 0 1 1 1 1 1 1 1 1 1 1 1 1 1 1 1 1 1 1 1 1 1 1 1 1 1 1 1 1 1 1 1 1 1 1 1 1 1 ];
presentations = [1 1 1 1 1 0 1 0 0 1 1 1 1 1 1 0 0 0 1 1 0 1 0 1 0 0 0 0 0 0 0 0 0 1 0 1 1 1 1 1 1 1 1 0 1 0 0 0 0 0 1 1 0 0 1 0 0 0 0 1 1 0 1 0 1 1 1 0 0 0 0 1 1 1 ];
answers = [1 1 0 1 1 0 1 0 0 1 1 0 1 1 1 0 0 0 1 1 0 1 0 1 0 0 0 0 0 0 0 0 0 1 0 1 1 0 1 1 1 1 1 0 0 0 0 0 0 0 0 1 0 1 1 0 0 0 0 1 1 0 1 0 1 1 1 0 0 0 0 1 0 1 ];
adjustments = [-8 -8 24 -4 -4 0 -4 0 0 -4 -4 12 -2 -1 -1 0 0 0 -1 -1 0 -1 0 -1 0 0 0 0 0 0 0 0 0 -1 0 -1 -1 3 -1 -1 -1 -1 -1 0 3 0 0 0 0 0 3 -1 0 4 -1 0 0 0 0 -1 -1 0 -1 0 -1 -1 -1 0 0 0 0 -1 3 -1 ];

