target=0.50;discardreversals=2;startvalue=0.00;steps=[4  2  1];selfservice=0;
%parameters=icra1,65,train
threshold = [26.75 ];
values = [0.00 10.00 20.00 30.00 32.00 26.00 27.00 28.50 27.00 28.50 28.00 27.50 26.00 25.50 24.00 26.50 26.00 24.50 24.00 26.50 ];
reversals = [0 0 0 0 -1 1 0 -1 1 -1 0 0 0 0 1 -1 0 0 1 0 ];
measures = [0 0 0 0 0 0 0 1 1 1 1 1 1 1 1 1 1 1 1 1 ];
presentations = [1 2 3 4 5 6 7 8 9 10 11 12 13 14 15 16 17 18 19 20 ];
answers = [0 0 0 2 4 2 1 4 1 3 3 4 3 4 0 3 4 3 0 2 ];
adjustments = [10 10 10 2 -6 1 1.5 -1.5 1.5 -0.5 -0.5 -1.5 -0.5 -1.5 2.5 -0.5 -1.5 -0.5 2.5 0.5 ];
sentences = {'02737' '43285' '90013' '76600' '68271' '67850' '72141' '37886' '26626' '15952' '05413' '51195' '80338' '18502' '23448' '89364' '51779' '39994' '94067' '44529' };
offsets = [1965 2319 12817 6658 21699 6192 6493 12053 20380 2885 11684 2272 17338 7980 7513 17481 9703 25352 15359 38467 ];

