target=0.50;discardreversals=2;startvalue=0.00;steps=[4  2  1];selfservice=0;
%parameters=icra1,65,re
threshold = [24.50 ];
values = [0.00 10.00 20.00 30.00 24.00 27.00 24.50 25.00 24.50 26.00 24.50 26.00 23.50 24.00 23.50 23.00 25.50 23.00 24.50 27.00 ];
reversals = [0 0 0 -1 1 -1 1 -1 1 -1 1 -1 1 -1 0 1 -1 1 0 -1 ];
measures = [0 0 0 0 0 1 1 1 1 1 1 1 1 1 1 1 1 1 1 1 ];
presentations = [1 2 3 4 5 6 7 8 9 10 11 12 13 14 15 16 17 18 19 20 ];
answers = [0 0 0 4 1 5 2 3 1 4 1 5 2 3 3 0 5 1 0 4 ];
adjustments = [10 10 10 -6 3 -2.5 0.5 -0.5 1.5 -1.5 1.5 -2.5 0.5 -0.5 -0.5 2.5 -2.5 1.5 2.5 -1.5 ];
sentences = {'51417' '33528' '34226' '21080' '95162' '85813' '77705' '06251' '69444' '07970' '29744' '12339' '63558' '10681' '44697' '98162' '50976' '78835' '46393' '82009' };
offsets = [3376 18082 23814 28581 5541 20913 12081 39495 16782 2450 1618 527 24759 7131 30894 1385 11733 2630 31664 3903 ];

