target=0.50;discardreversals=2;startvalue=0.00;steps=[4  2  1];selfservice=0;
%parameters=icra1,65
threshold = [25.50 ];
values = [0.00 10.00 20.00 30.00 20.00 25.00 25.50 25.00 23.50 26.00 26.50 27.00 25.50 26.00 23.50 23.00 24.50 26.00 28.50 27.00 ];
reversals = [0 0 0 -1 1 0 -1 0 1 0 0 -1 1 -1 0 1 0 0 -1 0 ];
measures = [0 0 0 0 0 0 1 1 1 1 1 1 1 1 1 1 1 1 1 1 ];
presentations = [1 2 3 4 5 6 7 8 9 10 11 12 13 14 15 16 17 18 19 20 ];
answers = [0 0 0 5 0 2 3 4 0 2 2 4 2 5 3 1 1 0 4 4 ];
adjustments = [10 10 10 -10 5 0.5 -0.5 -1.5 2.5 0.5 0.5 -1.5 0.5 -2.5 -0.5 1.5 1.5 2.5 -1.5 -1.5 ];
sentences = {'37886' '15952' '89364' '68271' '76600' '48835' '23448' '90790' '66553' '24318' '51195' '82487' '31601' '02737' '15149' '90013' '59026' '77974' '44529' '03262' };
offsets = [26319 1589 21274 34859 18110 35763 24876 5051 6765 10534 12234 7232 21324 13978 294 13995 31351 7991 29766 13537 ];

