target=0.50;discardreversals=2;startvalue=0.00;steps=[4  2  1];selfservice=0;
%parameters=icra1,101
threshold = [-1.00 ];
values = [0.00 2.00 -4.00 1.00 -0.50 -3.00 -2.50 -2.00 -1.50 -1.00 -2.50 -2.00 -0.50 2.00 0.50 -2.00 -0.50 1.00 1.50 0.00 ];
reversals = [0 -1 1 -1 0 1 0 0 0 -1 1 0 0 -1 0 1 0 0 -1 0 ];
measures = [0 0 0 1 1 1 1 1 1 1 1 1 1 1 1 1 1 1 1 1 ];
presentations = [1 2 3 4 5 6 7 8 9 10 11 12 13 14 15 16 17 18 19 20 ];
answers = [2 4 0 4 5 2 2 2 2 4 2 1 0 4 5 1 1 2 4 4 ];
adjustments = [2 -6 5 -1.5 -2.5 0.5 0.5 0.5 0.5 -1.5 0.5 1.5 2.5 -1.5 -2.5 1.5 1.5 0.5 -1.5 -1.5 ];
sentences = {'06251' '48835' '85813' '24318' '77705' '44697' '03262' '21080' '98162' '59026' '33528' '82487' '66553' '90790' '15149' '69444' '77974' '31601' '12339' '50976' };
offsets = [26944 22997 14924 25676 3922 21564 21365 25490 11362 18960 35807 28893 13820 3401 5433 20344 9352 29591 4890 11668 ];

