target=0.50;discardreversals=2;startvalue=0.00;steps=[4  2  1];selfservice=0;
%parameters=babble,65
threshold = [24.25 ];
values = [0.00 10.00 20.00 30.00 20.00 25.00 23.50 25.00 25.50 26.00 28.50 28.00 25.50 23.00 24.50 25.00 25.50 25.00 23.50 25.00 ];
reversals = [0 0 0 -1 1 -1 1 0 0 0 -1 0 0 1 0 0 -1 0 1 0 ];
measures = [0 0 0 0 0 1 1 1 1 1 1 1 1 1 1 1 1 1 1 1 ];
presentations = [1 2 3 4 5 6 7 8 9 10 11 12 13 14 15 16 17 18 19 20 ];
answers = [0 0 0 5 0 4 1 2 2 0 3 5 5 1 2 2 3 4 1 2 ];
adjustments = [10 10 10 -10 5 -1.5 1.5 0.5 0.5 2.5 -0.5 -2.5 -2.5 1.5 0.5 0.5 -0.5 -1.5 1.5 0.5 ];
sentences = {'48832' '18314' '76802' '33980' '52277' '35209' '00456' '87713' '24621' '66127' '70565' '61793' '95569' '91451' '14040' '03676' '47048' '52988' '29394' '89135' };
offsets = [4605 18913 36066 28656 21345 11747 18460 12174 21622 33745 29005 24086 22911 13822 18312 47288 17634 12811 6344 21596 ];

