target=0.50;discardreversals=2;startvalue=0.00;steps=[4  2  1];selfservice=0;
threshold = [-2.00 ];
values = [0.00 10.00 0.00 1.00 -1.50 -2.00 -2.50 -3.00 -1.50 -3.00 -2.50 -2.00 -2.50 -1.00 -2.50 0.00 -0.50 -2.00 -1.50 -1.00 ];
reversals = [0 -1 1 -1 0 0 0 1 -1 1 0 -1 1 -1 1 -1 0 1 0 0 ];
measures = [0 0 0 1 1 1 1 1 1 1 1 1 1 1 1 1 1 1 1 1 ];
presentations = [1 2 3 4 5 6 7 8 9 10 11 12 13 14 15 16 17 18 19 20 ];
answers = [0 5 2 5 3 3 3 1 4 2 2 3 1 4 0 3 4 2 2 2 ];
adjustments = [10 -10 1 -2.5 -0.5 -0.5 -0.5 1.5 -1.5 0.5 0.5 -0.5 1.5 -1.5 2.5 -0.5 -1.5 0.5 0.5 0.5 ];
sentences = {'89364' '63558' '29744' '51195' '44529' '34226' '23448' '37886' '78835' '07970' '82009' '10681' '15952' '51417' '95162' '02737' '76600' '68271' '90013' '46393' };
offsets = [12578 25834 5865 19770 18479 26049 20041 12332 11871 8259 16718 9804 1030 6046 7934 8552 718 11928 921 37204 ];

