target=0.50;discardreversals=2;startvalue=0.00;steps=[4  2  1];selfservice=0;
threshold = [-1.00 ];
values = [0.00 6.00 4.00 1.00 0.00 3.00 1.50 1.00 0.50 -1.00 -1.50 -2.00 -0.50 1.00 -1.50 0.00 -2.50 -1.00 -2.50 -4.00 ];
reversals = [0 -1 0 0 1 -1 0 0 0 0 0 1 0 -1 1 -1 1 -1 0 0 ];
measures = [0 0 0 0 0 1 1 1 1 1 1 1 1 1 1 1 1 1 1 1 ];
presentations = [1 2 3 4 5 6 7 8 9 10 11 12 13 14 15 16 17 18 19 20 ];
answers = [1 3 4 3 1 4 3 3 4 3 3 1 1 5 1 5 1 4 4 4 ];
adjustments = [6 -2 -3 -1 3 -1.5 -0.5 -0.5 -1.5 -0.5 -0.5 1.5 1.5 -2.5 1.5 -2.5 1.5 -1.5 -1.5 -1.5 ];
sentences = {'23448' '22586' '74972' '55025' '87263' '37886' '68271' '41634' '68819' '16140' '90013' '15952' '30757' '76600' '99308' '02737' '03491' '44529' '89364' '51195' };
offsets = [2094017 744446 2014477 929213 324669 3965883 3811505 4047233 2728369 2259743 360109 3868840 1099367 3449764 3680172 4372319 1421258 905392 1235722 1264037 ];

