target=0.50;discardreversals=2;startvalue=0.00;steps=[4  2  1];selfservice=0;
threshold = [-2.25 ];
values = [0.00 -6.00 4.00 1.00 -1.50 -3.00 -3.50 -3.00 -1.50 -4.00 -3.50 -3.00 -1.50 0.00 -2.50 -2.00 -3.50 -1.00 -1.50 -2.00 ];
reversals = [0 1 -1 0 0 0 1 0 -1 1 0 0 0 -1 1 -1 1 -1 0 0 ];
measures = [0 0 0 0 0 0 1 1 1 1 1 1 1 1 1 1 1 1 1 1 ];
presentations = [1 2 3 4 5 6 7 8 9 10 11 12 13 14 15 16 17 18 19 20 ];
answers = [4 0 4 5 4 3 2 1 5 2 2 1 1 5 2 4 0 3 3 4 ];
adjustments = [-6 10 -3 -2.5 -1.5 -0.5 0.5 1.5 -2.5 0.5 0.5 1.5 1.5 -2.5 0.5 -1.5 2.5 -0.5 -0.5 -1.5 ];
sentences = {'90013' '23448' '37886' '02737' '24318' '66553' '44529' '15952' '15149' '82487' '68271' '77974' '03262' '59026' '31601' '89364' '76600' '90790' '51195' '48835' };
offsets = [20119 110 21330 3841 22054 1991 4707 3466 7306 19579 5729 13740 16901 2748 34289 14373 31420 8360 9918 29298 ];

