target=0.50;discardreversals=2;startvalue=0.00;steps=[4  2  1];selfservice=0;
threshold = [-7.00 ];
values = [5.00 -1.00 -11.00 -5.00 -10.00 -8.50 -6.00 -5.50 -7.00 -7.50 -10.00 -7.50 -10.00 -7.50 -6.00 -6.50 -6.00 -4.50 -3.00 -5.50 ];
reversals = [0 0 1 -1 1 0 0 -1 0 0 1 -1 1 0 -1 1 0 0 -1 0 ];
measures = [0 0 0 0 1 1 1 1 1 1 1 1 1 1 1 1 1 1 1 1 ];
presentations = [1 2 3 4 5 6 7 8 9 10 11 12 13 14 15 16 17 18 19 20 ];
answers = [4 5 1 5 1 0 2 4 3 5 0 5 0 1 3 2 1 1 5 4 ];
adjustments = [-6 -10 6 -5 1.5 2.5 0.5 -1.5 -0.5 -2.5 2.5 -2.5 2.5 1.5 -0.5 0.5 1.5 1.5 -2.5 -1.5 ];
sentences = {'61793' '95569' '87713' '24621' '91451' '47048' '14040' '35209' '89135' '66127' '29394' '70565' '76802' '48832' '52988' '00456' '33980' '03676' '18314' '52277' };
offsets = [2063 20333 32822 33592 29907 50898 25362 29261 11078 94688 11505 41810 10340 49364 72587 49127 10584 3503 75223 32484 ];

