target=0.50;discardreversals=2;startvalue=0.00;steps=[4  2  1];selfservice=0;
threshold = [-2.50 ];
values = [0.00 -2.00 0.00 -5.00 -3.50 -2.00 -2.50 -2.00 -2.50 -2.00 -0.50 2.00 -0.50 -3.00 -2.50 -3.00 -0.50 0.00 0.50 -1.00 ];
reversals = [0 1 -1 1 0 -1 1 -1 1 0 0 -1 0 1 -1 1 0 0 -1 0 ];
measures = [0 0 0 1 1 1 1 1 1 1 1 1 1 1 1 1 1 1 1 1 ];
presentations = [1 2 3 4 5 6 7 8 9 10 11 12 13 14 15 16 17 18 19 20 ];
answers = [3 2 5 1 1 3 2 3 2 1 0 5 5 2 3 0 2 2 4 3 ];
adjustments = [-2 2 -5 1.5 1.5 -0.5 0.5 -0.5 0.5 1.5 2.5 -2.5 -2.5 0.5 -0.5 2.5 0.5 0.5 -1.5 -0.5 ];
sentences = {'65555' '80338' '18348' '51437' '39994' '67850' '34994' '51779' '18502' '09216' '94067' '86800' '92629' '05413' '72141' '47173' '23081' '43285' '26626' '70762' };
offsets = [8187 22440 4530 12852 22577 4803 23805 9153 5815 4912 22830 34891 7355 18474 13481 24751 17770 2678 26342 418 ];

