target=0.50;discardreversals=2;startvalue=0.00;steps=[4  2  1];selfservice=0;
threshold = [-4.50 ];
values = [0.00 -6.00 0.00 -1.00 -0.50 -1.00 0.50 -2.00 -2.50 -3.00 -3.50 -5.00 -5.50 -6.00 -4.50 -6.00 -7.50 -9.00 -8.50 -11.00 ];
reversals = [0 1 -1 1 -1 1 -1 0 0 0 0 0 0 1 -1 0 0 1 -1 1 ];
measures = [0 0 0 1 1 1 1 1 1 1 1 1 1 1 1 1 1 1 1 1 ];
presentations = [1 2 3 4 5 6 7 8 9 10 11 12 13 14 15 16 17 18 19 20 ];
answers = [4 1 3 2 3 1 5 3 3 3 4 3 3 1 4 4 4 2 5 1 ];
adjustments = [-6 6 -1 0.5 -0.5 1.5 -2.5 -0.5 -0.5 -0.5 -1.5 -0.5 -0.5 1.5 -1.5 -1.5 -1.5 0.5 -2.5 1.5 ];
sentences = {'78835' '30757' '74972' '51417' '16140' '34226' '46393' '68819' '63558' '10681' '41634' '87263' '55025' '03491' '82009' '29744' '22586' '99308' '95162' '07970' };
offsets = [578566 3199167 2864648 3779633 2288702 1983992 2550705 671830 4052267 1403608 3639137 1648055 3236498 3361254 1342703 4117320 2779935 1552665 1567643 2817509 ];

