target=0.50;discardreversals=2;startvalue=0.00;steps=[4  2  1];selfservice=0;
threshold = [0.50 ];
values = [0.00 10.00 4.00 7.00 4.50 3.00 3.50 3.00 1.50 -1.00 -3.50 -2.00 0.50 -1.00 -2.50 0.00 -0.50 -2.00 -1.50 1.00 ];
reversals = [0 -1 1 -1 0 1 -1 0 0 0 1 0 -1 0 1 -1 0 1 0 -1 ];
measures = [0 0 0 1 1 1 1 1 1 1 1 1 1 1 1 1 1 1 1 1 ];
presentations = [1 2 3 4 5 6 7 8 9 10 11 12 13 14 15 16 17 18 19 20 ];
answers = [0 4 1 5 4 2 3 4 5 5 1 0 4 4 0 3 4 2 0 3 ];
adjustments = [10 -6 3 -2.5 -1.5 0.5 -0.5 -1.5 -2.5 -2.5 1.5 2.5 -1.5 -1.5 2.5 -0.5 -1.5 0.5 2.5 -0.5 ];
sentences = {'87263' '03491' '16140' '18348' '30757' '47173' '41634' '74972' '92629' '68819' '22586' '09216' '86800' '51437' '70762' '65555' '23081' '99308' '34994' '55025' };
offsets = [3193357 1323690 219742 564023 3881099 3168390 3254895 37546 3202366 4272823 3954851 3187 467883 1371725 2522414 3188533 1358802 2958245 541846 1622359 ];

