target=0.50;discardreversals=2;startvalue=0.00;steps=[4  2  1];selfservice=0;
threshold = [-3.75 ];
values = [0.00 -10.00 0.00 -5.00 -3.50 -5.00 -4.50 -4.00 -1.50 -2.00 -2.50 -4.00 -2.50 -4.00 -2.50 -4.00 -3.50 -4.00 -3.50 -2.00 ];
reversals = [0 1 -1 1 -1 1 0 0 -1 0 0 1 -1 1 -1 1 -1 1 0 -1 ];
measures = [0 0 0 1 1 1 1 1 1 1 1 1 1 1 1 1 1 1 1 1 ];
presentations = [1 2 3 4 5 6 7 8 9 10 11 12 13 14 15 16 17 18 19 20 ];
answers = [5 0 5 1 4 2 2 0 3 3 4 1 4 1 4 2 3 2 1 5 ];
adjustments = [-10 10 -5 1.5 -1.5 0.5 0.5 2.5 -0.5 -0.5 -1.5 1.5 -1.5 1.5 -1.5 0.5 -0.5 0.5 1.5 -2.5 ];
sentences = {'29394' '03676' '35209' '52988' '48835' '87713' '77974' '66553' '31601' '14040' '15149' '66127' '59026' '82487' '48832' '70565' '03262' '90790' '91451' '24318' };
offsets = [2773 10113 5202 3718 2674 1002 689 6675 15695 6304 2458 31700 18663 2466 18108 19625 16913 9651 13291 24637 ];

