target=0.50;discardreversals=2;startvalue=0.00;steps=[4  2  1];selfservice=0;
threshold = [1.50 ];
values = [5.00 -1.00 9.00 4.00 1.50 1.00 2.50 2.00 -0.50 2.00 0.50 2.00 1.50 0.00 -0.50 1.00 1.50 2.00 0.50 3.00 ];
reversals = [0 1 -1 0 0 1 -1 0 1 -1 1 -1 0 0 1 0 0 -1 1 -1 ];
measures = [0 0 0 0 0 1 1 1 1 1 1 1 1 1 1 1 1 1 1 1 ];
presentations = [1 2 3 4 5 6 7 8 9 10 11 12 13 14 15 16 17 18 19 20 ];
answers = [4 0 5 5 3 1 3 5 0 4 1 3 4 3 1 2 2 4 0 5 ];
adjustments = [-6 10 -5 -2.5 -0.5 1.5 -0.5 -2.5 2.5 -1.5 1.5 -0.5 -1.5 -0.5 1.5 0.5 0.5 -1.5 2.5 -2.5 ];
sentences = {'76600' '23448' '69444' '85813' '06251' '33528' '15952' '12339' '90013' '68271' '44697' '21080' '44529' '89364' '50976' '51195' '02737' '37886' '98162' '77705' };
offsets = [54419 36519 62876 42160 23472 10675 1061 12913 1053 79669 64581 86545 77606 71598 41558 32835 11094 43213 56541 49780 ];

