target=0.50;discardreversals=2;startvalue=0.00;steps=[4  2  1];selfservice=0;
threshold = [-3.50 ];
values = [0.00 10.00 0.00 3.00 1.50 0.00 -2.50 -5.00 -3.50 -4.00 -3.50 -1.00 -3.50 -1.00 -2.50 -4.00 -1.50 -1.00 -3.50 -2.00 ];
reversals = [0 -1 1 -1 0 0 0 1 -1 1 0 -1 1 -1 0 1 0 -1 1 -1 ];
measures = [0 0 0 1 1 1 1 1 1 1 1 1 1 1 1 1 1 1 1 1 ];
presentations = [1 2 3 4 5 6 7 8 9 10 11 12 13 14 15 16 17 18 19 20 ];
answers = [0 5 1 4 4 5 5 1 3 2 0 5 0 4 4 0 2 5 1 3 ];
adjustments = [10 -10 3 -1.5 -1.5 -2.5 -2.5 1.5 -0.5 0.5 2.5 -2.5 2.5 -1.5 -1.5 2.5 0.5 -2.5 1.5 -0.5 ];
sentences = {'35209' '76802' '89135' '52277' '87713' '14040' '29394' '61793' '24621' '18314' '33980' '95569' '91451' '70565' '47048' '66127' '00456' '03676' '48832' '52988' };
offsets = [7579 19186 12989 416 9406 6111 10756 5177 5868 10765 24349 3148 23300 2574 22665 23227 33315 39502 1851 2284 ];

