target=0.50;discardreversals=2;startvalue=0.00;steps=[4  2  1];selfservice=0;
threshold = [5.75 ];
values = [0.00 10.00 0.00 5.00 5.50 6.00 6.50 5.00 5.50 5.00 7.50 7.00 4.50 4.00 6.50 6.00 3.50 6.00 7.50 6.00 ];
reversals = [0 -1 1 0 0 0 -1 1 -1 1 -1 0 0 1 -1 0 1 0 -1 1 ];
measures = [0 0 0 0 0 0 1 1 1 1 1 1 1 1 1 1 1 1 1 1 ];
presentations = [1 2 3 4 5 6 7 8 9 10 11 12 13 14 15 16 17 18 19 20 ];
answers = [0 5 0 2 2 2 4 2 3 0 3 5 3 0 3 5 0 1 4 0 ];
adjustments = [10 -10 5 0.5 0.5 0.5 -1.5 0.5 -0.5 2.5 -0.5 -2.5 -0.5 2.5 -0.5 -2.5 2.5 1.5 -1.5 2.5 ];
sentences = {'07970' '92629' '65555' '63558' '29744' '47173' '46393' '34994' '09216' '78835' '86800' '82009' '34226' '10681' '51437' '95162' '70762' '51417' '18348' '23081' };
offsets = [3137086 60480 1924963 1751867 363710 517696 571323 4564036 2661347 4753430 2802881 3189899 1187324 3900261 4000750 4004029 1733975 2177111 870007 1925244 ];

