target=0.50;discardreversals=2;startvalue=0.00;steps=[4  2  1];selfservice=0;
threshold = [1.00 ];
values = [0.00 2.00 0.00 3.00 0.50 -1.00 1.50 2.00 0.50 1.00 1.50 1.00 2.50 0.00 -0.50 2.00 -0.50 1.00 -0.50 2.00 ];
reversals = [0 -1 1 -1 0 1 0 -1 1 0 -1 1 -1 0 1 -1 1 -1 1 0 ];
measures = [0 0 0 1 1 1 1 1 1 1 1 1 1 1 1 1 1 1 1 1 ];
presentations = [1 2 3 4 5 6 7 8 9 10 11 12 13 14 15 16 17 18 19 20 ];
answers = [2 3 1 5 4 0 2 4 2 2 3 1 5 3 0 5 1 4 0 2 ];
adjustments = [2 -2 3 -2.5 -1.5 2.5 0.5 -1.5 0.5 0.5 -0.5 1.5 -2.5 -0.5 2.5 -2.5 1.5 -1.5 2.5 0.5 ];
sentences = {'93692' '36514' '24318' '22336' '82487' '31601' '90790' '45923' '87470' '70287' '08168' '48835' '15149' '59026' '03262' '69009' '11755' '54841' '77974' '66553' };
offsets = [5825 21883 16323 7448 22646 1963 7533 18551 1696 24191 14098 23730 7755 4237 25846 5836 3096 8766 27424 15365 ];

