target=0.50;discardreversals=2;startvalue=0.00;steps=[4  2  1];selfservice=0;
threshold = [-4.00 ];
values = [0.00 6.00 -4.00 -7.00 -2.00 -4.50 -4.00 -6.50 -4.00 -5.50 -4.00 -4.50 -2.00 -4.50 -3.00 -3.50 -3.00 -3.50 -6.00 -3.50 ];
reversals = [0 -1 0 1 -1 1 -1 1 -1 1 -1 1 -1 1 -1 1 -1 0 1 -1 ];
measures = [0 0 0 0 1 1 1 1 1 1 1 1 1 1 1 1 1 1 1 1 ];
presentations = [1 2 3 4 5 6 7 8 9 10 11 12 13 14 15 16 17 18 19 20 ];
answers = [1 5 4 0 5 2 5 0 4 1 3 0 5 1 3 2 3 5 0 3 ];
adjustments = [6 -10 -3 5 -2.5 0.5 -2.5 2.5 -1.5 1.5 -0.5 2.5 -2.5 1.5 -0.5 0.5 -0.5 -2.5 2.5 -0.5 ];
sentences = {'89364' '76600' '06251' '98162' '50976' '68271' '90013' '23448' '77705' '15952' '02737' '21080' '12339' '33528' '37886' '44529' '51195' '44697' '85813' '69444' };
offsets = [24929 27629 43924 11881 2485 32029 4003 28363 12928 6441 21516 9143 3151 29184 1730 11521 18912 17598 19411 25795 ];

