target=0.50;discardreversals=2;startvalue=0.00;steps=[4  2  1];selfservice=0;
threshold = [-1.00 ];
values = [0.00 10.00 20.00 30.00 20.00 15.00 10.00 5.00 0.00 1.00 -1.50 -1.00 -2.50 -3.00 -1.50 1.00 -1.50 -2.00 -2.50 -4.00 ];
reversals = [0 0 0 -1 0 0 0 0 1 -1 1 -1 0 1 0 -1 0 0 0 0 ];
measures = [0 0 0 0 0 0 0 0 0 1 1 1 1 1 1 1 1 1 1 1 ];
presentations = [1 2 3 4 5 6 7 8 9 10 11 12 13 14 15 16 17 18 19 20 ];
answers = [0 0 0 5 5 5 5 5 2 5 2 4 3 1 0 5 3 3 4 3 ];
adjustments = [10 10 10 -10 -5 -5 -5 -5 1 -2.5 0.5 -1.5 -0.5 1.5 2.5 -2.5 -0.5 -0.5 -1.5 -0.5 ];
sentences = {'08168' '69009' '34226' '10681' '70287' '45923' '29744' '36514' '63558' '51417' '07970' '54841' '87470' '22336' '93692' '95162' '11755' '78835' '46393' '82009' };
offsets = [3909 3039 34375 4853 9182 12063 3225 19086 17629 20936 21515 1047 4418 28025 19331 9043 11679 32387 1481 9014 ];

