target=0.50;discardreversals=2;startvalue=0.00;steps=[4  2  1];selfservice=0;
threshold = [-4.50 ];
values = [0.00 -2.00 -12.00 -2.00 -7.00 -4.50 -2.00 -4.50 -2.00 -4.50 -2.00 -2.50 -3.00 -5.50 -5.00 -5.50 -6.00 -3.50 -3.00 -0.50 ];
reversals = [0 0 1 -1 1 0 -1 1 -1 1 -1 0 0 1 -1 0 1 0 0 -1 ];
measures = [0 0 0 0 1 1 1 1 1 1 1 1 1 1 1 1 1 1 1 1 ];
presentations = [1 2 3 4 5 6 7 8 9 10 11 12 13 14 15 16 17 18 19 20 ];
answers = [3 5 0 5 0 0 5 0 5 0 3 3 5 2 3 3 0 2 0 4 ];
adjustments = [-2 -10 10 -5 2.5 2.5 -2.5 2.5 -2.5 2.5 -0.5 -0.5 -2.5 0.5 -0.5 -0.5 2.5 0.5 2.5 -1.5 ];
sentences = {'48835' '70762' '31601' '66553' '92629' '09216' '65555' '15149' '47173' '82487' '03262' '34994' '24318' '59026' '18348' '90790' '51437' '77974' '86800' '23081' };
offsets = [22186 172 17925 36146 20137 25156 10351 9767 9596 25571 32526 18158 759 30857 22886 1900 5899 20149 17504 14379 ];

