target=0.50;discardreversals=2;startvalue=0.00;steps=[4  2  1];selfservice=0;
threshold = [-17.00 ];
values = [5.00 -5.00 -15.00 -17.00 -11.00 -16.00 -16.50 -17.00 -14.50 -17.00 -15.50 -18.00 -18.50 -19.00 -16.50 -19.00 -19.50 -18.00 -20.50 -18.00 ];
reversals = [0 0 0 1 -1 0 0 1 -1 1 -1 0 0 1 -1 0 1 -1 1 0 ];
measures = [0 0 0 0 0 0 0 1 1 1 1 1 1 1 1 1 1 1 1 1 ];
presentations = [1 2 3 4 5 6 7 8 9 10 11 12 13 14 15 16 17 18 19 20 ];
answers = [5 5 3 1 5 3 3 0 5 1 5 3 3 0 5 3 1 5 0 2 ];
adjustments = [-10 -10 -2 6 -5 -0.5 -0.5 2.5 -2.5 1.5 -2.5 -0.5 -0.5 2.5 -2.5 -0.5 1.5 -2.5 2.5 0.5 ];
sentences = {'09216' '34994' '78835' '63558' '51417' '23081' '70762' '07970' '18348' '10681' '51437' '82009' '65555' '86800' '95162' '34226' '29744' '92629' '46393' '47173' };
offsets = [8151 4943 14478 55763 48620 66216 10821 61165 30993 3470 28027 77024 41970 88145 57365 62451 36740 55371 18750 44171 ];

