target=0.75;minreversals=14;discardreversals=4;minmeasures=25;startvalue=70.00;steps=[4  4  2  1];feedback=0;
threshold = [120.00 ];
values = [78.00 74.00 70.00 66.00 66.00 78.00 74.00 72.00 70.00 68.00 76.00 76.00 76.00 76.00 80.00 80.00 83.00 86.00 85.00 89.00 93.00 96.00 100.00 103.00 102.00 101.00 100.00 104.00 104.00 107.00 107.00 107.00 107.00 110.00 114.00 117.00 116.00 115.00 114.00 118.00 118.00 121.00 125.00 125.00 125.00 125.00 125.00 124.00 124.00 124.00 124.00 123.00 123.00 126.00 126.00 130.00 129.00 128.00 127.00 127.00 130.00 129.00 128.00 128.00 127.00 126.00 125.00 125.00 ];
reversals = [0 0 0 0 1 -1 0 0 0 1 0 0 0 0 0 0 0 -1 1 0 0 0 0 -1 0 0 1 0 0 0 0 0 0 0 0 -1 0 0 1 0 0 0 0 0 0 0 -1 0 0 0 0 0 1 0 0 -1 0 0 0 1 -1 0 0 0 0 0 0 0 ];
measures = [0 0 0 0 0 0 0 0 0 0 0 0 0 0 0 0 0 0 1 1 1 1 1 1 1 1 1 1 1 1 1 1 1 1 1 1 1 1 1 1 1 1 1 1 1 1 1 1 1 1 1 1 1 1 1 1 1 1 1 1 1 1 1 1 1 1 1 1 ];
presentations = [1 1 1 0 1 1 1 1 1 0 0 0 0 0 0 1 1 1 0 0 1 0 1 1 1 1 0 0 1 0 0 0 1 0 1 1 1 1 0 0 1 0 0 0 0 0 1 0 0 0 1 0 1 0 0 1 1 1 0 1 1 1 0 1 1 1 0 1 ];
answers = [1 1 1 0 0 1 1 1 1 1 0 0 0 1 0 0 0 1 1 1 0 1 0 1 1 1 1 0 0 0 0 0 0 1 0 1 1 1 1 0 0 1 0 0 0 0 1 0 0 0 1 0 0 0 1 1 1 1 0 0 1 1 0 1 1 1 0 1 ];
adjustments = [-4 -4 -4 0 12 -4 -2 -2 -2 8 0 0 0 4 0 3 3 -1 4 4 3 4 3 -1 -1 -1 4 0 3 0 0 0 3 4 3 -1 -1 -1 4 0 3 4 0 0 0 0 -1 0 0 0 -1 0 3 0 4 -1 -1 -1 0 3 -1 -1 0 -1 -1 -1 0 -1 ];

