target=0.75;minreversals=14;discardreversals=4;minmeasures=25;startvalue=70.00;steps=[4  4  2  1];feedback=0;
threshold = [151.50 ];
values = [82.00 78.00 74.00 70.00 86.00 102.00 114.00 110.00 118.00 121.00 120.00 120.00 120.00 119.00 119.00 122.00 121.00 125.00 129.00 129.00 132.00 132.00 136.00 140.00 143.00 143.00 142.00 146.00 149.00 148.00 148.00 148.00 148.00 147.00 147.00 150.00 154.00 153.00 152.00 151.00 150.00 150.00 150.00 150.00 149.00 149.00 149.00 149.00 152.00 151.00 155.00 155.00 155.00 158.00 158.00 158.00 157.00 156.00 160.00 163.00 162.00 166.00 166.00 166.00 166.00 166.00 169.00 168.00 167.00 171.00 171.00 ];
reversals = [0 0 0 1 0 0 -1 1 0 -1 0 0 0 0 1 -1 1 0 0 0 0 0 0 0 0 -1 1 0 -1 0 0 0 0 0 1 0 -1 0 0 0 0 0 0 0 0 0 0 1 -1 1 0 0 0 0 0 -1 0 1 0 -1 1 0 0 0 0 0 -1 0 1 0 -1 ];
measures = [0 0 0 0 0 0 0 0 0 0 0 0 0 0 1 1 1 1 1 1 1 1 1 1 1 1 1 1 1 1 1 1 1 1 1 1 1 1 1 1 1 1 1 1 1 1 1 1 1 1 1 1 1 1 1 1 1 1 1 1 1 1 1 1 1 1 1 1 1 1 1 ];
presentations = [1 1 1 0 0 1 1 0 1 1 0 0 1 0 1 1 0 0 0 1 0 0 0 1 0 1 0 1 1 0 0 0 1 0 1 0 1 1 1 1 0 0 0 1 0 0 0 1 1 0 0 0 1 0 0 1 1 0 1 1 0 0 0 0 0 1 1 1 0 0 1 ];
answers = [1 1 1 1 1 0 1 1 0 1 0 0 1 0 0 1 1 1 0 0 0 1 1 0 0 1 1 0 1 0 0 0 1 0 0 1 1 1 1 1 0 0 0 1 0 0 0 0 1 1 0 0 0 0 0 1 1 1 0 1 1 0 0 0 0 0 1 1 1 0 1 ];
adjustments = [-4 -4 -4 16 16 12 -4 8 3 -1 0 0 -1 0 3 -1 4 4 0 3 0 4 4 3 0 -1 4 3 -1 0 0 0 -1 0 3 4 -1 -1 -1 -1 0 0 0 -1 0 0 0 3 -1 4 0 0 3 0 0 -1 -1 4 3 -1 4 0 0 0 0 3 -1 -1 4 0 -1 ];

