target=0.75;minreversals=14;discardreversals=4;minmeasures=25;startvalue=60.00;steps=[8  8  4  2];feedback=0;
threshold = [55.00 ];
values = [68.00 60.00 52.00 44.00 44.00 44.00 68.00 60.00 56.00 52.00 48.00 64.00 62.00 62.00 62.00 62.00 60.00 58.00 64.00 64.00 62.00 60.00 60.00 60.00 58.00 58.00 58.00 58.00 56.00 54.00 62.00 68.00 68.00 68.00 68.00 66.00 66.00 66.00 64.00 64.00 62.00 60.00 60.00 60.00 58.00 58.00 56.00 54.00 52.00 50.00 50.00 50.00 48.00 48.00 46.00 46.00 46.00 46.00 44.00 42.00 40.00 40.00 46.00 54.00 54.00 54.00 54.00 52.00 52.00 50.00 50.00 48.00 46.00 44.00 42.00 50.00 56.00 54.00 52.00 60.00 60.00 ];
reversals = [0 0 0 0 0 1 -1 0 0 0 1 -1 0 0 0 0 0 1 0 -1 0 0 0 0 0 0 0 0 0 1 0 0 0 0 -1 0 0 0 0 0 0 0 0 0 0 0 0 0 0 0 0 0 0 0 0 0 0 0 0 0 0 1 0 0 0 0 -1 0 0 0 0 0 0 0 1 0 -1 0 1 0 -1 ];
measures = [0 0 0 0 0 0 0 0 0 0 0 0 0 0 0 0 0 1 1 1 1 1 1 1 1 1 1 1 1 1 1 1 1 1 1 1 1 1 1 1 1 1 1 1 1 1 1 1 1 1 1 1 1 1 1 1 1 1 1 1 1 1 1 1 1 1 1 1 1 1 1 1 1 1 1 1 1 1 1 1 1 ];
presentations = [1 1 1 0 0 1 1 1 1 1 0 1 0 0 0 1 1 1 0 1 1 0 0 1 0 0 0 1 1 0 1 0 0 0 1 0 0 1 0 1 1 0 0 1 0 1 1 1 1 0 0 1 0 1 0 0 0 1 1 1 0 1 0 0 0 0 1 0 1 0 1 1 1 1 0 1 1 1 0 0 1 ];
answers = [1 1 1 0 0 0 1 1 1 1 1 1 0 0 0 1 1 0 0 1 1 0 0 1 0 0 0 1 1 1 0 0 0 0 1 0 0 1 0 1 1 0 0 1 0 1 1 1 1 0 0 1 0 1 0 0 0 1 1 1 0 0 1 0 0 0 1 0 1 0 1 1 1 1 1 0 1 1 1 0 1 ];
adjustments = [-8 -8 -8 0 0 24 -8 -4 -4 -4 16 -2 0 0 0 -2 -2 6 0 -2 -2 0 0 -2 0 0 0 -2 -2 8 6 0 0 0 -2 0 0 -2 0 -2 -2 0 0 -2 0 -2 -2 -2 -2 0 0 -2 0 -2 0 0 0 -2 -2 -2 0 6 8 0 0 0 -2 0 -2 0 -2 -2 -2 -2 8 6 -2 -2 8 0 -2 ];

