target=0.50;discardreversals=2;startvalue=0.00;steps=[4  2  1];selfservice=0;
threshold = [-11.75 ];
values = [0.00 -10.00 -16.00 -6.00 -11.00 -12.50 -12.00 -11.50 -12.00 -11.50 -10.00 -9.50 -7.00 -8.50 -10.00 -12.50 -10.00 -12.50 -12.00 -10.50 ];
reversals = [0 0 1 -1 0 1 0 -1 1 0 0 0 -1 0 0 1 -1 1 0 -1 ];
measures = [0 0 0 0 0 1 1 1 1 1 1 1 1 1 1 1 1 1 1 1 ];
presentations = [1 2 3 4 5 6 7 8 9 10 11 12 13 14 15 16 17 18 19 20 ];
answers = [5 4 0 5 4 2 2 3 2 1 2 0 4 4 5 0 5 2 1 5 ];
adjustments = [-10 -6 10 -5 -1.5 0.5 0.5 -0.5 0.5 1.5 0.5 2.5 -1.5 -1.5 -2.5 2.5 -2.5 0.5 1.5 -2.5 ];
sentences = {'44697' '69444' '18502' '72141' '67850' '51779' '39994' '33528' '98162' '50976' '77705' '06251' '43285' '05413' '80338' '12339' '26626' '21080' '94067' '85813' };
offsets = [46230 1140413 63640 4793181 3073391 1177632 1983025 1824602 3504829 2319309 3825842 3703859 2948818 4162683 1538904 984758 2323243 2479491 738308 1141021 ];

