target=0.75;minreversals=14;discardreversals=4;minmeasures=25;startvalue=60.00;steps=[8  8  4  2];feedback=0;
threshold = [290.00 ];
values = [84.00 76.00 68.00 60.00 84.00 108.00 140.00 164.00 196.00 220.00 244.00 244.00 276.00 300.00 292.00 288.00 300.00 308.00 306.00 304.00 302.00 302.00 300.00 300.00 300.00 306.00 314.00 312.00 310.00 308.00 308.00 306.00 306.00 306.00 306.00 306.00 306.00 306.00 306.00 306.00 304.00 302.00 300.00 300.00 300.00 300.00 298.00 296.00 294.00 292.00 290.00 290.00 296.00 294.00 294.00 292.00 290.00 288.00 286.00 286.00 286.00 286.00 286.00 286.00 284.00 284.00 282.00 282.00 288.00 286.00 284.00 284.00 284.00 284.00 290.00 288.00 286.00 284.00 284.00 292.00 ];
reversals = [0 0 0 1 0 0 0 0 0 0 0 0 0 -1 0 1 0 -1 0 0 0 0 0 0 1 0 -1 0 0 0 0 0 0 0 0 0 0 0 0 0 0 0 0 0 0 0 0 0 0 0 0 1 -1 0 0 0 0 0 0 0 0 0 0 0 0 0 0 1 -1 0 0 0 0 1 -1 0 0 0 1 -1 ];
measures = [0 0 0 0 0 0 0 0 0 0 0 0 0 0 0 0 0 0 0 0 0 0 0 0 1 1 1 1 1 1 1 1 1 1 1 1 1 1 1 1 1 1 1 1 1 1 1 1 1 1 1 1 1 1 1 1 1 1 1 1 1 1 1 1 1 1 1 1 1 1 1 1 1 1 1 1 1 1 1 1 ];
presentations = [1 1 1 1 1 0 1 0 1 1 0 0 1 1 1 1 0 1 1 1 0 1 0 0 1 0 1 1 1 0 1 0 0 0 0 0 0 0 0 1 1 1 0 0 0 1 1 1 1 1 0 1 1 0 1 1 1 1 0 0 0 0 0 1 0 1 0 1 1 1 0 0 0 1 1 1 1 0 0 1 ];
answers = [1 1 1 0 0 1 0 1 0 0 0 1 0 1 1 0 1 1 1 1 0 1 0 0 0 1 1 1 1 0 1 0 0 0 0 0 0 0 0 1 1 1 0 0 0 1 1 1 1 1 0 0 1 0 1 1 1 1 0 0 0 0 0 1 0 1 0 0 1 1 0 0 0 0 1 1 1 0 1 1 ];
adjustments = [-8 -8 -8 24 24 32 24 32 24 24 0 32 24 -8 -4 12 8 -2 -2 -2 0 -2 0 0 6 8 -2 -2 -2 0 -2 0 0 0 0 0 0 0 0 -2 -2 -2 0 0 0 -2 -2 -2 -2 -2 0 6 -2 0 -2 -2 -2 -2 0 0 0 0 0 -2 0 -2 0 6 -2 -2 0 0 0 6 -2 -2 -2 0 8 -2 ];

