target=0.50;discardreversals=2;startvalue=0.00;steps=[4  2  1];selfservice=0;
threshold = [-5.25 ];
values = [0.00 -10.00 0.00 -3.00 -4.50 -6.00 -5.50 -5.00 -2.50 -3.00 -5.50 -6.00 -5.50 -6.00 -3.50 -4.00 -4.50 -5.00 -4.50 -2.00 ];
reversals = [0 1 -1 0 0 1 0 0 -1 0 0 1 -1 1 -1 0 0 1 0 -1 ];
measures = [0 0 0 0 0 1 1 1 1 1 1 1 1 1 1 1 1 1 1 1 ];
presentations = [1 2 3 4 5 6 7 8 9 10 11 12 13 14 15 16 17 18 19 20 ];
answers = [5 0 4 4 4 2 2 0 3 5 3 2 3 0 3 3 3 2 0 5 ];
adjustments = [-10 10 -3 -1.5 -1.5 0.5 0.5 2.5 -0.5 -2.5 -0.5 0.5 -0.5 2.5 -0.5 -0.5 -0.5 0.5 2.5 -2.5 ];
sentences = {'70565' '35209' '14040' '48832' '61793' '03676' '76802' '52277' '87713' '29394' '52988' '18314' '89135' '91451' '00456' '47048' '95569' '33980' '66127' '24621' };
offsets = [956239 2263446 4255001 971804 1594517 2481933 47327 2639369 4567048 1822673 3478467 1135112 1560779 1949055 3279559 3547092 526144 3915029 513976 2616371 ];

