target=0.50;discardreversals=2;startvalue=0.00;steps=[4  2  1];selfservice=0;
threshold = [-13.50 ];
values = [0.00 -10.00 -16.00 -10.00 -13.00 -13.50 -14.00 -16.50 -14.00 -13.50 -13.00 -10.50 -10.00 -10.50 -13.00 -13.50 -13.00 -13.50 -13.00 -14.50 ];
reversals = [0 0 1 -1 0 0 0 1 0 0 0 0 -1 0 0 1 -1 1 -1 1 ];
measures = [0 0 0 0 0 0 0 1 1 1 1 1 1 1 1 1 1 1 1 1 ];
presentations = [1 2 3 4 5 6 7 8 9 10 11 12 13 14 15 16 17 18 19 20 ];
answers = [5 4 1 4 3 3 5 0 2 2 0 2 3 5 3 2 3 2 4 1 ];
adjustments = [-10 -6 6 -3 -0.5 -0.5 -2.5 2.5 0.5 0.5 2.5 0.5 -0.5 -2.5 -0.5 0.5 -0.5 0.5 -1.5 1.5 ];
sentences = {'82487' '24318' '47173' '03262' '77974' '18348' '15149' '31601' '90790' '51437' '34994' '86800' '65555' '59026' '66553' '09216' '92629' '70762' '23081' '48835' };
offsets = [4327264 3823489 3143856 487299 1358334 2015891 1482218 3791879 4193563 3265474 601669 1160562 4456670 1275331 3356025 4147777 3623867 3584586 4204512 1727855 ];

