target=0.50;discardreversals=2;startvalue=0.00;steps=[4  2  1];selfservice=0;
threshold = [-2.75 ];
values = [0.00 2.00 4.00 -2.00 -1.00 -3.50 -1.00 -3.50 -2.00 -4.50 -2.00 -3.50 -2.00 -3.50 -4.00 -2.50 -3.00 -2.50 -2.00 -4.50 ];
reversals = [0 0 -1 1 -1 1 -1 1 -1 1 -1 1 -1 0 1 -1 1 0 -1 1 ];
measures = [0 0 0 0 1 1 1 1 1 1 1 1 1 1 1 1 1 1 1 1 ];
presentations = [1 2 3 4 5 6 7 8 9 10 11 12 13 14 15 16 17 18 19 20 ];
answers = [2 2 4 2 5 0 5 1 5 0 4 1 4 3 1 3 2 2 5 1 ];
adjustments = [2 2 -6 1 -2.5 2.5 -2.5 1.5 -2.5 2.5 -1.5 1.5 -1.5 -0.5 1.5 -0.5 0.5 0.5 -2.5 1.5 ];
sentences = {'77974' '59026' '82487' '90790' '33980' '31601' '66553' '15149' '52277' '24318' '76802' '89135' '47048' '24621' '61793' '95569' '48835' '00456' '03262' '18314' };
offsets = [30172 5422 6990 548 23718 18 17 2206 8312 5442 35968 12714 12818 24022 3858 12212 20229 16537 30067 22135 ];

