target=0.50;discardreversals=2;startvalue=0.00;steps=[4  2  1];selfservice=0;
threshold = [-23.00 ];
values = [5.00 -5.00 -15.00 -21.00 -19.00 -22.00 -19.50 -19.00 -19.50 -21.00 -20.50 -22.00 -23.50 -26.00 -23.50 -23.00 -25.50 -23.00 -25.50 -23.00 ];
reversals = [0 0 0 1 -1 1 0 -1 0 1 -1 0 0 1 0 -1 1 -1 1 0 ];
measures = [0 0 0 0 0 1 1 1 1 1 1 1 1 1 1 1 1 1 1 1 ];
presentations = [1 2 3 4 5 6 7 8 9 10 11 12 13 14 15 16 17 18 19 20 ];
answers = [5 5 4 2 4 0 2 3 4 2 4 4 5 0 2 5 0 5 0 2 ];
adjustments = [-10 -10 -6 2 -3 2.5 0.5 -0.5 -1.5 0.5 -1.5 -1.5 -2.5 2.5 0.5 -2.5 2.5 -2.5 2.5 0.5 ];
sentences = {'44529' '03491' '99308' '68819' '87263' '15952' '51195' '55025' '23448' '30757' '37886' '89364' '16140' '22586' '41634' '68271' '02737' '90013' '76600' '74972' };
offsets = [40156 78160 23717 81372 10318 56508 39723 14270 72309 38794 83341 77234 1023 44704 30783 29299 68006 36453 76473 37680 ];

