target=0.50;discardreversals=2;startvalue=0.00;steps=[4  2  1];selfservice=0;
threshold = [-3.50 ];
values = [0.00 -6.00 4.00 -1.00 -3.50 -5.00 -7.50 -5.00 -4.50 -2.00 0.50 -2.00 -1.50 -4.00 -3.50 -2.00 -3.50 -6.00 -3.50 -6.00 ];
reversals = [0 1 -1 0 0 0 1 0 0 0 -1 1 -1 1 0 -1 0 1 -1 1 ];
measures = [0 0 0 0 0 0 1 1 1 1 1 1 1 1 1 1 1 1 1 1 ];
presentations = [1 2 3 4 5 6 7 8 9 10 11 12 13 14 15 16 17 18 19 20 ];
answers = [4 0 5 5 4 5 0 2 0 0 5 2 5 2 1 4 5 0 5 1 ];
adjustments = [-6 10 -5 -2.5 -1.5 -2.5 2.5 0.5 2.5 2.5 -2.5 0.5 -2.5 0.5 1.5 -1.5 -2.5 2.5 -2.5 1.5 ];
sentences = {'41634' '82487' '68819' '31601' '48835' '16140' '66553' '90790' '24318' '15149' '03491' '22586' '03262' '99308' '59026' '30757' '55025' '74972' '87263' '77974' };
offsets = [6768 22863 29802 34745 36457 19370 26942 4895 18041 2135 27597 14378 20823 618 17469 961 4255 9269 12274 1253 ];

