target=0.75;minreversals=14;discardreversals=4;minmeasures=25;startvalue=70.00;steps=[4  4  2  1];feedback=0;
threshold = [89.50 ];
values = [78.00 74.00 70.00 66.00 66.00 78.00 78.00 90.00 86.00 84.00 84.00 84.00 84.00 90.00 94.00 93.00 92.00 92.00 92.00 92.00 92.00 95.00 94.00 93.00 93.00 93.00 96.00 95.00 94.00 94.00 93.00 92.00 92.00 92.00 92.00 91.00 90.00 89.00 89.00 88.00 88.00 87.00 87.00 87.00 86.00 85.00 85.00 85.00 85.00 85.00 88.00 87.00 91.00 90.00 89.00 89.00 88.00 87.00 86.00 86.00 85.00 85.00 85.00 84.00 83.00 83.00 83.00 82.00 82.00 81.00 81.00 80.00 79.00 78.00 78.00 77.00 77.00 77.00 77.00 80.00 ];
reversals = [0 0 0 0 1 0 0 -1 0 0 0 0 1 0 -1 0 0 0 0 0 1 -1 0 0 0 1 -1 0 0 0 0 0 0 0 0 0 0 0 0 0 0 0 0 0 0 0 0 0 0 1 -1 1 -1 0 0 0 0 0 0 0 0 0 0 0 0 0 0 0 0 0 0 0 0 0 0 0 0 0 1 -1 ];
measures = [0 0 0 0 0 0 0 0 0 0 0 0 0 0 0 0 0 0 0 0 1 1 1 1 1 1 1 1 1 1 1 1 1 1 1 1 1 1 1 1 1 1 1 1 1 1 1 1 1 1 1 1 1 1 1 1 1 1 1 1 1 1 1 1 1 1 1 1 1 1 1 1 1 1 1 1 1 1 1 1 ];
presentations = [1 1 1 0 1 0 1 1 1 0 0 0 1 0 1 1 0 0 0 0 1 1 1 0 0 1 1 1 0 1 1 0 0 0 1 1 1 0 1 0 1 0 0 1 1 0 0 0 0 1 1 0 1 1 0 1 1 1 0 1 0 0 1 1 0 0 1 0 1 0 1 1 1 0 1 0 0 0 1 1 ];
answers = [1 1 1 0 0 0 0 1 1 0 0 0 0 1 1 1 0 0 0 0 0 1 1 0 0 0 1 1 0 1 1 0 0 0 1 1 1 0 1 0 1 0 0 1 1 0 0 0 0 0 1 1 1 1 0 1 1 1 0 1 0 0 1 1 0 0 1 0 1 0 1 1 1 0 1 0 0 0 0 1 ];
adjustments = [-4 -4 -4 0 12 0 12 -4 -2 0 0 0 6 4 -1 -1 0 0 0 0 3 -1 -1 0 0 3 -1 -1 0 -1 -1 0 0 0 -1 -1 -1 0 -1 0 -1 0 0 -1 -1 0 0 0 0 3 -1 4 -1 -1 0 -1 -1 -1 0 -1 0 0 -1 -1 0 0 -1 0 -1 0 -1 -1 -1 0 -1 0 0 0 3 -1 ];

