target=0.50;discardreversals=2;startvalue=0.00;steps=[4  2  1];selfservice=0;
threshold = [-7.00 ];
values = [0.00 -6.00 -8.00 2.00 -3.00 -5.50 -4.00 -6.50 -9.00 -8.50 -7.00 -8.50 -6.00 -6.50 -7.00 -7.50 -9.00 -8.50 -8.00 -6.50 ];
reversals = [0 0 1 -1 0 1 -1 0 1 0 -1 1 -1 0 0 0 1 0 0 0 ];
measures = [0 0 0 0 0 1 1 1 1 1 1 1 1 1 1 1 1 1 1 1 ];
presentations = [1 2 3 4 5 6 7 8 9 10 11 12 13 14 15 16 17 18 19 20 ];
answers = [4 3 0 5 5 1 5 5 2 1 4 0 3 3 3 4 2 2 1 2 ];
adjustments = [-6 -2 10 -5 -2.5 1.5 -2.5 -2.5 0.5 1.5 -1.5 2.5 -0.5 -0.5 -0.5 -1.5 0.5 0.5 1.5 0.5 ];
sentences = {'70565' '78835' '29394' '48832' '10681' '66127' '46393' '34226' '52988' '35209' '95162' '03676' '29744' '87713' '07970' '14040' '82009' '51417' '63558' '91451' };
offsets = [338903 498707 3705143 3765863 2329991 4604319 4216126 2937809 4438170 4135668 3491329 2196244 4162089 4156295 1809957 4038913 575610 3842322 586458 1062692 ];

