target=0.75;minreversals=14;discardreversals=4;minmeasures=25;startvalue=70.00;steps=[4  4  2  1];feedback=0;
threshold = [113.00 ];
values = [82.00 94.00 106.00 102.00 102.00 98.00 98.00 98.00 98.00 94.00 94.00 106.00 104.00 108.00 107.00 106.00 105.00 104.00 104.00 104.00 104.00 103.00 102.00 101.00 101.00 101.00 101.00 101.00 100.00 100.00 100.00 100.00 103.00 107.00 107.00 107.00 106.00 106.00 106.00 106.00 106.00 106.00 109.00 113.00 112.00 112.00 111.00 111.00 110.00 110.00 113.00 117.00 116.00 116.00 116.00 115.00 115.00 115.00 115.00 115.00 118.00 122.00 122.00 121.00 121.00 121.00 121.00 121.00 124.00 128.00 128.00 128.00 128.00 131.00 130.00 129.00 128.00 ];
reversals = [0 0 -1 0 0 0 0 0 0 0 1 -1 1 -1 0 0 0 0 0 0 0 0 0 0 0 0 0 0 0 0 0 1 0 0 0 -1 0 0 0 0 0 1 0 -1 0 0 0 0 0 1 0 -1 0 0 0 0 0 0 0 1 0 0 -1 0 0 0 0 1 0 0 0 0 0 -1 0 0 0 ];
measures = [0 0 0 0 0 0 0 0 0 0 0 0 0 1 1 1 1 1 1 1 1 1 1 1 1 1 1 1 1 1 1 1 1 1 1 1 1 1 1 1 1 1 1 1 1 1 1 1 1 1 1 1 1 1 1 1 1 1 1 1 1 1 1 1 1 1 1 1 1 1 1 1 1 1 1 1 1 ];
presentations = [1 1 1 0 1 0 0 0 1 0 1 1 0 1 1 1 1 0 0 0 1 1 1 0 0 0 0 1 0 0 0 1 0 0 0 1 0 0 0 0 0 1 0 1 0 1 0 1 0 1 0 1 0 0 1 0 0 0 0 1 0 0 1 0 0 0 0 1 0 0 0 0 1 1 1 1 1 ];
answers = [0 0 1 0 1 0 0 0 1 0 0 1 1 1 1 1 1 0 0 0 1 1 1 0 0 0 0 1 0 0 0 0 1 0 0 1 0 0 0 0 0 0 1 1 0 1 0 1 0 0 1 1 0 0 1 0 0 0 0 0 1 0 1 0 0 0 0 0 1 0 0 0 0 1 1 1 1 ];
adjustments = [12 12 -4 0 -4 0 0 0 -4 0 12 -2 4 -1 -1 -1 -1 0 0 0 -1 -1 -1 0 0 0 0 -1 0 0 0 3 4 0 0 -1 0 0 0 0 0 3 4 -1 0 -1 0 -1 0 3 4 -1 0 0 -1 0 0 0 0 3 4 0 -1 0 0 0 0 3 4 0 0 0 3 -1 -1 -1 -1 ];

