target=0.50;discardreversals=2;startvalue=0.00;steps=[4  2  1];selfservice=0;
threshold = [-3.25 ];
values = [0.00 -10.00 0.00 -5.00 -4.50 -2.00 -4.50 -4.00 -2.50 -5.00 -3.50 -3.00 -3.50 -2.00 -4.50 -6.00 -4.50 -3.00 -1.50 -2.00 ];
reversals = [0 1 -1 1 0 -1 1 0 -1 1 0 -1 1 -1 0 1 0 0 -1 0 ];
measures = [0 0 0 1 1 1 1 1 1 1 1 1 1 1 1 1 1 1 1 1 ];
presentations = [1 2 3 4 5 6 7 8 9 10 11 12 13 14 15 16 17 18 19 20 ];
answers = [5 0 5 2 0 5 2 1 5 1 2 3 1 5 4 1 1 1 3 3 ];
adjustments = [-10 10 -5 0.5 2.5 -2.5 0.5 1.5 -2.5 1.5 0.5 -0.5 1.5 -2.5 -1.5 1.5 1.5 1.5 -0.5 -0.5 ];
sentences = {'00456' '10681' '07970' '82009' '76802' '47048' '18314' '95569' '46393' '52277' '95162' '33980' '89135' '34226' '24621' '61793' '63558' '51417' '78835' '29744' };
offsets = [9359 13382 32841 22079 31413 17680 9758 5394 11955 14967 1410 23090 4870 40579 20897 19899 13235 9012 33994 8795 ];

