target=0.50;discardreversals=2;startvalue=0.00;steps=[4  2  1];selfservice=0;
threshold = [7.75 ];
values = [0.00 10.00 20.00 10.00 5.00 10.00 8.50 9.00 9.50 8.00 9.50 9.00 7.50 7.00 7.50 7.00 8.50 6.00 7.50 7.00 ];
reversals = [0 0 -1 0 1 -1 1 0 -1 1 -1 0 0 1 -1 1 -1 1 -1 1 ];
measures = [0 0 0 0 0 1 1 1 1 1 1 1 1 1 1 1 1 1 1 1 ];
presentations = [1 2 3 4 5 6 7 8 9 10 11 12 13 14 15 16 17 18 19 20 ];
answers = [0 0 5 5 0 4 2 2 4 1 3 4 3 2 3 1 5 1 3 1 ];
adjustments = [10 10 -10 -5 5 -1.5 0.5 0.5 -1.5 1.5 -0.5 -1.5 -0.5 0.5 -0.5 1.5 -2.5 1.5 -0.5 1.5 ];
sentences = {'31601' '72141' '82487' '15149' '03262' '77974' '39994' '26626' '80338' '66553' '90790' '94067' '18502' '48835' '24318' '67850' '51779' '43285' '05413' '59026' };
offsets = [16624 9769 12300 6248 28063 21252 12762 17806 5776 5109 968 9251 13789 9760 27321 13793 11732 1774 18197 26186 ];

