target=0.50;discardreversals=2;startvalue=0.00;steps=[4  2  1];selfservice=0;
threshold = [28.50 ];
values = [5.00 15.00 25.00 35.00 25.00 30.00 28.50 29.00 28.50 29.00 28.50 26.00 27.50 28.00 28.50 26.00 27.50 27.00 29.50 29.00 ];
reversals = [0 0 0 -1 1 -1 1 -1 1 -1 0 1 0 0 -1 1 -1 1 -1 1 ];
measures = [0 0 0 0 0 1 1 1 1 1 1 1 1 1 1 1 1 1 1 1 ];
presentations = [1 2 3 4 5 6 7 8 9 10 11 12 13 14 15 16 17 18 19 20 ];
answers = [0 0 0 5 0 4 2 3 2 3 5 1 2 2 5 1 3 0 3 1 ];
adjustments = [10 10 10 -10 5 -1.5 0.5 -0.5 0.5 -0.5 -2.5 1.5 0.5 0.5 -2.5 1.5 -0.5 2.5 -0.5 1.5 ];
sentences = {'29744' '10681' '51417' '22336' '70287' '82009' '34226' '69009' '78835' '11755' '07970' '46393' '87470' '63558' '08168' '93692' '54841' '95162' '36514' '45923' };
offsets = [55148 66179 42496 21450 69190 73385 33970 88890 77212 19113 72239 68382 32313 20008 55345 50323 67416 49485 20710 69105 ];

