target=0.50;discardreversals=2;startvalue=0.00;steps=[4  2  1];selfservice=0;
threshold = [7.75 ];
values = [0.00 10.00 0.00 5.00 3.50 5.00 6.50 7.00 5.50 8.00 9.50 10.00 10.50 8.00 8.50 9.00 8.50 9.00 7.50 8.00 ];
reversals = [0 -1 1 -1 1 0 0 -1 1 0 0 0 -1 1 0 -1 1 -1 1 0 ];
measures = [0 0 0 1 1 1 1 1 1 1 1 1 1 1 1 1 1 1 1 1 ];
presentations = [1 2 3 4 5 6 7 8 9 10 11 12 13 14 15 16 17 18 19 20 ];
answers = [0 5 0 4 1 1 2 4 0 1 2 2 5 2 2 3 2 4 2 2 ];
adjustments = [10 -10 5 -1.5 1.5 1.5 0.5 -1.5 2.5 1.5 0.5 0.5 -2.5 0.5 0.5 -0.5 0.5 -1.5 0.5 0.5 ];
sentences = {'22336' '03676' '11755' '93692' '14040' '45923' '66127' '52988' '87713' '70287' '87470' '70565' '54841' '36514' '48832' '08168' '91451' '35209' '69009' '29394' };
offsets = [1600860 4256249 32967 1493281 3395003 927354 2407299 3307532 231910 1578681 4514231 3657214 4544330 2966541 1092395 1765123 1701714 1710526 1546461 697573 ];

