target=0.50;discardreversals=2;startvalue=0.00;steps=[4  2  1];selfservice=0;
threshold = [28.00 ];
values = [0.00 10.00 20.00 30.00 28.00 27.00 24.00 29.00 28.50 28.00 25.50 28.00 25.50 24.00 26.50 28.00 26.50 28.00 28.50 28.00 ];
reversals = [0 0 0 -1 0 0 1 -1 0 0 1 -1 0 1 0 -1 1 0 -1 1 ];
measures = [0 0 0 0 0 0 0 1 1 1 1 1 1 1 1 1 1 1 1 1 ];
presentations = [1 2 3 4 5 6 7 8 9 10 11 12 13 14 15 16 17 18 19 20 ];
answers = [0 0 0 3 3 4 0 3 3 5 0 5 4 0 1 4 1 2 3 2 ];
adjustments = [10 10 10 -2 -1 -3 5 -0.5 -0.5 -2.5 2.5 -2.5 -1.5 2.5 1.5 -1.5 1.5 0.5 -0.5 0.5 ];
sentences = {'21080' '48832' '14040' '98162' '33528' '50976' '91451' '87713' '66127' '35209' '06251' '52988' '03676' '29394' '12339' '44697' '70565' '69444' '77705' '85813' };
offsets = [1121 14090 15384 5718 13778 2872 19668 11230 29860 8197 38422 6966 14701 21953 2299 12426 13013 2839 6372 1982 ];

