target=0.75;minreversals=14;discardreversals=4;minmeasures=25;startvalue=70.00;steps=[4  4  2  1];feedback=0;
threshold = [106.00 ];
values = [82.00 78.00 74.00 86.00 86.00 86.00 98.00 114.00 114.00 114.00 110.00 108.00 106.00 104.00 102.00 102.00 102.00 100.00 98.00 104.00 104.00 104.00 107.00 106.00 105.00 109.00 108.00 107.00 107.00 107.00 107.00 107.00 107.00 107.00 110.00 114.00 117.00 116.00 115.00 114.00 113.00 113.00 112.00 112.00 111.00 111.00 110.00 109.00 109.00 108.00 108.00 108.00 111.00 110.00 110.00 110.00 109.00 108.00 108.00 108.00 108.00 107.00 106.00 106.00 105.00 105.00 104.00 104.00 103.00 102.00 102.00 102.00 101.00 100.00 99.00 99.00 98.00 97.00 96.00 96.00 95.00 95.00 95.00 95.00 94.00 93.00 93.00 93.00 92.00 91.00 90.00 89.00 89.00 88.00 87.00 86.00 85.00 85.00 84.00 83.00 83.00 82.00 82.00 81.00 84.00 83.00 83.00 82.00 81.00 80.00 79.00 78.00 77.00 76.00 75.00 75.00 78.00 78.00 78.00 78.00 78.00 81.00 81.00 84.00 ];
reversals = [0 0 1 0 0 0 0 0 0 -1 0 0 0 0 0 0 0 0 1 0 0 0 -1 0 1 -1 0 0 0 0 0 0 0 1 0 0 -1 0 0 0 0 0 0 0 0 0 0 0 0 0 0 1 -1 0 0 0 0 0 0 0 0 0 0 0 0 0 0 0 0 0 0 0 0 0 0 0 0 0 0 0 0 0 0 0 0 0 0 0 0 0 0 0 0 0 0 0 0 0 0 0 0 0 0 1 -1 0 0 0 0 0 0 0 0 0 0 1 0 0 0 0 0 0 0 -1 ];
measures = [0 0 0 0 0 0 0 0 0 0 0 0 0 0 0 0 0 0 0 0 0 0 0 0 1 1 1 1 1 1 1 1 1 1 1 1 1 1 1 1 1 1 1 1 1 1 1 1 1 1 1 1 1 1 1 1 1 1 1 1 1 1 1 1 1 1 1 1 1 1 1 1 1 1 1 1 1 1 1 1 1 1 1 1 1 1 1 1 1 1 1 1 1 1 1 1 1 1 1 1 1 1 1 1 1 1 1 1 1 1 1 1 1 1 1 1 1 1 1 1 1 1 1 1 ];
presentations = [1 1 1 0 0 1 0 0 0 1 1 1 1 1 0 0 1 1 1 0 0 1 1 1 0 1 1 0 0 0 0 0 0 1 0 1 1 1 1 1 0 1 0 1 0 1 1 0 1 0 0 1 1 0 0 1 1 0 0 0 1 1 0 1 0 1 0 1 1 0 0 1 1 1 0 1 1 1 0 1 0 0 0 1 1 0 0 1 1 1 1 0 1 1 1 1 0 1 1 0 1 0 1 1 1 0 1 1 1 1 1 1 1 1 0 1 0 0 0 0 1 0 1 1 ];
answers = [1 1 0 0 0 0 1 0 0 1 1 1 1 1 0 0 1 1 0 0 0 0 1 1 1 1 1 0 0 0 0 0 0 0 1 0 1 1 1 1 0 1 0 1 0 1 1 0 1 0 0 0 1 0 0 1 1 0 0 0 1 1 0 1 0 1 0 1 1 0 0 1 1 1 0 1 1 1 0 1 0 0 0 1 1 0 0 1 1 1 1 0 1 1 1 1 0 1 1 0 1 0 1 0 1 0 1 1 1 1 1 1 1 1 0 0 0 0 0 0 0 0 0 1 ];
adjustments = [-4 -4 12 0 0 12 16 0 0 -4 -2 -2 -2 -2 0 0 -2 -2 6 0 0 3 -1 -1 4 -1 -1 0 0 0 0 0 0 3 4 3 -1 -1 -1 -1 0 -1 0 -1 0 -1 -1 0 -1 0 0 3 -1 0 0 -1 -1 0 0 0 -1 -1 0 -1 0 -1 0 -1 -1 0 0 -1 -1 -1 0 -1 -1 -1 0 -1 0 0 0 -1 -1 0 0 -1 -1 -1 -1 0 -1 -1 -1 -1 0 -1 -1 0 -1 0 -1 3 -1 0 -1 -1 -1 -1 -1 -1 -1 -1 0 3 0 0 0 0 3 0 3 -1 ];

