target=0.50;discardreversals=2;startvalue=0.00;steps=[4  2  1];selfservice=0;
threshold = [19.50 ];
values = [0.00 10.00 20.00 30.00 40.00 30.00 25.00 20.00 17.00 16.00 13.00 18.00 20.50 20.00 19.50 19.00 17.50 20.00 19.50 19.00 ];
reversals = [0 0 0 0 -1 0 0 0 0 0 1 0 -1 0 0 0 1 -1 0 1 ];
measures = [0 0 0 0 0 0 0 0 0 0 0 0 1 1 1 1 1 1 1 1 ];
presentations = [1 2 3 4 5 6 7 8 9 10 11 12 13 14 15 16 17 18 19 20 ];
answers = [0 0 0 0 5 5 5 4 3 4 0 0 3 3 3 4 0 3 3 1 ];
adjustments = [10 10 10 10 -10 -5 -5 -3 -1 -3 5 2.5 -0.5 -0.5 -0.5 -1.5 2.5 -0.5 -0.5 1.5 ];
sentences = {'02737' '92629' '23448' '89364' '34994' '68271' '47173' '23081' '18348' '37886' '09216' '51195' '51437' '76600' '15952' '65555' '90013' '86800' '70762' '44529' };
offsets = [14518 14995 20235 14185 25563 16369 10209 12507 4419 10245 20854 21547 9115 17190 5539 14069 17165 26070 559 31105 ];

