target=0.50;discardreversals=2;startvalue=0.00;steps=[4  2  1];selfservice=0;
threshold = [8.50 ];
values = [0.00 10.00 20.00 10.00 7.00 8.00 8.50 7.00 8.50 7.00 7.50 9.00 10.50 9.00 6.50 7.00 7.50 9.00 8.50 8.00 ];
reversals = [0 0 -1 0 1 0 -1 1 -1 1 0 0 -1 0 1 0 0 -1 0 0 ];
measures = [0 0 0 0 0 0 1 1 1 1 1 1 1 1 1 1 1 1 1 1 ];
presentations = [1 2 3 4 5 6 7 8 9 10 11 12 13 14 15 16 17 18 19 20 ];
answers = [0 0 5 4 2 2 4 1 4 2 1 1 4 5 2 2 1 3 3 3 ];
adjustments = [10 10 -10 -3 1 0.5 -1.5 1.5 -1.5 0.5 1.5 1.5 -1.5 -2.5 0.5 0.5 1.5 -0.5 -0.5 -0.5 ];
sentences = {'66127' '70762' '92629' '03676' '91451' '52988' '35209' '51437' '18348' '48832' '65555' '70565' '47173' '23081' '34994' '14040' '29394' '87713' '86800' '09216' };
offsets = [1021933 3788356 1385832 1636807 2488501 3037474 2366825 4757185 3290663 942987 3370910 2521284 16527 170721 567760 1450213 251012 741826 2634368 2660688 ];

