target=0.50;discardreversals=2;startvalue=0.00;steps=[4  2  1];selfservice=0;
threshold = [28.50 ];
values = [5.00 15.00 25.00 35.00 37.00 31.00 28.00 27.00 32.00 32.50 31.00 28.50 28.00 26.50 26.00 27.50 28.00 29.50 28.00 28.50 ];
reversals = [0 0 0 0 -1 0 0 1 0 -1 0 0 0 0 1 0 0 -1 1 -1 ];
measures = [0 0 0 0 0 0 0 0 0 1 1 1 1 1 1 1 1 1 1 1 ];
presentations = [1 2 3 4 5 6 7 8 9 10 11 12 13 14 15 16 17 18 19 20 ];
answers = [0 0 0 2 4 4 3 0 2 4 5 3 4 3 1 2 1 4 2 4 ];
adjustments = [10 10 10 2 -6 -3 -1 5 0.5 -1.5 -2.5 -0.5 -1.5 -0.5 1.5 0.5 1.5 -1.5 0.5 -1.5 ];
sentences = {'69009' '47048' '36514' '89135' '33980' '95569' '45923' '54841' '76802' '24621' '22336' '52277' '18314' '93692' '00456' '70287' '11755' '61793' '87470' '08168' };
offsets = [8585 69345 2900 70471 67792 63429 54196 40589 30140 60598 70244 3924 23640 50346 52102 31995 62604 25761 20419 42381 ];

