target=0.50;discardreversals=2;startvalue=0.00;steps=[4  2  1];selfservice=0;
threshold = [28.00 ];
values = [0.00 10.00 20.00 30.00 20.00 25.00 24.50 27.00 27.50 27.00 28.50 29.00 29.50 29.00 29.50 29.00 28.50 28.00 29.50 29.00 ];
reversals = [0 0 0 -1 1 -1 1 0 -1 1 0 0 -1 1 -1 0 0 1 -1 0 ];
measures = [0 0 0 0 0 1 1 1 1 1 1 1 1 1 1 1 1 1 1 1 ];
presentations = [1 2 3 4 5 6 7 8 9 10 11 12 13 14 15 16 17 18 19 20 ];
answers = [0 0 0 5 0 3 0 2 3 1 2 2 3 2 3 3 3 1 3 3 ];
adjustments = [10 10 10 -10 5 -0.5 2.5 0.5 -0.5 1.5 0.5 0.5 -0.5 0.5 -0.5 -0.5 -0.5 1.5 -0.5 -0.5 ];
sentences = {'30757' '87470' '54841' '22336' '93692' '08168' '74972' '22586' '68819' '55025' '11755' '03491' '99308' '87263' '70287' '45923' '16140' '36514' '41634' '69009' };
offsets = [1193 14011 9197 13900 18769 15140 14571 2130 33289 16236 7628 32451 1369 5551 4129 12635 23181 19849 3530 26581 ];

