target=0.50;discardreversals=2;startvalue=0.00;steps=[4  2  1];selfservice=0;
threshold = [27.50 ];
values = [0.00 10.00 20.00 30.00 20.00 25.00 27.50 26.00 26.50 28.00 26.50 25.00 26.50 28.00 27.50 25.00 27.50 25.00 27.50 29.00 ];
reversals = [0 0 0 -1 1 0 -1 1 0 -1 0 1 0 -1 0 1 -1 1 0 -1 ];
measures = [0 0 0 0 0 0 1 1 1 1 1 1 1 1 1 1 1 1 1 1 ];
presentations = [1 2 3 4 5 6 7 8 9 10 11 12 13 14 15 16 17 18 19 20 ];
answers = [0 0 0 5 0 0 4 2 1 4 4 1 1 3 5 0 5 0 1 5 ];
adjustments = [10 10 10 -10 5 2.5 -1.5 0.5 1.5 -1.5 -1.5 1.5 1.5 -0.5 -2.5 2.5 -2.5 2.5 1.5 -2.5 ];
sentences = {'44529' '91451' '51195' '52988' '02737' '66127' '68271' '70565' '87713' '23448' '15952' '37886' '29394' '90013' '35209' '89364' '03676' '76600' '48832' '14040' };
offsets = [2813042 4161694 1068993 4441177 3959003 3035365 248226 3420977 4062922 2096777 2658511 4440881 1738298 3649466 2540516 3122392 4318800 2879159 3185640 3050567 ];

