target=0.50;discardreversals=2;startvalue=0.00;steps=[4  2  1];selfservice=0;
threshold = [17.75 ];
values = [0.00 10.00 20.00 30.00 24.00 21.00 16.00 13.00 18.00 20.50 22.00 20.50 18.00 18.50 19.00 17.50 19.00 16.50 17.00 15.50 ];
reversals = [0 0 0 -1 0 0 0 1 0 0 -1 0 1 0 -1 1 -1 1 -1 1 ];
measures = [0 0 0 0 0 0 0 0 0 0 1 1 1 1 1 1 1 1 1 1 ];
presentations = [1 2 3 4 5 6 7 8 9 10 11 12 13 14 15 16 17 18 19 20 ];
answers = [0 0 0 4 4 5 4 0 0 1 4 5 2 2 4 1 5 2 4 2 ];
adjustments = [10 10 10 -6 -3 -5 -3 5 2.5 1.5 -1.5 -2.5 0.5 0.5 -1.5 1.5 -2.5 0.5 -1.5 0.5 ];
sentences = {'43285' '26626' '59026' '82487' '03262' '72141' '80338' '90790' '66553' '48835' '94067' '15149' '31601' '67850' '51779' '77974' '39994' '05413' '24318' '18502' };
offsets = [1533 11571 14828 30003 27084 6954 6061 2729 21317 25971 15911 10600 11846 6771 12615 18410 2849 2084 7151 2546 ];

