target=0.50;discardreversals=2;startvalue=0.00;steps=[4  2  1];selfservice=0;
threshold = [8.25 ];
values = [0.00 10.00 20.00 10.00 11.00 9.50 8.00 6.50 7.00 7.50 10.00 8.50 6.00 8.50 8.00 7.50 7.00 9.50 8.00 8.50 ];
reversals = [0 0 -1 1 -1 0 0 1 0 0 -1 0 1 -1 0 0 1 -1 1 0 ];
measures = [0 0 0 0 1 1 1 1 1 1 1 1 1 1 1 1 1 1 1 1 ];
presentations = [1 2 3 4 5 6 7 8 9 10 11 12 13 14 15 16 17 18 19 20 ];
answers = [0 0 5 2 4 4 4 2 2 0 4 5 0 3 3 3 0 4 2 1 ];
adjustments = [10 10 -10 1 -1.5 -1.5 -1.5 0.5 0.5 2.5 -1.5 -2.5 2.5 -0.5 -0.5 -0.5 2.5 -1.5 0.5 1.5 ];
sentences = {'90013' '51195' '68819' '89364' '15952' '37886' '22586' '03491' '55025' '44529' '99308' '68271' '76600' '23448' '74972' '30757' '16140' '87263' '02737' '41634' };
offsets = [14940 19376 38739 26689 5587 4391 15646 46457 14428 31084 2424 28302 12277 12469 9666 2067 22126 22952 6129 4564 ];

