target=0.50;discardreversals=2;startvalue=0.00;steps=[4  2  1];selfservice=0;
threshold = [27.25 ];
values = [0.00 10.00 20.00 30.00 20.00 25.00 27.50 30.00 30.50 29.00 27.50 26.00 27.50 27.00 25.50 25.00 27.50 27.00 27.50 26.00 ];
reversals = [0 0 0 -1 1 0 0 0 -1 0 0 1 -1 0 0 1 -1 1 -1 1 ];
measures = [0 0 0 0 0 0 0 0 1 1 1 1 1 1 1 1 1 1 1 1 ];
presentations = [1 2 3 4 5 6 7 8 9 10 11 12 13 14 15 16 17 18 19 20 ];
answers = [0 0 0 5 0 0 0 2 4 4 4 1 3 4 3 0 3 2 4 0 ];
adjustments = [10 10 10 -10 5 2.5 2.5 0.5 -1.5 -1.5 -1.5 1.5 -0.5 -1.5 -0.5 2.5 -0.5 0.5 -1.5 2.5 ];
sentences = {'45923' '51417' '46393' '07970' '87470' '10681' '29744' '36514' '78835' '63558' '69009' '11755' '70287' '08168' '82009' '95162' '22336' '54841' '34226' '93692' };
offsets = [4081989 2267354 3361314 2879010 3176884 3526095 1112068 2221718 1475316 4808632 1915074 70333 2972265 4212417 15903 254365 2005831 3884634 3049631 2203660 ];

