target=0.50;discardreversals=2;startvalue=0.00;steps=[4  2  1];selfservice=0;
%parameters=icra1,36
threshold = [-3.00 ];
values = [0.00 -2.00 -8.00 2.00 -1.00 -1.50 -3.00 -3.50 -1.00 -0.50 -1.00 -2.50 -5.00 -2.50 -2.00 -1.50 -3.00 -1.50 -3.00 -2.50 ];
reversals = [0 0 1 -1 0 0 0 1 0 -1 0 0 1 0 0 -1 1 -1 1 0 ];
measures = [0 0 0 0 0 0 0 1 1 1 1 1 1 1 1 1 1 1 1 1 ];
presentations = [1 2 3 4 5 6 7 8 9 10 11 12 13 14 15 16 17 18 19 20 ];
answers = [3 4 0 4 3 4 3 0 2 3 4 5 0 2 2 4 1 4 2 1 ];
adjustments = [-2 -6 10 -3 -0.5 -1.5 -0.5 2.5 0.5 -0.5 -1.5 -2.5 2.5 0.5 0.5 -1.5 1.5 -1.5 0.5 1.5 ];
sentences = {'51195' '89364' '98162' '23448' '44529' '06251' '68271' '77705' '44697' '37886' '85813' '69444' '33528' '02737' '76600' '21080' '12339' '90013' '50976' '15952' };
offsets = [502 25900 124 29368 40337 28606 5558 725 33501 20110 15953 13285 22639 1601 20594 425 3821 15681 16833 9759 ];

