target=0.50;discardreversals=2;startvalue=0.00;steps=[4  2  1];selfservice=0;
%parameters=babble,65
threshold = [-3.50 ];
values = [0.00 -10.00 0.00 -1.00 -1.50 -3.00 -1.50 -1.00 -2.50 -2.00 -1.50 -3.00 -4.50 -5.00 -4.50 -5.00 -2.50 -4.00 -3.50 -4.00 ];
reversals = [0 1 -1 0 0 1 0 -1 1 0 -1 0 0 1 -1 1 -1 1 -1 1 ];
measures = [0 0 0 0 0 1 1 1 1 1 1 1 1 1 1 1 1 1 1 1 ];
presentations = [1 2 3 4 5 6 7 8 9 10 11 12 13 14 15 16 17 18 19 20 ];
answers = [5 0 3 3 4 1 2 4 2 2 4 4 3 2 3 0 4 2 3 0 ];
adjustments = [-10 10 -1 -0.5 -1.5 1.5 0.5 -1.5 0.5 0.5 -1.5 -1.5 -0.5 0.5 -0.5 2.5 -1.5 0.5 -0.5 2.5 ];
sentences = {'21080' '68271' '37886' '89364' '85813' '44529' '15952' '02737' '76600' '50976' '12339' '44697' '33528' '06251' '69444' '90013' '77705' '51195' '23448' '98162' };
offsets = [27867 21202 39342 11223 3086 20638 16094 23295 25952 16144 90 27654 36083 20117 12562 34733 17249 5379 33950 1856 ];

