target=0.50;discardreversals=2;startvalue=0.00;steps=[4  2  1];selfservice=0;
%parameters=icra1,65,re
threshold = [-4.75 ];
values = [0.00 -10.00 0.00 -5.00 -7.50 -5.00 -4.50 -5.00 -4.50 -6.00 -6.50 -7.00 -7.50 -7.00 -5.50 -5.00 -4.50 -6.00 -6.50 -4.00 ];
reversals = [0 1 -1 0 1 0 -1 1 -1 0 0 0 1 0 0 0 -1 0 1 -1 ];
measures = [0 0 0 0 1 1 1 1 1 1 1 1 1 1 1 1 1 1 1 1 ];
presentations = [1 2 3 4 5 6 7 8 9 10 11 12 13 14 15 16 17 18 19 20 ];
answers = [5 0 5 5 0 2 3 2 4 3 3 3 2 1 2 2 4 3 0 4 ];
adjustments = [-10 10 -5 -2.5 2.5 0.5 -0.5 0.5 -1.5 -0.5 -0.5 -0.5 0.5 1.5 0.5 0.5 -1.5 -0.5 2.5 -1.5 ];
sentences = {'08168' '67850' '18502' '93692' '22336' '39994' '11755' '45923' '26626' '43285' '94067' '72141' '87470' '80338' '05413' '36514' '54841' '70287' '69009' '51779' };
offsets = [26959 13526 14206 31741 7196 8841 7795 18559 14218 11533 5066 10256 9202 16342 5059 35052 8164 12502 25123 16571 ];

