target=0.50;discardreversals=2;startvalue=0.00;steps=[4  2  1];selfservice=0;
%parameters=icra1,65,train
threshold = [-3.75 ];
values = [0.00 -10.00 0.00 -5.00 -3.50 -1.00 -2.50 -2.00 -3.50 -4.00 -5.50 -3.00 -5.50 -6.00 -4.50 -4.00 -4.50 -4.00 -3.50 -5.00 ];
reversals = [0 1 -1 1 0 -1 1 -1 0 0 1 -1 0 1 0 -1 1 0 -1 0 ];
measures = [0 0 0 1 1 1 1 1 1 1 1 1 1 1 1 1 1 1 1 1 ];
presentations = [1 2 3 4 5 6 7 8 9 10 11 12 13 14 15 16 17 18 19 20 ];
answers = [5 0 5 1 0 4 2 4 3 4 0 5 3 1 2 3 2 2 4 3 ];
adjustments = [-10 10 -5 1.5 2.5 -1.5 0.5 -1.5 -0.5 -1.5 2.5 -2.5 -0.5 1.5 0.5 -0.5 0.5 0.5 -1.5 -0.5 ];
sentences = {'72141' '67850' '76802' '05413' '89135' '51779' '61793' '39994' '33980' '43285' '18314' '52277' '94067' '47048' '80338' '24621' '18502' '00456' '95569' '26626' };
offsets = [2123 10131 3633 7932 24579 10883 16068 17516 3648 24301 27529 4568 25359 14988 897 2423 965 17581 11634 39508 ];

