target=0.50;discardreversals=2;startvalue=0.00;steps=[4  2  1];selfservice=0;
%parameters=icra1,65
threshold = [-4.75 ];
values = [0.00 -10.00 0.00 -3.00 -5.50 -4.00 -6.50 -5.00 -4.50 -5.00 -3.50 -6.00 -7.50 -5.00 -2.50 -5.00 -5.50 -4.00 -5.50 -6.00 ];
reversals = [0 1 -1 0 1 -1 1 0 -1 1 -1 0 1 0 -1 0 1 -1 0 0 ];
measures = [0 0 0 0 1 1 1 1 1 1 1 1 1 1 1 1 1 1 1 1 ];
presentations = [1 2 3 4 5 6 7 8 9 10 11 12 13 14 15 16 17 18 19 20 ];
answers = [5 0 4 5 1 5 1 2 3 1 5 4 0 0 5 3 1 4 3 3 ];
adjustments = [-10 10 -3 -2.5 1.5 -2.5 1.5 0.5 -0.5 1.5 -2.5 -1.5 2.5 2.5 -2.5 -0.5 1.5 -1.5 -0.5 -0.5 ];
sentences = {'11755' '61793' '33980' '45923' '00456' '95569' '54841' '89135' '22336' '08168' '36514' '76802' '24621' '87470' '52277' '47048' '93692' '18314' '70287' '69009' };
offsets = [13630 3462 18321 4026 20113 16132 12300 8971 13444 4026 31547 13715 19769 16187 11078 35647 2525 24536 14487 10238 ];

