target=0.50;discardreversals=2;startvalue=0.00;steps=[4  2  1];selfservice=0;
%parameters=icra5.250,65
threshold = [-15.00 ];
values = [0.00 -10.00 -16.00 -18.00 -8.00 -13.00 -14.50 -14.00 -15.50 -13.00 -15.50 -16.00 -14.50 -16.00 -17.50 -17.00 -16.50 -15.00 -16.50 -16.00 ];
reversals = [0 0 0 1 -1 0 1 -1 1 -1 0 1 -1 0 1 0 0 -1 1 0 ];
measures = [0 0 0 0 0 0 1 1 1 1 1 1 1 1 1 1 1 1 1 1 ];
presentations = [1 2 3 4 5 6 7 8 9 10 11 12 13 14 15 16 17 18 19 20 ];
answers = [5 4 3 0 5 4 2 4 0 5 3 1 4 4 2 2 1 4 2 2 ];
adjustments = [-10 -6 -2 10 -5 -1.5 0.5 -1.5 2.5 -2.5 -0.5 1.5 -1.5 -1.5 0.5 0.5 1.5 -1.5 0.5 0.5 ];
sentences = {'95569' '86800' '47048' '47173' '70762' '18314' '34994' '33980' '52277' '92629' '23081' '61793' '65555' '09216' '89135' '24621' '51437' '18348' '00456' '76802' };
offsets = [1449449 1082975 1295152 1774642 1307188 130081 580850 4364893 636157 3552410 3016580 4382781 4088194 4768288 3490746 4591269 1294837 516542 4351204 618539 ];

