target=0.50;discardreversals=2;startvalue=0.00;steps=[4  2  1];selfservice=0;
%parameters=icra5.250,65,re
threshold = [-14.50 ];
values = [0.00 -10.00 -12.00 -18.00 -12.00 -17.00 -14.50 -15.00 -14.50 -12.00 -12.50 -11.00 -13.50 -14.00 -12.50 -15.00 -14.50 -15.00 -14.50 -16.00 ];
reversals = [0 0 0 1 -1 1 -1 1 0 -1 1 -1 0 1 -1 1 -1 1 -1 1 ];
measures = [0 0 0 0 0 1 1 1 1 1 1 1 1 1 1 1 1 1 1 1 ];
presentations = [1 2 3 4 5 6 7 8 9 10 11 12 13 14 15 16 17 18 19 20 ];
answers = [5 3 4 1 5 0 3 2 0 3 1 5 3 1 5 2 3 2 4 0 ];
adjustments = [-10 -2 -6 6 -5 2.5 -0.5 0.5 2.5 -0.5 1.5 -2.5 -0.5 1.5 -2.5 0.5 -0.5 0.5 -1.5 2.5 ];
sentences = {'82487' '95569' '76802' '03262' '15149' '47048' '59026' '77974' '31601' '18314' '24318' '00456' '24621' '48835' '90790' '33980' '66553' '61793' '52277' '89135' };
offsets = [3738422 1815293 4034649 3657685 1148767 835063 4513136 3904861 4805293 4603976 4467044 1329039 590358 4689091 678559 4030388 4686713 1272703 2812095 3319919 ];

