target=0.50;discardreversals=2;startvalue=0.00;steps=[4  2  1];selfservice=0;
%parameters=icra5.250,65,train
threshold = [-14.50 ];
values = [0.00 -10.00 -8.00 -11.00 -11.50 -12.00 -14.50 -14.00 -14.50 -15.00 -14.50 -14.00 -15.50 -15.00 -14.50 -12.00 -13.50 -15.00 -15.50 -15.00 ];
reversals = [0 1 -1 0 0 0 1 -1 0 1 0 -1 1 0 0 -1 0 0 1 0 ];
measures = [0 0 0 0 0 0 1 1 1 1 1 1 1 1 1 1 1 1 1 1 ];
presentations = [1 2 3 4 5 6 7 8 9 10 11 12 13 14 15 16 17 18 19 20 ];
answers = [5 2 4 3 3 5 2 3 3 2 2 4 2 2 0 4 4 3 2 1 ];
adjustments = [-10 2 -3 -0.5 -0.5 -2.5 0.5 -0.5 -0.5 0.5 0.5 -1.5 0.5 0.5 2.5 -1.5 -1.5 -0.5 0.5 1.5 ];
sentences = {'47048' '30757' '87263' '61793' '95569' '16140' '22586' '00456' '99308' '24621' '33980' '52277' '74972' '41634' '76802' '03491' '68819' '18314' '89135' '55025' };
offsets = [4785163 4555109 723916 23962 865156 1284890 3339285 2968330 3871366 2539961 935498 462624 3202268 1727267 1822101 4111934 1536721 2413439 2907229 782488 ];

