target=0.50;discardreversals=2;startvalue=0.00;steps=[4  2  1];selfservice=0;
%parameters=icra1,46
threshold = [-4.50 ];
values = [0.00 -6.00 0.00 -5.00 -4.50 -6.00 -4.50 -7.00 -4.50 -3.00 -3.50 -4.00 -4.50 -5.00 -2.50 -4.00 -2.50 -3.00 -5.50 -6.00 ];
reversals = [0 1 -1 1 -1 1 -1 1 0 -1 0 0 0 1 -1 1 -1 0 0 1 ];
measures = [0 0 0 1 1 1 1 1 1 1 1 1 1 1 1 1 1 1 1 1 ];
presentations = [1 2 3 4 5 6 7 8 9 10 11 12 13 14 15 16 17 18 19 20 ];
answers = [4 1 5 2 4 1 5 0 1 3 3 3 3 0 4 1 3 5 3 0 ];
adjustments = [-6 6 -5 0.5 -1.5 1.5 -2.5 2.5 1.5 -0.5 -0.5 -0.5 -0.5 2.5 -1.5 1.5 -0.5 -2.5 -0.5 2.5 ];
sentences = {'90013' '63558' '44529' '76600' '68271' '51417' '46393' '07970' '15952' '23448' '10681' '29744' '89364' '34226' '95162' '51195' '78835' '37886' '82009' '02737' };
offsets = [24193 8946 39948 15497 35923 9357 2716 8933 603 18835 15487 8450 14441 34264 172 11792 10544 4671 10985 13816 ];

