target=0.75;minreversals=12;discardreversals=4;minmeasures=14;startvalue=60.00;steps=[8  8  4  2];feedback=0;
%parameters=2000
threshold = [17.00 ];
threshold_dB_HL = [18.53 ];
threshold_dB_SPL = [17.00 ];
values = [68.00 60.00 52.00 44.00 44.00 44.00 44.00 44.00 44.00 68.00 60.00 56.00 52.00 48.00 44.00 44.00 44.00 44.00 44.00 44.00 44.00 56.00 56.00 56.00 56.00 54.00 52.00 50.00 50.00 50.00 50.00 50.00 50.00 50.00 50.00 48.00 46.00 46.00 46.00 46.00 46.00 44.00 44.00 44.00 44.00 42.00 40.00 40.00 38.00 38.00 36.00 34.00 32.00 32.00 32.00 30.00 28.00 28.00 26.00 24.00 24.00 22.00 22.00 22.00 20.00 20.00 20.00 18.00 18.00 16.00 16.00 16.00 14.00 12.00 12.00 12.00 12.00 18.00 16.00 16.00 16.00 16.00 22.00 22.00 20.00 18.00 16.00 16.00 14.00 20.00 18.00 16.00 14.00 14.00 14.00 14.00 12.00 18.00 ];
reversals = [0 0 0 0 0 0 0 0 1 -1 0 0 0 0 0 0 0 0 0 0 1 0 0 0 -1 0 0 0 0 0 0 0 0 0 0 0 0 0 0 0 0 0 0 0 0 0 0 0 0 0 0 0 0 0 0 0 0 0 0 0 0 0 0 0 0 0 0 0 0 0 0 0 0 0 0 0 1 -1 0 0 0 1 0 -1 0 0 0 0 1 -1 0 0 0 0 0 0 1 -1 ];
measures = [0 0 0 0 0 0 0 0 0 0 0 0 0 0 0 0 0 0 0 0 0 0 0 0 0 0 0 0 0 0 0 0 0 0 0 0 0 0 0 0 0 0 0 0 0 0 0 0 0 0 0 0 0 0 0 0 0 0 0 0 0 0 0 0 0 0 0 0 0 0 0 0 0 0 0 0 1 1 1 1 1 1 1 1 1 1 1 1 1 1 1 1 1 1 1 1 1 1 ];
presentations = [1 1 1 0 0 0 0 0 1 1 1 1 1 1 0 0 0 0 0 0 1 0 0 0 1 1 1 0 0 0 0 0 0 0 1 1 0 0 0 0 1 0 0 0 1 1 0 1 0 1 1 1 0 0 1 1 0 1 1 0 1 0 0 1 0 0 1 0 1 0 0 1 1 0 0 0 1 1 0 0 0 1 0 1 1 1 0 1 1 1 1 1 0 0 0 1 1 1 ];
answers = [1 1 1 0 0 0 0 0 0 1 1 1 1 1 0 0 0 0 0 0 0 0 0 0 1 1 1 0 0 0 0 0 0 0 1 1 0 0 0 0 1 0 0 0 1 1 0 1 0 1 1 1 0 0 1 1 0 1 1 0 1 0 0 1 0 0 1 0 1 0 0 1 1 0 0 0 0 1 0 0 0 0 0 1 1 1 0 1 0 1 1 1 0 0 0 1 0 1 ];
adjustments = [-8 -8 -8 0 0 0 0 0 24 -8 -4 -4 -4 -4 0 0 0 0 0 0 12 0 0 0 -2 -2 -2 0 0 0 0 0 0 0 -2 -2 0 0 0 0 -2 0 0 0 -2 -2 0 -2 0 -2 -2 -2 0 0 -2 -2 0 -2 -2 0 -2 0 0 -2 0 0 -2 0 -2 0 0 -2 -2 0 0 0 6 -2 0 0 0 6 0 -2 -2 -2 0 -2 6 -2 -2 -2 0 0 0 -2 6 -2 ];

