target=0.50;discardreversals=2;startvalue=0.00;steps=[4  2  1];selfservice=0;
%parameters=quiet,65
threshold = [-44.00 ];
values = [0.00 -10.00 -16.00 -26.00 -36.00 -46.00 -36.00 -41.00 -41.50 -42.00 -43.50 -44.00 -43.50 -43.00 -40.50 -40.00 -42.50 -43.00 -43.50 -45.00 ];
reversals = [0 0 0 0 0 1 -1 0 0 0 0 1 0 0 0 -1 0 0 0 1 ];
measures = [0 0 0 0 0 0 0 0 0 0 0 1 1 1 1 1 1 1 1 1 ];
presentations = [1 2 3 4 5 6 7 8 9 10 11 12 13 14 15 16 17 18 19 20 ];
answers = [5 4 5 5 5 0 5 3 3 4 3 2 2 0 2 5 3 3 4 0 ];
adjustments = [-10 -6 -10 -10 -10 10 -5 -0.5 -0.5 -1.5 -0.5 0.5 0.5 2.5 0.5 -2.5 -0.5 -0.5 -1.5 2.5 ];
sentences = {'70762' '92629' '69444' '12339' '44697' '06251' '65555' '23081' '21080' '51437' '33528' '50976' '09216' '98162' '77705' '86800' '47173' '18348' '85813' '34994' };
offsets = [37771 76479 2020 50176 55814 18788 40422 28219 33622 20204 32612 22627 15633 80650 62742 35702 34728 15829 65268 15494 ];

