target=0.50;discardreversals=2;startvalue=0.00;steps=[4  2  1];selfservice=0;
%parameters=icra5.250,65,train
threshold = [-2.50 ];
values = [0.00 -2.00 8.00 3.00 0.50 3.00 2.50 1.00 -0.50 -3.00 -3.50 -1.00 -3.50 -1.00 -1.50 -4.00 -2.50 -3.00 -2.50 -2.00 ];
reversals = [0 1 -1 0 1 -1 0 0 0 0 1 -1 1 -1 0 1 -1 1 0 0 ];
measures = [0 0 0 0 1 1 1 1 1 1 1 1 1 1 1 1 1 1 1 1 ];
presentations = [1 2 3 4 5 6 7 8 9 10 11 12 13 14 15 16 17 18 19 20 ];
answers = [3 0 5 5 0 3 4 4 5 3 0 5 0 3 5 1 3 2 2 2 ];
adjustments = [-2 10 -5 -2.5 2.5 -0.5 -1.5 -1.5 -2.5 -0.5 2.5 -2.5 2.5 -0.5 -2.5 1.5 -0.5 0.5 0.5 0.5 ];
sentences = {'35209' '29394' '70565' '70287' '22336' '03676' '52988' '48832' '66127' '14040' '87470' '08168' '87713' '93692' '69009' '11755' '45923' '54841' '36514' '91451' };
offsets = [1022601 2887231 2363085 3451192 1765743 4838002 2689032 2283654 2766761 2041351 671845 3237614 325581 3183134 3739445 4408794 2750699 3296059 1285514 351460 ];

