target=0.50;discardreversals=2;startvalue=0.00;steps=[4  2  1];selfservice=0;
%parameters=icra5.250,65,re
threshold = [-4.00 ];
values = [0.00 -6.00 0.00 -5.00 -4.50 -5.00 -2.50 -4.00 -3.50 -4.00 -5.50 -3.00 -3.50 -6.00 -3.50 -5.00 -2.50 -4.00 -1.50 -3.00 ];
reversals = [0 1 -1 1 -1 1 -1 1 -1 0 1 -1 0 1 -1 1 -1 1 -1 0 ];
measures = [0 0 0 1 1 1 1 1 1 1 1 1 1 1 1 1 1 1 1 1 ];
presentations = [1 2 3 4 5 6 7 8 9 10 11 12 13 14 15 16 17 18 19 20 ];
answers = [4 1 5 2 3 0 4 2 3 4 0 3 5 0 4 0 4 0 4 4 ];
adjustments = [-6 6 -5 0.5 -0.5 2.5 -1.5 0.5 -0.5 -1.5 2.5 -0.5 -2.5 2.5 -1.5 2.5 -1.5 2.5 -1.5 -1.5 ];
sentences = {'55025' '03676' '70565' '03491' '99308' '22586' '16140' '29394' '68819' '14040' '48832' '35209' '66127' '87263' '41634' '87713' '30757' '91451' '52988' '74972' };
offsets = [4692036 2489831 4736306 992171 4503348 977852 4083508 1456865 3157894 4469036 3271691 4532749 275667 2118917 4653302 3357638 1882410 4783435 1412118 3085309 ];

