target=0.50;discardreversals=2;startvalue=0.00;steps=[4  2  1];selfservice=0;
%parameters=icra1,65,train
threshold = [-3.50 ];
values = [0.00 -10.00 0.00 -5.00 -2.50 -3.00 -3.50 -1.00 -3.50 -1.00 -2.50 -4.00 -2.50 -2.00 -4.50 -3.00 -3.50 -1.00 -2.50 -5.00 ];
reversals = [0 1 -1 1 -1 0 1 -1 1 -1 0 1 0 -1 1 -1 1 -1 0 1 ];
measures = [0 0 0 1 1 1 1 1 1 1 1 1 1 1 1 1 1 1 1 1 ];
presentations = [1 2 3 4 5 6 7 8 9 10 11 12 13 14 15 16 17 18 19 20 ];
answers = [5 0 5 0 3 3 0 5 0 4 4 1 2 5 1 3 0 4 5 0 ];
adjustments = [-10 10 -5 2.5 -0.5 -0.5 2.5 -2.5 2.5 -1.5 -1.5 1.5 0.5 -2.5 1.5 -0.5 2.5 -1.5 -2.5 2.5 ];
sentences = {'06251' '78835' '44697' '07970' '46393' '21080' '29744' '85813' '69444' '63558' '34226' '51417' '98162' '82009' '10681' '33528' '12339' '50976' '77705' '95162' };
offsets = [6344 6265 12391 149 40299 13562 9558 19779 26160 8523 8876 4155 8219 17439 9059 24250 14277 2471 17007 3587 ];

