target=0.50;discardreversals=2;startvalue=0.00;steps=[4  2  1];selfservice=0;
%parameters=icra1,57
threshold = [-0.50 ];
values = [0.00 10.00 0.00 -1.00 -2.00 1.00 0.50 -1.00 0.50 -1.00 -0.50 -3.00 -0.50 0.00 -0.50 0.00 -0.50 -2.00 0.50 -2.00 ];
reversals = [0 -1 0 0 1 -1 0 1 -1 1 -1 1 0 -1 1 -1 0 1 -1 1 ];
measures = [0 0 0 0 0 1 1 1 1 1 1 1 1 1 1 1 1 1 1 1 ];
presentations = [1 2 3 4 5 6 7 8 9 10 11 12 13 14 15 16 17 18 19 20 ];
answers = [0 5 3 3 1 3 4 1 4 2 5 0 2 3 2 3 4 0 5 0 ];
adjustments = [10 -10 -1 -1 3 -0.5 -1.5 1.5 -1.5 0.5 -2.5 2.5 0.5 -0.5 0.5 -0.5 -1.5 2.5 -2.5 2.5 ];
sentences = {'77705' '44697' '03262' '15149' '33528' '48835' '50976' '31601' '24318' '66553' '12339' '69444' '21080' '98162' '06251' '77974' '59026' '82487' '85813' '90790' };
offsets = [544 5910 8711 2612 21593 17192 22049 38180 20016 3023 10897 16081 8304 18292 31201 2943 34052 23812 12207 8744 ];

