target=0.50;discardreversals=2;startvalue=0.00;steps=[4  2  1];selfservice=0;
%parameters=icra1,65
threshold = [-3.25 ];
values = [0.00 -2.00 -8.00 2.00 -3.00 -2.50 -3.00 -3.50 -1.00 -3.50 -3.00 -5.50 -3.00 -5.50 -4.00 -6.50 -4.00 -1.50 -4.00 -1.50 ];
reversals = [0 0 1 -1 1 -1 0 1 -1 1 -1 1 -1 1 -1 1 0 -1 1 -1 ];
measures = [0 0 0 0 1 1 1 1 1 1 1 1 1 1 1 1 1 1 1 1 ];
presentations = [1 2 3 4 5 6 7 8 9 10 11 12 13 14 15 16 17 18 19 20 ];
answers = [3 4 0 5 2 3 3 0 5 2 5 0 5 1 5 0 0 5 0 5 ];
adjustments = [-2 -6 10 -5 0.5 -0.5 -0.5 2.5 -2.5 0.5 -2.5 2.5 -2.5 1.5 -2.5 2.5 2.5 -2.5 2.5 -2.5 ];
sentences = {'99308' '95162' '78835' '87263' '68819' '22586' '63558' '74972' '34226' '41634' '10681' '07970' '03491' '16140' '82009' '55025' '51417' '30757' '46393' '29744' };
offsets = [3579 455 2300 7987 11625 29286 27457 15761 17870 11114 12494 29600 44315 28091 22288 10066 10564 2651 33810 6666 ];

