target=0.50;discardreversals=2;startvalue=0.00;steps=[4  2  1];selfservice=0;
%parameters=icra1,67
threshold = [-2.25 ];
values = [0.00 -6.00 4.00 -1.00 -1.50 1.00 0.50 -2.00 -2.50 0.00 -2.50 -1.00 -3.50 -3.00 -4.50 -3.00 -2.50 -2.00 -4.50 -2.00 ];
reversals = [0 1 -1 0 1 -1 0 0 1 -1 1 -1 1 -1 1 0 0 -1 1 -1 ];
measures = [0 0 0 0 1 1 1 1 1 1 1 1 1 1 1 1 1 1 1 1 ];
presentations = [1 2 3 4 5 6 7 8 9 10 11 12 13 14 15 16 17 18 19 20 ];
answers = [4 0 5 3 0 3 5 3 0 5 1 5 2 4 1 2 2 5 0 4 ];
adjustments = [-6 10 -5 -0.5 2.5 -0.5 -2.5 -0.5 2.5 -2.5 1.5 -2.5 0.5 -1.5 1.5 0.5 0.5 -2.5 2.5 -1.5 ];
sentences = {'26626' '15952' '05413' '90013' '39994' '89364' '51195' '94067' '67850' '76600' '43285' '02737' '72141' '68271' '37886' '80338' '23448' '51779' '18502' '44529' };
offsets = [44542 6383 20670 26566 7462 1072 18186 25620 18405 13689 23347 1958 7811 2370 2365 16045 12372 15995 19318 32830 ];

