target=0.75;minreversals=12;discardreversals=4;minmeasures=14;startvalue=75.00;steps=[8  4  4  2  1];feedback=0;
%parameters=1000,0.10,50,train
threshold = [65.50 ];
values = [107.00 99.00 91.00 83.00 75.00 107.00 103.00 103.00 99.00 95.00 95.00 91.00 87.00 87.00 83.00 83.00 83.00 79.00 79.00 79.00 75.00 71.00 67.00 63.00 63.00 63.00 63.00 63.00 63.00 75.00 73.00 77.00 76.00 76.00 76.00 76.00 75.00 75.00 74.00 73.00 73.00 72.00 71.00 70.00 69.00 68.00 68.00 68.00 68.00 67.00 67.00 67.00 66.00 66.00 65.00 64.00 64.00 64.00 64.00 67.00 67.00 66.00 66.00 65.00 64.00 63.00 63.00 63.00 63.00 63.00 62.00 62.00 62.00 62.00 65.00 65.00 64.00 63.00 63.00 63.00 63.00 66.00 ];
reversals = [0 0 0 0 1 -1 0 0 0 0 0 0 0 0 0 0 0 0 0 0 0 0 0 0 0 0 0 0 1 -1 1 -1 0 0 0 0 0 0 0 0 0 0 0 0 0 0 0 0 0 0 0 0 0 0 0 0 0 0 1 0 -1 0 0 0 0 0 0 0 0 0 0 0 0 1 0 -1 0 0 0 0 1 -1 ];
measures = [0 0 0 0 0 0 0 0 0 0 0 0 0 0 0 0 0 0 0 0 0 0 0 0 0 0 0 0 0 0 1 1 1 1 1 1 1 1 1 1 1 1 1 1 1 1 1 1 1 1 1 1 1 1 1 1 1 1 1 1 1 1 1 1 1 1 1 1 1 1 1 1 1 1 1 1 1 1 1 1 1 1 ];
presentations = [1 1 1 1 0 1 0 1 1 0 1 1 0 1 0 0 1 0 0 1 1 1 1 0 0 0 0 0 1 1 0 1 0 0 0 1 0 1 1 0 1 1 1 1 1 0 0 0 1 0 0 1 0 1 1 0 0 0 1 0 1 0 1 1 1 0 0 0 0 1 0 0 0 1 0 1 1 0 0 0 1 1 ];
answers = [1 1 1 1 1 1 0 1 1 0 1 1 0 1 0 0 1 0 0 1 1 1 1 0 0 0 0 0 0 1 1 1 0 0 0 1 0 1 1 0 1 1 1 1 1 0 0 0 1 0 0 1 0 1 1 0 0 0 0 0 1 0 1 1 1 0 0 0 0 1 0 0 0 0 0 1 1 0 0 0 0 1 ];
adjustments = [-8 -8 -8 -8 32 -4 0 -4 -4 0 -4 -4 0 -4 0 0 -4 0 0 -4 -4 -4 -4 0 0 0 0 0 12 -2 4 -1 0 0 0 -1 0 -1 -1 0 -1 -1 -1 -1 -1 0 0 0 -1 0 0 -1 0 -1 -1 0 0 0 3 0 -1 0 -1 -1 -1 0 0 0 0 -1 0 0 0 3 0 -1 -1 0 0 0 3 -1 ];

