target=0.50;discardreversals=2;startvalue=0.00;steps=[4  2  1];selfservice=0;
%parameters=babble,65
threshold = [-0.50 ];
values = [0.00 10.00 0.00 1.00 -1.50 0.00 0.50 0.00 -0.50 -1.00 -3.50 -1.00 -0.50 -1.00 0.50 -2.00 0.50 2.00 1.50 -1.00 ];
reversals = [0 -1 1 -1 1 0 -1 0 0 0 1 0 -1 1 -1 1 0 -1 0 0 ];
measures = [0 0 0 1 1 1 1 1 1 1 1 1 1 1 1 1 1 1 1 1 ];
presentations = [1 2 3 4 5 6 7 8 9 10 11 12 13 14 15 16 17 18 19 20 ];
answers = [0 5 2 5 1 2 3 3 3 5 0 2 3 1 5 0 1 3 5 5 ];
adjustments = [10 -10 1 -2.5 1.5 0.5 -0.5 -0.5 -0.5 -2.5 2.5 0.5 -0.5 1.5 -2.5 2.5 1.5 -0.5 -2.5 -2.5 ];
sentences = {'87713' '94067' '14040' '35209' '48832' '39994' '67850' '03676' '43285' '26626' '91451' '52988' '05413' '51779' '70565' '72141' '18502' '80338' '29394' '66127' };
offsets = [5725 15426 1644 2657 36410 30928 7816 9253 828 44421 25707 4867 18111 21803 18526 9801 3997 23538 16772 17482 ];

