target=0.50;discardreversals=2;startvalue=0.00;steps=[4  2  1];selfservice=0;
%parameters=icra5.250,65
threshold = [-4.50 ];
values = [0.00 2.00 -8.00 -3.00 -2.50 -2.00 -1.50 -2.00 -4.50 -3.00 -3.50 -5.00 -4.50 -7.00 -4.50 -5.00 -5.50 -3.00 -3.50 -3.00 ];
reversals = [0 -1 1 0 0 0 -1 0 1 -1 0 1 -1 1 -1 0 1 -1 1 -1 ];
measures = [0 0 0 0 0 0 1 1 1 1 1 1 1 1 1 1 1 1 1 1 ];
presentations = [1 2 3 4 5 6 7 8 9 10 11 12 13 14 15 16 17 18 19 20 ];
answers = [2 5 0 2 2 2 3 5 1 3 4 2 5 0 3 3 0 3 2 4 ];
adjustments = [2 -10 5 0.5 0.5 0.5 -0.5 -2.5 1.5 -0.5 -1.5 0.5 -2.5 2.5 -0.5 -0.5 2.5 -0.5 0.5 -1.5 ];
sentences = {'03491' '77974' '68819' '59026' '74972' '16140' '55025' '87263' '24318' '48835' '22586' '82487' '03262' '31601' '41634' '30757' '66553' '15149' '99308' '90790' };
offsets = [3998671 2917702 3817082 4139443 331761 4327265 2732505 3529672 432859 185706 270018 831058 4016628 701974 3119026 3732878 2124291 1742222 1176233 4242455 ];

