target=0.50;discardreversals=2;startvalue=0.00;steps=[4  2  1];selfservice=0;
%parameters=quiet,65
threshold = [-17.00 ];
values = [0.00 -10.00 -20.00 -10.00 -13.00 -15.50 -17.00 -14.50 -17.00 -16.50 -14.00 -13.50 -15.00 -16.50 -18.00 -20.50 -18.00 -16.50 -18.00 -15.50 ];
reversals = [0 0 1 -1 0 0 1 -1 1 0 0 -1 0 0 0 1 0 -1 1 0 ];
measures = [0 0 0 0 0 0 1 1 1 1 1 1 1 1 1 1 1 1 1 1 ];
presentations = [1 2 3 4 5 6 7 8 9 10 11 12 13 14 15 16 17 18 19 20 ];
answers = [5 5 0 4 5 4 0 5 2 0 2 4 4 4 5 0 1 4 0 1 ];
adjustments = [-10 -10 10 -3 -2.5 -1.5 2.5 -2.5 0.5 2.5 0.5 -1.5 -1.5 -1.5 -2.5 2.5 1.5 -1.5 2.5 1.5 ];
sentences = {'51195' '03491' '44529' '37886' '68271' '87263' '22586' '15952' '74972' '55025' '41634' '90013' '16140' '76600' '30757' '99308' '68819' '02737' '89364' '23448' };
offsets = [72060 41793 86004 25267 82149 26901 39434 13468 13451 15245 93121 5055 56891 82327 11070 85513 15021 9990 7051 18826 ];

