target=0.50;discardreversals=2;startvalue=0.00;steps=[4  2  1];selfservice=0;
%parameters=icra1,65,re
threshold = [-3.00 ];
values = [0.00 -10.00 0.00 -3.00 -5.50 -7.00 -4.50 -2.00 -4.50 -2.00 -4.50 -2.00 -4.50 -2.00 -3.50 -1.00 -3.50 -1.00 -2.50 -3.00 ];
reversals = [0 1 -1 0 0 1 0 -1 1 -1 1 -1 1 -1 1 -1 1 -1 0 1 ];
measures = [0 0 0 0 0 1 1 1 1 1 1 1 1 1 1 1 1 1 1 1 ];
presentations = [1 2 3 4 5 6 7 8 9 10 11 12 13 14 15 16 17 18 19 20 ];
answers = [5 0 4 5 4 0 0 5 0 5 0 5 0 4 0 5 0 4 3 0 ];
adjustments = [-10 10 -3 -2.5 -1.5 2.5 2.5 -2.5 2.5 -2.5 2.5 -2.5 2.5 -1.5 2.5 -2.5 2.5 -1.5 -0.5 2.5 ];
sentences = {'85813' '06251' '69444' '44697' '31601' '66553' '12339' '50976' '82487' '77974' '03262' '48835' '33528' '59026' '90790' '15149' '24318' '21080' '77705' '98162' };
offsets = [19117 40845 25986 31276 18669 13236 2575 5235 12604 28358 19394 26632 12727 28089 5947 3690 11833 18855 14541 16619 ];

