target=0.50;discardreversals=2;startvalue=0.00;steps=[4  2  1];selfservice=0;
%parameters=icra5.250,65,re
threshold = [-15.50 ];
values = [0.00 -10.00 -16.00 -14.00 -15.00 -17.50 -15.00 -12.50 -11.00 -13.50 -15.00 -15.50 -13.00 -15.50 -13.00 -15.50 -17.00 -16.50 -14.00 -12.50 ];
reversals = [0 0 1 -1 0 1 0 0 -1 0 0 1 -1 1 -1 0 1 0 0 0 ];
measures = [0 0 0 0 0 1 1 1 1 1 1 1 1 1 1 1 1 1 1 1 ];
presentations = [1 2 3 4 5 6 7 8 9 10 11 12 13 14 15 16 17 18 19 20 ];
answers = [5 4 2 3 5 0 0 1 5 4 3 0 5 0 5 4 2 0 1 0 ];
adjustments = [-10 -6 2 -1 -2.5 2.5 2.5 1.5 -2.5 -1.5 -0.5 2.5 -2.5 2.5 -2.5 -1.5 0.5 2.5 1.5 2.5 ];
sentences = {'14040' '15149' '48835' '66127' '35209' '70565' '87713' '29394' '31601' '03262' '03676' '66553' '52988' '24318' '48832' '82487' '59026' '91451' '90790' '77974' };
offsets = [3928109 3280197 26469 2019324 1527112 3203222 683897 770036 1462288 1950161 3182474 4524665 178024 3033726 3179739 3535961 174651 2542209 876058 3714876 ];

