target=0.50;discardreversals=2;startvalue=0.00;steps=[4  2  1];selfservice=0;
%parameters=icra1,37
threshold = [-2.25 ];
values = [0.00 -2.00 -12.00 -2.00 -7.00 -4.50 -2.00 -0.50 -3.00 -4.50 -2.00 -4.50 -2.00 -2.50 0.00 -2.50 -3.00 -0.50 -3.00 -0.50 ];
reversals = [0 0 1 -1 1 0 0 -1 0 1 -1 1 -1 1 -1 0 1 -1 1 -1 ];
measures = [0 0 0 0 1 1 1 1 1 1 1 1 1 1 1 1 1 1 1 1 ];
presentations = [1 2 3 4 5 6 7 8 9 10 11 12 13 14 15 16 17 18 19 20 ];
answers = [3 5 0 5 0 0 1 5 4 0 5 0 3 0 5 3 0 5 0 5 ];
adjustments = [-2 -10 10 -5 2.5 2.5 1.5 -2.5 -1.5 2.5 -2.5 2.5 -0.5 2.5 -2.5 -0.5 2.5 -2.5 2.5 -2.5 ];
sentences = {'22586' '82009' '30757' '03491' '95162' '34226' '55025' '07970' '63558' '41634' '78835' '68819' '46393' '99308' '87263' '74972' '29744' '16140' '51417' '10681' };
offsets = [15465 15337 6829 48152 6236 9191 16984 12657 4922 33477 34061 36048 34664 5230 975 14283 3449 7621 9160 15090 ];

