target=0.50;discardreversals=2;startvalue=0.00;steps=[4  2  1];selfservice=0;
%parameters=icra1,27
threshold = [0.25 ];
values = [0.00 10.00 0.00 -3.00 2.00 4.50 3.00 0.50 -1.00 1.50 -1.00 -3.50 -1.00 1.50 -1.00 1.50 -1.00 1.50 -1.00 -1.50 ];
reversals = [0 -1 0 1 0 -1 0 0 1 -1 0 1 0 -1 1 -1 1 -1 0 1 ];
measures = [0 0 0 0 0 1 1 1 1 1 1 1 1 1 1 1 1 1 1 1 ];
presentations = [1 2 3 4 5 6 7 8 9 10 11 12 13 14 15 16 17 18 19 20 ];
answers = [0 5 4 0 0 4 5 4 0 5 5 0 0 5 0 5 0 5 3 0 ];
adjustments = [10 -10 -3 5 2.5 -1.5 -2.5 -1.5 2.5 -2.5 -2.5 2.5 2.5 -2.5 2.5 -2.5 2.5 -2.5 -0.5 2.5 ];
sentences = {'77705' '26626' '33528' '51779' '39994' '21080' '50976' '18502' '85813' '98162' '05413' '06251' '67850' '72141' '80338' '44697' '94067' '69444' '43285' '12339' };
offsets = [7650 18140 16530 11005 15441 27384 737 9999 11003 15346 111 39929 5676 11320 17171 32545 6789 19071 21902 791 ];

