target=0.50;discardreversals=2;startvalue=0.00;steps=[4  2  1];selfservice=0;
%parameters=icra1,65,re
threshold = [-4.25 ];
values = [0.00 -10.00 0.00 -5.00 -7.50 -5.00 -2.50 -4.00 -5.50 -3.00 -4.50 -4.00 -5.50 -8.00 -5.50 -3.00 -4.50 -6.00 -3.50 -5.00 ];
reversals = [0 1 -1 0 1 0 -1 0 1 -1 1 -1 0 1 0 -1 0 1 -1 0 ];
measures = [0 0 0 0 1 1 1 1 1 1 1 1 1 1 1 1 1 1 1 1 ];
presentations = [1 2 3 4 5 6 7 8 9 10 11 12 13 14 15 16 17 18 19 20 ];
answers = [5 0 5 5 0 0 4 4 0 4 2 4 5 0 0 4 4 0 4 4 ];
adjustments = [-10 10 -5 -2.5 2.5 2.5 -1.5 -1.5 2.5 -1.5 0.5 -1.5 -2.5 2.5 2.5 -1.5 -1.5 2.5 -1.5 -1.5 ];
sentences = {'76600' '34994' '86800' '02737' '70762' '92629' '23448' '90013' '65555' '68271' '51195' '47173' '37886' '23081' '89364' '09216' '18348' '51437' '44529' '15952' };
offsets = [5533 24723 765 8993 707 6025 19089 9945 1410 32029 19364 35752 1270 29277 9647 13258 8329 16156 21327 140 ];

