target=0.50;discardreversals=2;startvalue=0.00;steps=[4  2  1];selfservice=0;
%parameters=quiet,65
threshold = [-43.75 ];
values = [0.00 -10.00 -20.00 -30.00 -40.00 -50.00 -40.00 -41.00 -43.50 -45.00 -42.50 -45.00 -46.50 -49.00 -46.50 -44.00 -42.50 -42.00 -44.50 -45.00 ];
reversals = [0 0 0 0 0 1 -1 0 0 1 -1 0 0 1 0 0 0 -1 0 0 ];
measures = [0 0 0 0 0 0 0 0 0 1 1 1 1 1 1 1 1 1 1 1 ];
presentations = [1 2 3 4 5 6 7 8 9 10 11 12 13 14 15 16 17 18 19 20 ];
answers = [5 5 5 5 5 0 3 5 4 0 5 4 5 0 0 1 2 5 3 3 ];
adjustments = [-10 -10 -10 -10 -10 10 -1 -2.5 -1.5 2.5 -2.5 -1.5 -2.5 2.5 2.5 1.5 0.5 -2.5 -0.5 -0.5 ];
sentences = {'51195' '68271' '76600' '65555' '51437' '70762' '34994' '23448' '09216' '47173' '02737' '90013' '18348' '89364' '44529' '86800' '92629' '37886' '23081' '15952' };
offsets = [62239 62982 45649 2260 86515 53847 59072 19741 44429 39531 74463 1322 28730 77726 3062 46313 44362 69119 41372 60344 ];

