target=0.50;discardreversals=2;startvalue=0.00;steps=[4  2  1];selfservice=0;
%parameters=icra1,65
threshold = [-4.75 ];
values = [0.00 -2.00 -12.00 -2.00 -5.00 -4.50 -6.00 -3.50 -4.00 -5.50 -3.00 -3.50 -5.00 -5.50 -3.00 -4.50 -7.00 -4.50 -7.00 -4.50 ];
reversals = [0 0 1 -1 1 -1 1 -1 0 1 -1 0 0 1 -1 0 1 -1 1 -1 ];
measures = [0 0 0 0 1 1 1 1 1 1 1 1 1 1 1 1 1 1 1 1 ];
presentations = [1 2 3 4 5 6 7 8 9 10 11 12 13 14 15 16 17 18 19 20 ];
answers = [3 5 0 4 2 4 0 3 4 0 3 4 3 0 4 5 0 5 0 3 ];
adjustments = [-2 -10 10 -3 0.5 -1.5 2.5 -0.5 -1.5 2.5 -0.5 -1.5 -0.5 2.5 -1.5 -2.5 2.5 -2.5 2.5 -0.5 ];
sentences = {'70565' '48832' '30757' '29394' '87713' '99308' '14040' '87263' '16140' '91451' '35209' '03676' '68819' '74972' '66127' '55025' '41634' '03491' '22586' '52988' };
offsets = [11354 28763 3540 23132 9819 18113 14785 9362 14578 10208 6215 40290 22953 2561 21371 7130 29908 46070 14979 5575 ];

