target=0.50;discardreversals=2;startvalue=0.00;steps=[4  2  1];selfservice=0;
%parameters=babble,65
threshold = [-2.50 ];
values = [0.00 -10.00 0.00 3.00 -2.00 0.50 -2.00 -3.50 -5.00 -2.50 -2.00 -2.50 -3.00 -0.50 -2.00 -3.50 -3.00 -2.50 -3.00 -5.50 ];
reversals = [0 1 0 -1 1 -1 0 0 1 0 -1 0 1 -1 0 1 0 -1 0 1 ];
measures = [0 0 0 0 1 1 1 1 1 1 1 1 1 1 1 1 1 1 1 1 ];
presentations = [1 2 3 4 5 6 7 8 9 10 11 12 13 14 15 16 17 18 19 20 ];
answers = [5 0 1 5 0 5 4 4 0 2 3 3 0 4 4 2 2 3 5 0 ];
adjustments = [-10 10 3 -5 2.5 -2.5 -1.5 -1.5 2.5 0.5 -0.5 -0.5 2.5 -1.5 -1.5 0.5 0.5 -0.5 -2.5 2.5 ];
sentences = {'08168' '24318' '31601' '59026' '77974' '90790' '69009' '70287' '87470' '11755' '45923' '03262' '36514' '66553' '48835' '54841' '82487' '22336' '15149' '93692' };
offsets = [25869 18516 32104 23722 6524 832 31807 31083 23459 15326 15358 25209 12874 42792 6636 9480 4238 34446 2299 21732 ];

