target=0.50;discardreversals=2;startvalue=0.00;steps=[4  2  1];selfservice=0;
%parameters=icra1,65,train
threshold = [-4.50 ];
values = [0.00 2.00 -8.00 -3.00 -3.50 -4.00 -5.50 -3.00 -2.50 -5.00 -6.50 -4.00 -4.50 -5.00 -2.50 -5.00 -5.50 -3.00 -5.50 -7.00 ];
reversals = [0 -1 1 -1 0 0 1 0 -1 0 1 -1 0 1 -1 0 1 -1 0 1 ];
measures = [0 0 0 1 1 1 1 1 1 1 1 1 1 1 1 1 1 1 1 1 ];
presentations = [1 2 3 4 5 6 7 8 9 10 11 12 13 14 15 16 17 18 19 20 ];
answers = [2 5 0 3 3 4 0 2 5 4 0 3 3 0 5 3 0 5 4 0 ];
adjustments = [2 -10 5 -0.5 -0.5 -1.5 2.5 0.5 -2.5 -1.5 2.5 -0.5 -0.5 2.5 -2.5 -0.5 2.5 -2.5 -1.5 2.5 ];
sentences = {'87713' '66127' '14040' '48832' '90790' '03262' '35209' '24318' '91451' '66553' '15149' '59026' '29394' '77974' '52988' '31601' '03676' '70565' '48835' '82487' };
offsets = [1938 40474 6230 9269 37 22428 1090 342 13109 17261 1932 11389 15213 29838 6138 20923 26050 3708 21163 14871 ];

