target=0.50;discardreversals=2;startvalue=0.00;steps=[4  2  1];selfservice=0;
%parameters=icra5.250,65,train
threshold = [-12.00 ];
values = [0.00 -6.00 -16.00 -6.00 -9.00 -10.50 -11.00 -8.50 -11.00 -11.50 -14.00 -15.50 -17.00 -19.50 -17.00 -14.50 -12.00 -12.50 -14.00 -15.50 ];
reversals = [0 0 1 -1 0 0 1 -1 0 0 0 0 0 1 0 0 -1 0 0 1 ];
measures = [0 0 0 0 0 0 1 1 1 1 1 1 1 1 1 1 1 1 1 1 ];
presentations = [1 2 3 4 5 6 7 8 9 10 11 12 13 14 15 16 17 18 19 20 ];
answers = [4 5 0 4 4 3 0 5 3 5 4 4 5 0 0 0 3 4 4 0 ];
adjustments = [-6 -10 10 -3 -1.5 -0.5 2.5 -2.5 -0.5 -2.5 -1.5 -1.5 -2.5 2.5 2.5 2.5 -0.5 -1.5 -1.5 2.5 ];
sentences = {'30757' '78835' '41634' '29744' '87263' '07970' '68819' '95162' '51417' '55025' '99308' '46393' '74972' '10681' '82009' '22586' '63558' '16140' '34226' '03491' };
offsets = [2792129 1472803 808514 4452388 1116510 77080 252484 366111 4196960 695706 2436703 684947 59220 962468 3231727 3730073 1723052 3099378 1678754 4807972 ];

