target=0.50;discardreversals=2;startvalue=0.00;steps=[4  2  1];selfservice=0;
%parameters=icra5.250,65
threshold = [-16.75 ];
values = [0.00 -10.00 -8.00 -9.00 -10.50 -12.00 -14.50 -17.00 -19.50 -18.00 -18.50 -16.00 -17.50 -16.00 -13.50 -16.00 -13.50 -15.00 -17.50 -15.00 ];
reversals = [0 1 -1 0 0 0 0 0 1 -1 1 -1 1 0 -1 1 -1 0 1 -1 ];
measures = [0 0 0 0 0 0 0 0 1 1 1 1 1 1 1 1 1 1 1 1 ];
presentations = [1 2 3 4 5 6 7 8 9 10 11 12 13 14 15 16 17 18 19 20 ];
answers = [5 2 3 4 4 5 5 5 1 3 0 4 1 0 5 0 4 5 0 4 ];
adjustments = [-10 2 -1 -1.5 -1.5 -2.5 -2.5 -2.5 1.5 -0.5 2.5 -1.5 1.5 2.5 -2.5 2.5 -1.5 -2.5 2.5 -1.5 ];
sentences = {'72141' '89364' '51779' '76600' '15952' '37886' '80338' '26626' '51195' '05413' '94067' '23448' '67850' '18502' '68271' '43285' '39994' '44529' '90013' '02737' };
offsets = [2749622 673936 1502895 4826990 4536762 1739827 2823175 3917375 3639312 3401486 1083117 4044869 1889274 4750038 3760284 1969035 656235 4353702 2870913 2258634 ];

