target=0.50;discardreversals=2;startvalue=0.00;steps=[4  2  1];selfservice=0;
threshold = [-6.00 ];
values = [0.00 -10.00 0.00 -5.00 -5.50 -3.00 -5.50 -5.00 -5.50 -6.00 -6.50 -6.00 -4.50 -7.00 -6.50 -6.00 -8.50 -6.00 -6.50 -6.00 ];
reversals = [0 1 -1 0 1 -1 1 -1 0 0 1 0 -1 1 0 -1 1 -1 1 0 ];
measures = [0 0 0 0 1 1 1 1 1 1 1 1 1 1 1 1 1 1 1 1 ];
presentations = [1 2 3 4 5 6 7 8 9 10 11 12 13 14 15 16 17 18 19 20 ];
answers = [5 0 5 3 0 5 2 3 3 3 2 1 5 2 2 5 0 3 2 2 ];
adjustments = [-10 10 -5 -0.5 2.5 -2.5 0.5 -0.5 -0.5 -0.5 0.5 1.5 -2.5 0.5 0.5 -2.5 2.5 -0.5 0.5 0.5 ];
sentences = {'43285' '29394' '66127' '94067' '35209' '51779' '72141' '48832' '39994' '14040' '87713' '18502' '52988' '67850' '70565' '26626' '05413' '03676' '91451' '80338' };
offsets = [7207 2830 22317 1010 4316 17201 3822 8772 1576 14202 5391 9137 12137 15926 11593 39182 8142 38914 14117 5254 ];

