target=0.50;discardreversals=2;startvalue=0.00;steps=[4  2  1];selfservice=0;
threshold = [-12.00 ];
values = [0.00 -10.00 -16.00 -10.00 -15.00 -13.50 -13.00 -13.50 -12.00 -10.50 -12.00 -12.50 -10.00 -11.50 -11.00 -13.50 -11.00 -12.50 -13.00 -13.50 ];
reversals = [0 0 1 -1 1 0 -1 1 0 -1 0 1 -1 1 -1 1 -1 0 0 0 ];
measures = [0 0 0 0 1 1 1 1 1 1 1 1 1 1 1 1 1 1 1 1 ];
presentations = [1 2 3 4 5 6 7 8 9 10 11 12 13 14 15 16 17 18 19 20 ];
answers = [5 4 1 5 1 2 3 1 1 4 3 0 4 2 5 0 4 3 3 4 ];
adjustments = [-10 -6 6 -5 1.5 0.5 -0.5 1.5 1.5 -1.5 -0.5 2.5 -1.5 0.5 -2.5 2.5 -1.5 -0.5 -0.5 -1.5 ];
sentences = {'00456' '22336' '69009' '70287' '47048' '52277' '33980' '76802' '61793' '18314' '54841' '87470' '24621' '89135' '45923' '36514' '95569' '08168' '93692' '11755' };
offsets = [1772209 382282 4143696 4571112 2794340 1958850 35267 3707204 4644579 337661 1674872 2857592 2759952 1799557 1591770 1003278 1964388 1719256 3943666 1422996 ];

