target=0.50;discardreversals=2;startvalue=0.00;steps=[4  2  1];selfservice=0;
threshold = [-4.75 ];
values = [0.00 -6.00 -8.00 2.00 -3.00 -4.50 -6.00 -4.50 -5.00 -5.50 -3.00 -2.50 -3.00 -4.50 -5.00 -2.50 -5.00 -5.50 -3.00 -3.50 ];
reversals = [0 0 1 -1 0 0 1 -1 0 1 0 -1 0 0 1 -1 0 1 -1 0 ];
measures = [0 0 0 0 0 0 1 1 1 1 1 1 1 1 1 1 1 1 1 1 ];
presentations = [1 2 3 4 5 6 7 8 9 10 11 12 13 14 15 16 17 18 19 20 ];
answers = [4 3 0 5 4 4 1 3 3 0 2 3 4 3 0 5 3 0 3 4 ];
adjustments = [-6 -2 10 -5 -1.5 -1.5 1.5 -0.5 -0.5 2.5 0.5 -0.5 -1.5 -0.5 2.5 -2.5 -0.5 2.5 -0.5 -1.5 ];
sentences = {'34994' '77705' '50976' '70762' '92629' '23081' '12339' '47173' '85813' '98162' '06251' '51437' '21080' '65555' '44697' '18348' '09216' '33528' '86800' '69444' };
offsets = [2062 3941 19558 259 7730 1350 2930 1626 8882 15389 43338 18850 28494 3279 19101 21650 40082 32645 31244 20254 ];

