target=0.50;discardreversals=2;startvalue=0.00;steps=[4  2  1];selfservice=0;
threshold = [-6.00 ];
values = [0.00 -10.00 -8.00 -5.00 -8.00 -7.50 -7.00 -6.50 -6.00 -5.50 -6.00 -7.50 -9.00 -6.50 -7.00 -5.50 -4.00 -5.50 -5.00 -5.50 ];
reversals = [0 1 0 -1 1 0 0 0 0 -1 0 0 1 -1 1 0 -1 1 -1 0 ];
measures = [0 0 0 0 1 1 1 1 1 1 1 1 1 1 1 1 1 1 1 1 ];
presentations = [1 2 3 4 5 6 7 8 9 10 11 12 13 14 15 16 17 18 19 20 ];
answers = [5 2 1 4 2 2 2 2 2 3 4 4 0 3 1 1 4 2 3 3 ];
adjustments = [-10 2 3 -3 0.5 0.5 0.5 0.5 0.5 -0.5 -1.5 -1.5 2.5 -0.5 1.5 1.5 -1.5 0.5 -0.5 -0.5 ];
sentences = {'29394' '14040' '03676' '33980' '48832' '76802' '35209' '70565' '95569' '66127' '18314' '87713' '89135' '47048' '00456' '52277' '24621' '61793' '91451' '52988' };
offsets = [4379962 3761266 4349855 1177116 2184570 2993323 1540717 3042173 1865905 2750296 102353 1145093 4713582 690704 68208 2839038 4436022 2634218 3153314 4059597 ];

