target=0.50;discardreversals=2;startvalue=0.00;steps=[4  2  1];selfservice=0;
threshold = [-17.00 ];
values = [5.00 -5.00 -15.00 -25.00 -15.00 -16.00 -16.50 -17.00 -15.50 -18.00 -17.50 -15.00 -14.50 -17.00 -16.50 -15.00 -14.50 -16.00 -17.50 -20.00 ];
reversals = [0 0 0 1 -1 0 0 1 -1 1 0 0 -1 1 0 0 -1 0 0 1 ];
measures = [0 0 0 0 0 0 0 1 1 1 1 1 1 1 1 1 1 1 1 1 ];
presentations = [1 2 3 4 5 6 7 8 9 10 11 12 13 14 15 16 17 18 19 20 ];
answers = [5 5 5 0 3 3 3 1 5 2 0 2 5 2 1 2 4 4 5 0 ];
adjustments = [-10 -10 -10 10 -1 -0.5 -0.5 1.5 -2.5 0.5 2.5 0.5 -2.5 0.5 1.5 0.5 -1.5 -1.5 -2.5 2.5 ];
sentences = {'72141' '90790' '03262' '43285' '31601' '77974' '67850' '48835' '15149' '24318' '66553' '39994' '82487' '80338' '51779' '18502' '59026' '94067' '05413' '26626' };
offsets = [30574 38514 763 74996 92966 44865 41250 16526 49119 34606 13577 7634 35844 45123 22725 57204 93239 47466 15818 58032 ];

