target=0.50;discardreversals=2;startvalue=0.00;steps=[4  2  1];selfservice=0;
threshold = [-16.50 ];
values = [5.00 -5.00 -11.00 -21.00 -11.00 -16.00 -14.50 -15.00 -15.50 -17.00 -15.50 -17.00 -15.50 -15.00 -15.50 -17.00 -15.50 -16.00 -17.50 -17.00 ];
reversals = [0 0 0 1 -1 1 -1 0 0 1 -1 1 0 -1 0 1 -1 0 1 -1 ];
measures = [0 0 0 0 0 1 1 1 1 1 1 1 1 1 1 1 1 1 1 1 ];
presentations = [1 2 3 4 5 6 7 8 9 10 11 12 13 14 15 16 17 18 19 20 ];
answers = [5 4 5 0 5 1 3 3 4 1 4 1 2 3 4 1 3 4 2 4 ];
adjustments = [-10 -6 -10 10 -5 1.5 -0.5 -0.5 -1.5 1.5 -1.5 1.5 0.5 -0.5 -1.5 1.5 -0.5 -1.5 0.5 -1.5 ];
sentences = {'89135' '76802' '39994' '52277' '05413' '51779' '94067' '95569' '26626' '67850' '80338' '72141' '18314' '00456' '33980' '18502' '61793' '24621' '43285' '47048' };
offsets = [45887 34664 8532 39799 3808 19108 62926 66259 33507 5561 15866 4880 41192 47705 60718 20981 15779 82599 45526 3474 ];

