target=0.50;discardreversals=2;startvalue=0.00;steps=[4  2  1];selfservice=0;
threshold = [-13.50 ];
values = [0.00 -10.00 0.00 -5.00 -4.50 -7.00 -8.50 -11.00 -11.50 -14.00 -12.50 -12.00 -13.50 -15.00 -15.50 -14.00 -13.50 -14.00 -11.50 -9.00 ];
reversals = [0 1 -1 1 -1 0 0 0 0 1 0 -1 0 0 1 0 -1 1 0 0 ];
measures = [0 0 0 1 1 1 1 1 1 1 1 1 1 1 1 1 1 1 1 1 ];
presentations = [1 2 3 4 5 6 7 8 9 10 11 12 13 14 15 16 17 18 19 20 ];
answers = [5 0 5 2 5 4 5 3 5 1 2 4 4 3 1 2 3 0 0 1 ];
adjustments = [-10 10 -5 0.5 -2.5 -1.5 -2.5 -0.5 -2.5 1.5 0.5 -1.5 -1.5 -0.5 1.5 0.5 -0.5 2.5 2.5 1.5 ];
sentences = {'99308' '63558' '82009' '46393' '55025' '03491' '74972' '78835' '87263' '22586' '16140' '07970' '95162' '41634' '10681' '29744' '68819' '51417' '34226' '30757' };
offsets = [1465311 4626828 2370750 4767403 4675436 3783484 459777 1377997 3154662 2365574 4658650 3370227 708496 2390833 3030762 2134494 1424237 4506334 2694965 578740 ];

