target=0.50;discardreversals=2;startvalue=0.00;steps=[4  2  1];selfservice=0;
threshold = [-4.50 ];
values = [0.00 2.00 -8.00 -3.00 -5.50 -7.00 -5.50 -5.00 -6.50 -5.00 -4.50 -5.00 -2.50 -5.00 -4.50 -6.00 -6.50 -4.00 -4.50 -4.00 ];
reversals = [0 -1 1 -1 0 1 0 -1 1 0 -1 1 -1 1 -1 0 1 -1 1 -1 ];
measures = [0 0 0 1 1 1 1 1 1 1 1 1 1 1 1 1 1 1 1 1 ];
presentations = [1 2 3 4 5 6 7 8 9 10 11 12 13 14 15 16 17 18 19 20 ];
answers = [2 5 0 5 4 1 2 4 1 2 3 0 5 2 4 3 0 3 2 5 ];
adjustments = [2 -10 5 -2.5 -1.5 1.5 0.5 -1.5 1.5 0.5 -0.5 2.5 -2.5 0.5 -1.5 -0.5 2.5 -0.5 0.5 -2.5 ];
sentences = {'52277' '89364' '51195' '76600' '90013' '33980' '18314' '61793' '89135' '95569' '68271' '44529' '47048' '15952' '37886' '24621' '00456' '76802' '02737' '23448' };
offsets = [4932 21159 12280 14220 6391 30494 4291 9089 16523 13408 7945 18625 26071 5503 19416 3224 19555 12394 12071 12222 ];

