target=0.50;discardreversals=2;startvalue=0.00;steps=[4  2  1];selfservice=0;
threshold = [-5.00 ];
values = [0.00 -10.00 0.00 -5.00 -3.50 -4.00 -5.50 -7.00 -6.50 -5.00 -4.50 -3.00 -3.50 -5.00 -5.50 -5.00 -6.50 -4.00 -5.50 -7.00 ];
reversals = [0 1 -1 1 -1 0 0 1 0 0 0 -1 0 0 1 -1 1 -1 0 1 ];
measures = [0 0 0 1 1 1 1 1 1 1 1 1 1 1 1 1 1 1 1 1 ];
presentations = [1 2 3 4 5 6 7 8 9 10 11 12 13 14 15 16 17 18 19 20 ];
answers = [5 0 5 1 3 4 4 2 1 2 1 3 4 3 2 4 0 4 4 1 ];
adjustments = [-10 10 -5 1.5 -0.5 -1.5 -1.5 0.5 1.5 0.5 1.5 -0.5 -1.5 -0.5 0.5 -1.5 2.5 -1.5 -1.5 1.5 ];
sentences = {'72141' '68819' '51779' '16140' '74972' '30757' '41634' '39994' '55025' '67850' '99308' '43285' '03491' '26626' '87263' '22586' '80338' '94067' '05413' '18502' };
offsets = [3177019 2149493 2826415 3473229 2638668 1765761 1562063 4646226 2640432 3597475 3144968 3845380 2240258 2862422 1692251 3278912 3636164 4317930 1961923 2520610 ];

