target=0.50;discardreversals=2;startvalue=0.00;steps=[4  2  1];selfservice=0;
threshold = [-5.00 ];
values = [0.00 -10.00 0.00 -5.00 -5.50 -3.00 -5.50 -6.00 -5.50 -6.00 -5.50 -7.00 -4.50 -5.00 -4.50 -5.00 -4.50 -5.00 -4.50 -4.00 ];
reversals = [0 1 -1 0 1 -1 0 1 -1 1 -1 1 -1 1 -1 1 -1 1 0 -1 ];
measures = [0 0 0 0 1 1 1 1 1 1 1 1 1 1 1 1 1 1 1 1 ];
presentations = [1 2 3 4 5 6 7 8 9 10 11 12 13 14 15 16 17 18 19 20 ];
answers = [5 0 5 3 0 5 3 2 3 2 4 0 3 2 3 2 3 2 2 4 ];
adjustments = [-10 10 -5 -0.5 2.5 -2.5 -0.5 0.5 -0.5 0.5 -1.5 2.5 -0.5 0.5 -0.5 0.5 -0.5 0.5 0.5 -1.5 ];
sentences = {'08168' '93692' '34994' '65555' '69009' '54841' '18348' '51437' '22336' '47173' '45923' '86800' '11755' '70762' '92629' '36514' '09216' '87470' '70287' '23081' };
offsets = [3063 8765 23117 2550 12659 5641 3035 25588 6682 30568 16614 30983 9960 545 8963 20133 7097 10456 3326 26963 ];

