target=0.50;discardreversals=2;startvalue=0.00;steps=[4  2  1];selfservice=0;
threshold = [-6.00 ];
values = [0.00 -10.00 0.00 -5.00 -6.50 -6.00 -3.50 -4.00 -6.50 -6.00 -7.50 -5.00 -5.50 -4.00 -4.50 -5.00 -5.50 -6.00 -4.50 -7.00 ];
reversals = [0 1 -1 0 1 0 -1 0 1 -1 1 -1 1 -1 0 0 0 1 -1 1 ];
measures = [0 0 0 0 1 1 1 1 1 1 1 1 1 1 1 1 1 1 1 1 ];
presentations = [1 2 3 4 5 6 7 8 9 10 11 12 13 14 15 16 17 18 19 20 ];
answers = [5 0 5 4 2 0 3 5 2 4 0 3 1 3 3 3 3 1 5 0 ];
adjustments = [-10 10 -5 -1.5 0.5 2.5 -0.5 -2.5 0.5 -1.5 2.5 -0.5 1.5 -0.5 -0.5 -0.5 -0.5 1.5 -2.5 2.5 ];
sentences = {'70565' '91451' '03491' '87263' '74972' '52988' '99308' '55025' '35209' '14040' '16140' '29394' '68819' '66127' '87713' '30757' '41634' '48832' '03676' '22586' };
offsets = [18230 31882 20957 12917 7053 686 25098 7340 9670 2379 21325 14401 36217 28497 2989 949 19729 18381 16151 28315 ];

