target=0.50;discardreversals=2;startvalue=0.00;steps=[4  2  1];selfservice=0;
threshold = [-4.00 ];
values = [0.00 2.00 -8.00 -3.00 -4.50 -2.00 -4.50 -4.00 -6.50 -4.00 -4.50 -2.00 -4.50 -5.00 -3.50 -2.00 -3.50 -2.00 -3.50 -4.00 ];
reversals = [0 -1 1 -1 1 -1 1 -1 1 -1 1 -1 0 1 0 -1 1 -1 0 0 ];
measures = [0 0 0 1 1 1 1 1 1 1 1 1 1 1 1 1 1 1 1 1 ];
presentations = [1 2 3 4 5 6 7 8 9 10 11 12 13 14 15 16 17 18 19 20 ];
answers = [2 5 0 4 0 5 2 5 0 3 0 5 3 1 1 4 1 4 3 5 ];
adjustments = [2 -10 5 -1.5 2.5 -2.5 0.5 -2.5 2.5 -0.5 2.5 -2.5 -0.5 1.5 1.5 -1.5 1.5 -1.5 -0.5 -2.5 ];
sentences = {'63558' '46393' '23081' '92629' '09216' '78835' '70762' '10681' '18348' '65555' '34226' '47173' '51437' '95162' '29744' '51417' '34994' '86800' '07970' '82009' };
offsets = [4419 20808 9445 10719 18339 32239 65 9679 22530 3451 29632 17663 3303 2967 3984 18120 16827 10653 12382 24982 ];

