target=0.75;minreversals=14;discardreversals=4;minmeasures=25;startvalue=70.00;steps=[4  4  2  1];feedback=0;
threshold = [129.50 ];
values = [86.00 82.00 78.00 74.00 70.00 66.00 66.00 66.00 66.00 66.00 66.00 78.00 78.00 90.00 106.00 118.00 134.00 130.00 128.00 128.00 126.00 126.00 126.00 126.00 126.00 126.00 126.00 126.00 132.00 131.00 130.00 129.00 129.00 129.00 128.00 128.00 128.00 127.00 127.00 126.00 126.00 130.00 130.00 130.00 130.00 130.00 133.00 137.00 136.00 135.00 134.00 134.00 133.00 133.00 132.00 131.00 130.00 130.00 129.00 128.00 128.00 127.00 130.00 129.00 129.00 128.00 128.00 128.00 127.00 127.00 130.00 129.00 128.00 132.00 132.00 132.00 132.00 131.00 130.00 130.00 130.00 129.00 129.00 132.00 135.00 135.00 134.00 134.00 134.00 ];
reversals = [0 0 0 0 0 0 0 0 0 0 1 0 0 0 0 0 -1 0 0 0 0 0 0 0 0 0 0 1 -1 0 0 0 0 0 0 0 0 0 0 0 1 0 0 0 0 0 0 -1 0 0 0 0 0 0 0 0 0 0 0 0 0 1 -1 0 0 0 0 0 0 1 -1 0 1 0 0 0 -1 0 0 0 0 0 1 0 0 -1 0 0 0 ];
measures = [0 0 0 0 0 0 0 0 0 0 0 0 0 0 0 0 0 0 0 0 0 0 0 0 0 0 0 0 0 0 0 0 0 0 0 0 0 0 0 0 1 1 1 1 1 1 1 1 1 1 1 1 1 1 1 1 1 1 1 1 1 1 1 1 1 1 1 1 1 1 1 1 1 1 1 1 1 1 1 1 1 1 1 1 1 1 1 1 1 ];
presentations = [1 1 1 1 1 0 0 0 0 0 1 0 1 0 1 0 1 1 0 1 0 0 0 0 0 0 0 1 1 1 1 0 0 1 0 0 1 0 1 0 0 0 0 0 0 1 0 1 1 1 0 1 0 1 1 1 0 1 1 0 1 1 1 0 1 0 0 1 0 1 1 1 0 0 0 0 1 1 0 0 1 0 1 1 0 1 0 0 1 ];
answers = [1 1 1 1 1 0 0 0 0 0 0 0 0 1 0 1 1 1 0 1 0 0 0 0 0 0 0 0 1 1 1 0 0 1 0 0 1 0 1 0 1 0 0 0 0 0 1 1 1 1 0 1 0 1 1 1 0 1 1 0 1 0 1 0 1 0 0 1 0 0 1 1 1 0 0 0 1 1 0 0 1 0 0 0 0 1 0 0 1 ];
adjustments = [-4 -4 -4 -4 -4 0 0 0 0 0 12 0 12 16 12 16 -4 -2 0 -2 0 0 0 0 0 0 0 6 -1 -1 -1 0 0 -1 0 0 -1 0 -1 0 4 0 0 0 0 3 4 -1 -1 -1 0 -1 0 -1 -1 -1 0 -1 -1 0 -1 3 -1 0 -1 0 0 -1 0 3 -1 -1 4 0 0 0 -1 -1 0 0 -1 0 3 3 0 -1 0 0 -1 ];

