target=0.50;discardreversals=2;startvalue=0.00;steps=[4  2  1];selfservice=0;
threshold = [0.50 ];
values = [0.00 -2.00 4.00 3.00 3.50 2.00 -0.50 -1.00 0.50 -2.00 0.50 -1.00 -1.50 1.00 0.50 2.00 2.50 1.00 -0.50 -1.00 ];
reversals = [0 1 -1 1 -1 0 0 1 -1 1 -1 0 1 -1 1 0 -1 0 0 1 ];
measures = [0 0 0 1 1 1 1 1 1 1 1 1 1 1 1 1 1 1 1 1 ];
presentations = [1 2 3 4 5 6 7 8 9 10 11 12 13 14 15 16 17 18 19 20 ];
answers = [3 1 3 2 4 5 3 1 5 0 4 3 0 3 1 2 4 4 3 0 ];
adjustments = [-2 6 -1 0.5 -1.5 -2.5 -0.5 1.5 -2.5 2.5 -1.5 -0.5 2.5 -0.5 1.5 0.5 -1.5 -1.5 -0.5 2.5 ];
sentences = {'46393' '68271' '51195' '29744' '02737' '07970' '51417' '15952' '23448' '82009' '78835' '89364' '95162' '44529' '63558' '37886' '10681' '34226' '90013' '76600' };
offsets = [2522526 3193361 3061210 1934128 1345586 2292453 632525 524054 3808807 2803844 4258385 2773095 4247067 34918 2098659 3065371 1129397 2503875 3144137 247400 ];

