target=0.50;discardreversals=2;startvalue=0.00;steps=[4  2  1];selfservice=0;
threshold = [-1.50 ];
values = [0.00 2.00 -8.00 -3.00 -1.50 -4.00 -3.50 -2.00 -0.50 -2.00 -2.50 0.00 -2.50 0.00 -1.50 -3.00 -4.50 -3.00 -1.50 -3.00 ];
reversals = [0 -1 1 0 -1 1 0 0 -1 0 1 -1 1 -1 0 0 1 0 -1 0 ];
measures = [0 0 0 0 1 1 1 1 1 1 1 1 1 1 1 1 1 1 1 1 ];
presentations = [1 2 3 4 5 6 7 8 9 10 11 12 13 14 15 16 17 18 19 20 ];
answers = [2 5 0 1 5 2 1 1 4 3 0 5 0 4 4 4 1 1 4 3 ];
adjustments = [2 -10 5 1.5 -2.5 0.5 1.5 1.5 -1.5 -0.5 2.5 -2.5 2.5 -1.5 -1.5 -1.5 1.5 1.5 -1.5 -0.5 ];
sentences = {'69444' '16140' '44697' '55025' '99308' '21080' '98162' '12339' '50976' '68819' '33528' '03491' '30757' '74972' '22586' '06251' '41634' '77705' '87263' '85813' };
offsets = [20841 21230 14970 13944 3916 26587 4196 714 19299 27683 36849 22678 5118 722 22832 43839 27161 4226 21422 3632 ];

