target=0.75;minreversals=14;discardreversals=4;minmeasures=25;startvalue=70.00;steps=[4  4  2  1];feedback=0;
threshold = [88.50 ];
values = [82.00 78.00 74.00 70.00 66.00 66.00 66.00 66.00 66.00 78.00 90.00 106.00 102.00 102.00 102.00 100.00 100.00 98.00 96.00 94.00 94.00 92.00 92.00 90.00 88.00 88.00 88.00 88.00 88.00 94.00 98.00 98.00 97.00 96.00 96.00 100.00 100.00 100.00 99.00 98.00 97.00 96.00 95.00 94.00 93.00 92.00 92.00 92.00 92.00 91.00 90.00 90.00 89.00 88.00 88.00 88.00 88.00 88.00 87.00 86.00 85.00 85.00 84.00 84.00 84.00 84.00 87.00 86.00 90.00 89.00 88.00 87.00 86.00 85.00 84.00 84.00 84.00 84.00 87.00 87.00 87.00 87.00 87.00 87.00 90.00 89.00 89.00 89.00 89.00 89.00 88.00 87.00 86.00 86.00 86.00 86.00 86.00 86.00 89.00 93.00 93.00 ];
reversals = [0 0 0 0 0 0 0 0 1 0 0 -1 0 0 0 0 0 0 0 0 0 0 0 0 0 0 0 0 1 0 0 -1 0 0 1 0 0 -1 0 0 0 0 0 0 0 0 0 0 0 0 0 0 0 0 0 0 0 0 0 0 0 0 0 0 0 1 -1 1 -1 0 0 0 0 0 0 0 0 1 0 0 0 0 0 0 -1 0 0 0 0 0 0 0 0 0 0 0 0 1 0 0 -1 ];
measures = [0 0 0 0 0 0 0 0 0 0 0 0 0 0 0 0 0 0 0 0 0 0 0 0 0 0 0 0 0 0 0 0 0 0 1 1 1 1 1 1 1 1 1 1 1 1 1 1 1 1 1 1 1 1 1 1 1 1 1 1 1 1 1 1 1 1 1 1 1 1 1 1 1 1 1 1 1 1 1 1 1 1 1 1 1 1 1 1 1 1 1 1 1 1 1 1 1 1 1 1 1 ];
presentations = [1 1 1 1 0 0 0 0 1 1 0 1 0 0 1 0 1 1 1 0 1 0 1 1 0 0 0 0 1 0 0 1 1 0 0 0 0 1 1 1 1 1 1 1 1 0 0 0 1 1 0 1 1 0 0 0 0 1 1 1 0 1 0 0 0 1 1 0 1 1 1 1 1 1 0 0 0 1 0 0 0 0 0 1 1 0 0 0 0 1 1 1 0 0 0 0 0 1 0 0 1 ];
answers = [1 1 1 1 0 0 0 0 0 0 1 1 0 0 1 0 1 1 1 0 1 0 1 1 0 0 0 0 0 1 0 1 1 0 1 0 0 1 1 1 1 1 1 1 1 0 0 0 1 1 0 1 1 0 0 0 0 1 1 1 0 1 0 0 0 0 1 1 1 1 1 1 1 1 0 0 0 0 0 0 0 0 0 0 1 0 0 0 0 1 1 1 0 0 0 0 0 0 1 0 1 ];
adjustments = [-4 -4 -4 -4 0 0 0 0 12 12 16 -4 0 0 -2 0 -2 -2 -2 0 -2 0 -2 -2 0 0 0 0 6 4 0 -1 -1 0 4 0 0 -1 -1 -1 -1 -1 -1 -1 -1 0 0 0 -1 -1 0 -1 -1 0 0 0 0 -1 -1 -1 0 -1 0 0 0 3 -1 4 -1 -1 -1 -1 -1 -1 0 0 0 3 0 0 0 0 0 3 -1 0 0 0 0 -1 -1 -1 0 0 0 0 0 3 4 0 -1 ];

