target=0.50;discardreversals=2;startvalue=0.00;steps=[4  2  1];selfservice=0;
threshold = [-2.50 ];
values = [0.00 -6.00 4.00 -1.00 -1.50 -4.00 -1.50 -4.00 -1.50 1.00 2.50 0.00 -2.50 -3.00 -1.50 -4.00 -5.50 -5.00 -4.50 -2.00 ];
reversals = [0 1 -1 0 0 1 -1 1 0 0 -1 0 0 1 -1 0 1 0 0 -1 ];
measures = [0 0 0 0 0 1 1 1 1 1 1 1 1 1 1 1 1 1 1 1 ];
presentations = [1 2 3 4 5 6 7 8 9 10 11 12 13 14 15 16 17 18 19 20 ];
answers = [4 0 5 3 5 0 5 0 0 1 5 5 3 1 5 4 2 2 0 4 ];
adjustments = [-6 10 -5 -0.5 -2.5 2.5 -2.5 2.5 2.5 1.5 -2.5 -2.5 -0.5 1.5 -2.5 -1.5 0.5 0.5 2.5 -1.5 ];
sentences = {'29394' '52988' '66127' '03676' '47048' '89135' '24621' '95569' '76802' '61793' '87713' '33980' '48832' '91451' '18314' '70565' '14040' '35209' '00456' '52277' };
offsets = [18749 4666 6926 30460 13703 6662 15607 21998 6954 12311 7666 22020 19467 23537 25804 16827 7093 9501 26923 7606 ];

