target=0.50;discardreversals=2;startvalue=0.00;steps=[4  2  1];selfservice=0;
threshold = [-2.50 ];
values = [5.00 -5.00 5.00 2.00 -0.50 -1.00 -2.50 -2.00 -4.50 -6.00 -3.50 -2.00 -4.50 -3.00 -1.50 -1.00 -2.50 -4.00 -4.50 -5.00 ];
reversals = [0 1 -1 0 0 0 1 -1 0 1 0 -1 1 0 0 -1 0 0 0 1 ];
measures = [0 0 0 0 0 0 1 1 1 1 1 1 1 1 1 1 1 1 1 1 ];
presentations = [1 2 3 4 5 6 7 8 9 10 11 12 13 14 15 16 17 18 19 20 ];
answers = [5 0 4 5 3 4 2 5 4 0 1 5 1 1 2 4 4 3 3 0 ];
adjustments = [-10 10 -3 -2.5 -0.5 -1.5 0.5 -2.5 -1.5 2.5 1.5 -2.5 1.5 1.5 0.5 -1.5 -1.5 -0.5 -0.5 2.5 ];
sentences = {'18314' '33980' '43285' '24621' '51779' '39994' '76802' '05413' '52277' '00456' '72141' '61793' '26626' '80338' '67850' '47048' '18502' '94067' '89135' '95569' };
offsets = [66210 4522 55437 34399 47435 52839 64508 29093 51746 87861 15635 39155 53552 9526 59635 3184 48012 15606 8329 33367 ];

