target=0.50;discardreversals=2;startvalue=0.00;steps=[4  2  1];selfservice=0;
threshold = [-3.50 ];
values = [0.00 -6.00 4.00 3.00 0.50 -1.00 -3.50 -5.00 -2.50 -3.00 -4.50 -3.00 -3.50 -1.00 -3.50 -3.00 -4.50 -5.00 -5.50 -6.00 ];
reversals = [0 1 -1 0 0 0 0 1 -1 0 1 -1 1 -1 1 -1 0 0 0 1 ];
measures = [0 0 0 0 0 0 0 1 1 1 1 1 1 1 1 1 1 1 1 1 ];
presentations = [1 2 3 4 5 6 7 8 9 10 11 12 13 14 15 16 17 18 19 20 ];
answers = [4 0 3 5 4 5 4 0 3 4 1 3 0 5 2 4 3 3 3 2 ];
adjustments = [-6 10 -1 -2.5 -1.5 -2.5 -1.5 2.5 -0.5 -1.5 1.5 -0.5 2.5 -2.5 0.5 -1.5 -0.5 -0.5 -0.5 0.5 ];
sentences = {'77974' '41634' '30757' '82487' '48835' '87263' '68819' '55025' '59026' '03491' '31601' '74972' '22586' '99308' '03262' '90790' '16140' '15149' '66553' '24318' };
offsets = [4149301 2073728 2836970 3798405 2548762 1337346 542028 4639386 924522 546002 3951459 3793078 1372757 3199515 4067991 3568120 2152204 2373599 2984492 1512992 ];

