target=0.50;discardreversals=2;startvalue=0.00;steps=[4  2  1];selfservice=0;
threshold = [-0.25 ];
values = [0.00 -10.00 0.00 3.00 0.00 -0.50 -1.00 0.50 -2.00 -0.50 0.00 1.50 -1.00 -1.50 -3.00 -0.50 0.00 1.50 1.00 -0.50 ];
reversals = [0 1 0 -1 0 0 1 -1 1 0 0 -1 0 0 1 0 0 -1 0 0 ];
measures = [0 0 0 0 0 0 1 1 1 1 1 1 1 1 1 1 1 1 1 1 ];
presentations = [1 2 3 4 5 6 7 8 9 10 11 12 13 14 15 16 17 18 19 20 ];
answers = [5 0 1 4 3 3 1 5 1 2 1 5 3 4 0 2 1 3 4 4 ];
adjustments = [-10 10 3 -3 -0.5 -0.5 1.5 -2.5 1.5 0.5 1.5 -2.5 -0.5 -1.5 2.5 0.5 1.5 -0.5 -1.5 -1.5 ];
sentences = {'18348' '92629' '23081' '16140' '86800' '47173' '65555' '99308' '41634' '30757' '09216' '87263' '55025' '03491' '34994' '70762' '22586' '68819' '51437' '74972' };
offsets = [4236 11816 3452 14439 25438 6584 8645 2859 34120 1123 23770 6977 15172 35399 13712 239 6738 24189 21325 24636 ];

