target=0.50;discardreversals=2;startvalue=0.00;steps=[4  2  1];selfservice=0;
threshold = [-4.75 ];
values = [0.00 -6.00 0.00 -3.00 -4.50 -7.00 -9.50 -9.00 -6.50 -4.00 -5.50 -3.00 -3.50 -5.00 -7.50 -7.00 -5.50 -3.00 -3.50 -5.00 ];
reversals = [0 1 -1 0 0 0 1 0 0 -1 1 -1 0 0 1 0 0 -1 0 0 ];
measures = [0 0 0 0 0 0 1 1 1 1 1 1 1 1 1 1 1 1 1 1 ];
presentations = [1 2 3 4 5 6 7 8 9 10 11 12 13 14 15 16 17 18 19 20 ];
answers = [4 1 4 4 5 5 2 0 0 4 0 3 4 5 2 1 0 3 4 3 ];
adjustments = [-6 6 -3 -1.5 -2.5 -2.5 0.5 2.5 2.5 -1.5 2.5 -0.5 -1.5 -2.5 0.5 1.5 2.5 -0.5 -1.5 -0.5 ];
sentences = {'95162' '34226' '78835' '03262' '07970' '59026' '90790' '48835' '31601' '77974' '66553' '24318' '82487' '29744' '63558' '51417' '10681' '82009' '15149' '46393' };
offsets = [4593957 2077420 651839 4821135 3247291 121559 1231942 1117393 4841135 941265 1210625 2902291 1856402 1564994 2004371 1696664 2095341 2990679 2486936 4438152 ];

