target=0.50;discardreversals=2;startvalue=0.00;steps=[4  2  1];selfservice=0;
threshold = [-1.00 ];
values = [0.00 -6.00 4.00 -1.00 -0.50 -3.00 -0.50 -1.00 -2.50 -1.00 -1.50 0.00 -0.50 2.00 -0.50 -2.00 -1.50 -3.00 -2.50 -2.00 ];
reversals = [0 1 -1 1 -1 1 -1 0 1 -1 1 -1 1 -1 0 1 -1 1 0 0 ];
measures = [0 0 0 1 1 1 1 1 1 1 1 1 1 1 1 1 1 1 1 1 ];
presentations = [1 2 3 4 5 6 7 8 9 10 11 12 13 14 15 16 17 18 19 20 ];
answers = [4 0 5 2 5 0 3 4 1 3 1 3 0 5 4 2 4 2 2 1 ];
adjustments = [-6 10 -5 0.5 -2.5 2.5 -0.5 -1.5 1.5 -0.5 1.5 -0.5 2.5 -2.5 -1.5 0.5 -1.5 0.5 0.5 1.5 ];
sentences = {'08168' '85813' '87470' '06251' '45923' '93692' '44697' '69009' '22336' '77705' '98162' '21080' '50976' '69444' '12339' '33528' '54841' '70287' '11755' '36514' };
offsets = [2161 2471 15704 3838 12196 16755 31121 10404 11602 17217 16002 15862 2496 24887 7023 23413 12297 4395 3392 33896 ];

