target=0.50;discardreversals=2;startvalue=0.00;steps=[4  2  1];selfservice=0;
threshold = [-5.00 ];
values = [0.00 -10.00 0.00 -5.00 -5.50 -4.00 -4.50 -2.00 -2.50 -5.00 -3.50 -5.00 -5.50 -5.00 -5.50 -5.00 -6.50 -8.00 -10.50 -9.00 ];
reversals = [0 1 -1 0 1 -1 1 -1 0 1 -1 0 1 -1 1 -1 0 0 1 0 ];
measures = [0 0 0 0 1 1 1 1 1 1 1 1 1 1 1 1 1 1 1 1 ];
presentations = [1 2 3 4 5 6 7 8 9 10 11 12 13 14 15 16 17 18 19 20 ];
answers = [5 0 5 3 1 3 0 3 5 1 4 3 2 3 2 4 4 5 1 0 ];
adjustments = [-10 10 -5 -0.5 1.5 -0.5 2.5 -0.5 -2.5 1.5 -1.5 -0.5 0.5 -0.5 0.5 -1.5 -1.5 -2.5 1.5 2.5 ];
sentences = {'03491' '22586' '68819' '16140' '44529' '76600' '23448' '41634' '74972' '30757' '89364' '90013' '68271' '37886' '51195' '15952' '99308' '87263' '55025' '02737' };
offsets = [3957719 1181901 324809 3982764 3660692 4613953 3638111 4165792 1650879 2015745 2306861 2690702 1707674 1517943 4428602 1388347 4595388 1381968 2154416 331162 ];

