target=0.50;discardreversals=2;startvalue=0.00;steps=[4  2  1];selfservice=0;
threshold = [0.50 ];
values = [0.00 6.00 -4.00 1.00 2.50 0.00 -1.50 0.00 1.50 0.00 -2.50 0.00 0.50 2.00 1.50 -1.00 0.50 -1.00 -0.50 2.00 ];
reversals = [0 -1 1 0 -1 0 1 0 -1 0 1 0 0 -1 0 1 -1 1 0 -1 ];
measures = [0 0 0 0 1 1 1 1 1 1 1 1 1 1 1 1 1 1 1 1 ];
presentations = [1 2 3 4 5 6 7 8 9 10 11 12 13 14 15 16 17 18 19 20 ];
answers = [1 5 0 1 5 4 1 1 4 5 0 2 1 3 5 1 4 2 0 5 ];
adjustments = [6 -10 5 1.5 -2.5 -1.5 1.5 1.5 -1.5 -2.5 2.5 0.5 1.5 -0.5 -2.5 1.5 -1.5 0.5 2.5 -2.5 ];
sentences = {'03491' '35209' '74972' '70565' '68819' '22586' '48832' '41634' '14040' '66127' '52988' '99308' '55025' '16140' '87713' '30757' '87263' '03676' '91451' '29394' };
offsets = [39970 437 11621 19073 12843 304 35709 32476 814 13765 8469 7491 10378 16222 395 90 592 22984 14193 20172 ];

