target=0.50;discardreversals=2;startvalue=0.00;steps=[4  2  1];selfservice=0;
threshold = [0.75 ];
values = [0.00 10.00 0.00 5.00 2.50 3.00 0.50 0.00 -1.50 1.00 -1.50 -1.00 0.50 0.00 1.50 -1.00 -3.50 -3.00 -2.50 -1.00 ];
reversals = [0 -1 1 -1 1 -1 0 0 1 -1 1 0 -1 1 -1 0 1 0 0 0 ];
measures = [0 0 0 1 1 1 1 1 1 1 1 1 1 1 1 1 1 1 1 1 ];
presentations = [1 2 3 4 5 6 7 8 9 10 11 12 13 14 15 16 17 18 19 20 ];
answers = [0 5 0 5 2 5 3 4 0 5 2 1 3 1 5 5 2 2 1 1 ];
adjustments = [10 -10 5 -2.5 0.5 -2.5 -0.5 -1.5 2.5 -2.5 0.5 1.5 -0.5 1.5 -2.5 -2.5 0.5 0.5 1.5 1.5 ];
sentences = {'15149' '33528' '98162' '66553' '03262' '77974' '12339' '85813' '69444' '50976' '44697' '77705' '24318' '48835' '59026' '06251' '82487' '90790' '21080' '31601' };
offsets = [10096 4071 12478 16603 18637 11943 9810 11562 11141 23639 7757 13337 128 22381 18384 38634 26916 4996 16159 33799 ];

