target=0.50;discardreversals=2;startvalue=0.00;steps=[4  2  1];selfservice=0;
threshold = [0.50 ];
values = [0.00 2.00 -8.00 -3.00 -2.50 -2.00 0.50 -1.00 -0.50 0.00 -0.50 1.00 1.50 2.00 1.50 0.00 1.50 1.00 2.50 1.00 ];
reversals = [0 -1 1 0 0 0 -1 1 0 -1 1 0 0 -1 0 1 -1 1 -1 0 ];
measures = [0 0 0 0 0 0 1 1 1 1 1 1 1 1 1 1 1 1 1 1 ];
presentations = [1 2 3 4 5 6 7 8 9 10 11 12 13 14 15 16 17 18 19 20 ];
answers = [2 5 0 2 2 0 4 2 2 3 1 2 2 3 4 1 3 1 4 3 ];
adjustments = [2 -10 5 0.5 0.5 2.5 -1.5 0.5 0.5 -0.5 1.5 0.5 0.5 -0.5 -1.5 1.5 -0.5 1.5 -1.5 -0.5 ];
sentences = {'90790' '77974' '82487' '86800' '15149' '48835' '92629' '70762' '03262' '23081' '18348' '66553' '31601' '65555' '47173' '59026' '51437' '34994' '24318' '09216' };
offsets = [4189898 2570929 3391335 3906098 980489 3864680 4628391 1901371 3007960 2673980 392628 340581 1514028 3696163 243564 373033 244917 3620072 4563424 2300495 ];

