target=0.50;discardreversals=2;startvalue=0.00;steps=[4  2  1];selfservice=0;
threshold = [-1.00 ];
values = [0.00 2.00 0.00 -3.00 -2.00 -1.50 -1.00 -1.50 1.00 3.50 4.00 1.50 1.00 0.50 -1.00 -0.50 -1.00 1.50 -1.00 -0.50 ];
reversals = [0 -1 0 1 0 0 -1 1 0 0 -1 0 0 0 1 -1 1 -1 1 -1 ];
measures = [0 0 0 0 0 0 1 1 1 1 1 1 1 1 1 1 1 1 1 1 ];
presentations = [1 2 3 4 5 6 7 8 9 10 11 12 13 14 15 16 17 18 19 20 ];
answers = [2 3 4 2 2 2 3 0 0 2 5 3 3 4 2 3 0 5 2 5 ];
adjustments = [2 -2 -3 1 0.5 0.5 -0.5 2.5 2.5 0.5 -2.5 -0.5 -0.5 -1.5 0.5 -0.5 2.5 -2.5 0.5 -2.5 ];
sentences = {'16140' '47048' '76802' '99308' '74972' '61793' '52277' '03491' '95569' '30757' '18314' '55025' '00456' '24621' '33980' '22586' '41634' '87263' '89135' '68819' };
offsets = [1446469 1801256 1442995 2122459 1674847 810210 1848356 686217 2638627 4311939 1672470 2431313 4438364 2585202 3518856 4174874 3346165 3841440 2933605 4024759 ];

