target=0.50;discardreversals=2;startvalue=0.00;steps=[4  2  1];selfservice=0;
threshold = [-8.25 ];
values = [5.00 -1.00 -11.00 -5.00 -10.00 -11.50 -12.00 -10.50 -10.00 -8.50 -6.00 -7.50 -8.00 -5.50 -7.00 -7.50 -10.00 -8.50 -9.00 -6.50 ];
reversals = [0 0 1 -1 0 0 1 0 0 0 -1 0 1 -1 0 0 1 -1 1 -1 ];
measures = [0 0 0 0 0 0 1 1 1 1 1 1 1 1 1 1 1 1 1 1 ];
presentations = [1 2 3 4 5 6 7 8 9 10 11 12 13 14 15 16 17 18 19 20 ];
answers = [4 5 1 5 4 3 1 2 1 0 4 3 0 4 3 5 1 3 0 3 ];
adjustments = [-6 -10 6 -5 -1.5 -0.5 1.5 0.5 1.5 2.5 -1.5 -0.5 2.5 -1.5 -0.5 -2.5 1.5 -0.5 2.5 -0.5 ];
sentences = {'68819' '37886' '74972' '76600' '87263' '99308' '41634' '68271' '16140' '44529' '22586' '03491' '51195' '23448' '89364' '15952' '55025' '90013' '30757' '02737' };
offsets = [89102 54144 30456 50168 74068 23016 3251 5050 13701 82062 63189 26640 62964 23958 56971 55945 4560 66007 9284 25494 ];

