target=0.50;discardreversals=2;startvalue=0.00;steps=[4  2  1];selfservice=0;
threshold = [-0.50 ];
values = [0.00 6.00 8.00 -2.00 -3.00 -4.00 1.00 -1.50 -1.00 -0.50 0.00 -1.50 1.00 -1.50 -1.00 -1.50 0.00 1.50 0.00 0.50 ];
reversals = [0 0 -1 0 0 1 -1 1 0 0 -1 1 -1 1 -1 1 0 -1 1 0 ];
measures = [0 0 0 0 0 0 1 1 1 1 1 1 1 1 1 1 1 1 1 1 ];
presentations = [1 2 3 4 5 6 7 8 9 10 11 12 13 14 15 16 17 18 19 20 ];
answers = [1 2 5 3 3 0 5 2 2 2 4 0 5 2 3 1 1 4 2 2 ];
adjustments = [6 2 -10 -1 -1 5 -2.5 0.5 0.5 0.5 -1.5 2.5 -2.5 0.5 -0.5 1.5 1.5 -1.5 0.5 0.5 ];
sentences = {'18314' '51195' '37886' '90013' '02737' '33980' '52277' '24621' '47048' '95569' '68271' '76802' '76600' '44529' '89364' '00456' '15952' '23448' '61793' '89135' };
offsets = [8955 18512 28145 19967 20391 6972 11126 16496 5717 9078 34795 11550 36802 42786 23617 1706 3292 6596 10960 28671 ];

