target=0.50;discardreversals=2;startvalue=0.00;steps=[4  2  1];selfservice=0;
threshold = [-2.00 ];
values = [0.00 2.00 -8.00 -3.00 -1.50 -1.00 -0.50 -1.00 -3.50 -2.00 -2.50 -2.00 -0.50 -3.00 -3.50 -1.00 -0.50 -2.00 -2.50 -1.00 ];
reversals = [0 -1 1 0 0 0 -1 0 1 -1 1 0 -1 0 1 0 -1 0 1 -1 ];
measures = [0 0 0 0 0 0 1 1 1 1 1 1 1 1 1 1 1 1 1 1 ];
presentations = [1 2 3 4 5 6 7 8 9 10 11 12 13 14 15 16 17 18 19 20 ];
answers = [2 5 0 1 2 2 3 5 1 3 2 1 5 3 0 2 4 3 1 4 ];
adjustments = [2 -10 5 1.5 0.5 0.5 -0.5 -2.5 1.5 -0.5 0.5 1.5 -2.5 -0.5 2.5 0.5 -1.5 -0.5 1.5 -1.5 ];
sentences = {'30757' '68819' '86800' '92629' '34994' '70762' '03491' '87263' '41634' '65555' '74972' '09216' '23081' '18348' '51437' '99308' '16140' '55025' '47173' '22586' };
offsets = [1033 38427 21406 1181 3060 694 46056 16928 31698 5683 1543 156 16956 19986 20213 3675 2208 15145 4807 31226 ];

