target=0.50;discardreversals=2;startvalue=0.00;steps=[4  2  1];selfservice=0;
threshold = [-10.50 ];
values = [5.00 3.00 -7.00 -17.00 -7.00 -12.00 -9.50 -10.00 -8.50 -7.00 -8.50 -11.00 -10.50 -11.00 -9.50 -11.00 -9.50 -11.00 -10.50 -11.00 ];
reversals = [0 0 0 1 -1 1 -1 1 0 -1 0 1 -1 1 -1 1 -1 1 -1 0 ];
measures = [0 0 0 0 0 1 1 1 1 1 1 1 1 1 1 1 1 1 1 1 ];
presentations = [1 2 3 4 5 6 7 8 9 10 11 12 13 14 15 16 17 18 19 20 ];
answers = [3 5 5 0 5 0 3 1 1 4 5 2 3 1 4 1 4 2 3 4 ];
adjustments = [-2 -10 -10 10 -5 2.5 -0.5 1.5 1.5 -1.5 -2.5 0.5 -0.5 1.5 -1.5 1.5 -1.5 0.5 -0.5 -1.5 ];
sentences = {'51417' '29744' '52277' '34226' '00456' '76802' '89135' '95162' '78835' '18314' '07970' '61793' '33980' '63558' '46393' '95569' '10681' '24621' '47048' '82009' };
offsets = [28336 21923 15014 21206 11489 67432 79122 4031 19938 84066 61895 17237 65969 39794 29060 31988 16633 84632 69670 47290 ];

