target=0.50;discardreversals=2;startvalue=0.00;steps=[4  2  1];selfservice=0;
threshold = [-2.75 ];
values = [0.00 -2.00 -4.00 6.00 1.00 -1.50 -4.00 -2.50 -2.00 -1.50 -2.00 -4.50 -3.00 -2.50 -2.00 -3.50 -2.00 -1.50 -4.00 -4.50 ];
reversals = [0 0 1 -1 0 0 1 0 0 -1 0 1 0 0 -1 1 0 -1 0 0 ];
measures = [0 0 0 0 0 0 1 1 1 1 1 1 1 1 1 1 1 1 1 1 ];
presentations = [1 2 3 4 5 6 7 8 9 10 11 12 13 14 15 16 17 18 19 20 ];
answers = [3 3 0 5 5 5 1 2 2 3 5 1 2 2 4 1 2 5 3 3 ];
adjustments = [-2 -2 10 -5 -2.5 -2.5 1.5 0.5 0.5 -0.5 -2.5 1.5 0.5 0.5 -1.5 1.5 0.5 -2.5 -0.5 -0.5 ];
sentences = {'51437' '03676' '47173' '14040' '70565' '23081' '70762' '86800' '91451' '65555' '35209' '34994' '52988' '87713' '92629' '29394' '48832' '09216' '18348' '66127' };
offsets = [9539 30660 3161 15199 12839 10940 321 4980 2128 13703 6579 8411 2034 10187 3682 18418 34600 12928 83 12394 ];

