target=0.50;discardreversals=2;startvalue=0.00;steps=[4  2  1];selfservice=0;
threshold = [15.50 ];
values = [0.00 10.00 20.00 14.00 13.00 18.00 18.50 17.00 14.50 16.00 15.50 16.00 16.50 16.00 15.50 14.00 13.50 14.00 12.50 11.00 ];
reversals = [0 0 -1 0 1 0 -1 0 1 -1 1 0 -1 0 0 0 1 -1 0 0 ];
measures = [0 0 0 0 0 0 1 1 1 1 1 1 1 1 1 1 1 1 1 1 ];
presentations = [1 2 3 4 5 6 7 8 9 10 11 12 13 14 15 16 17 18 19 20 ];
answers = [0 0 4 3 0 2 4 5 1 3 2 2 3 3 4 3 2 4 4 3 ];
adjustments = [10 10 -6 -1 5 0.5 -1.5 -2.5 1.5 -0.5 0.5 0.5 -0.5 -0.5 -1.5 -0.5 0.5 -1.5 -1.5 -0.5 ];
sentences = {'76802' '67850' '39994' '94067' '00456' '89135' '05413' '26626' '33980' '18314' '80338' '51779' '72141' '61793' '95569' '18502' '43285' '24621' '52277' '47048' };
offsets = [24089 10515 17423 31805 29037 30134 22060 14619 4896 24707 1373 15442 3335 10979 6793 13027 1050 17604 8256 17455 ];

