target=0.50;discardreversals=2;startvalue=0.00;steps=[4  2  1];selfservice=0;
threshold = [16.50 ];
values = [5.00 15.00 25.00 19.00 14.00 13.00 18.00 15.50 13.00 14.50 15.00 14.50 15.00 14.50 17.00 16.50 17.00 17.50 17.00 18.50 ];
reversals = [0 0 -1 0 0 1 -1 0 1 0 -1 1 -1 1 -1 1 0 -1 1 -1 ];
measures = [0 0 0 0 0 0 1 1 1 1 1 1 1 1 1 1 1 1 1 1 ];
presentations = [1 2 3 4 5 6 7 8 9 10 11 12 13 14 15 16 17 18 19 20 ];
answers = [0 0 4 5 3 0 5 5 1 2 3 2 3 0 3 2 2 3 1 5 ];
adjustments = [10 10 -6 -5 -1 5 -2.5 -2.5 1.5 0.5 -0.5 0.5 -0.5 2.5 -0.5 0.5 0.5 -0.5 1.5 -2.5 ];
sentences = {'03676' '48832' '55025' '03491' '52988' '68819' '87713' '14040' '91451' '70565' '30757' '74972' '35209' '87263' '29394' '66127' '16140' '22586' '41634' '99308' };
offsets = [50778 67482 53637 78497 64080 71371 26946 62644 38 62900 6511 19485 57815 81750 64304 47516 9316 76983 21900 45262 ];

