target=0.50;discardreversals=2;startvalue=0.00;steps=[4  2  1];selfservice=0;
threshold = [4.50 ];
values = [0.00 10.00 0.00 5.00 3.50 4.00 1.50 3.00 5.50 5.00 5.50 4.00 4.50 3.00 1.50 4.00 4.50 5.00 5.50 5.00 ];
reversals = [0 -1 1 -1 1 -1 1 0 -1 1 -1 1 -1 0 1 0 0 0 -1 0 ];
measures = [0 0 0 1 1 1 1 1 1 1 1 1 1 1 1 1 1 1 1 1 ];
presentations = [1 2 3 4 5 6 7 8 9 10 11 12 13 14 15 16 17 18 19 20 ];
answers = [0 5 0 4 2 5 1 0 3 2 4 2 4 4 0 2 2 2 3 4 ];
adjustments = [10 -10 5 -1.5 0.5 -2.5 1.5 2.5 -0.5 0.5 -1.5 0.5 -1.5 -1.5 2.5 0.5 0.5 0.5 -0.5 -1.5 ];
sentences = {'95162' '77705' '85813' '82009' '33528' '10681' '29744' '78835' '21080' '98162' '44697' '63558' '50976' '46393' '12339' '69444' '51417' '06251' '34226' '07970' };
offsets = [1548217 2204033 1748991 4289387 4496058 818611 1547690 3649161 821879 1967940 1539035 459868 1107840 2253736 754183 307765 4401375 4306116 3492611 434581 ];

