target=0.50;discardreversals=2;startvalue=0.00;steps=[4  2  1];selfservice=0;
threshold = [16.00 ];
values = [0.00 10.00 20.00 18.00 15.00 16.00 13.50 12.00 10.50 13.00 15.50 18.00 15.50 15.00 15.50 17.00 17.50 19.00 18.50 17.00 ];
reversals = [0 0 -1 0 1 -1 0 0 1 0 0 -1 0 1 0 0 0 -1 0 0 ];
measures = [0 0 0 0 0 1 1 1 1 1 1 1 1 1 1 1 1 1 1 1 ];
presentations = [1 2 3 4 5 6 7 8 9 10 11 12 13 14 15 16 17 18 19 20 ];
answers = [0 0 3 4 2 5 4 4 0 0 0 5 3 2 1 2 1 3 4 4 ];
adjustments = [10 10 -2 -3 1 -2.5 -1.5 -1.5 2.5 2.5 2.5 -2.5 -0.5 0.5 1.5 0.5 1.5 -0.5 -1.5 -1.5 ];
sentences = {'47173' '51437' '65555' '77974' '66553' '59026' '15149' '70762' '03262' '34994' '86800' '82487' '23081' '48835' '09216' '24318' '31601' '92629' '18348' '90790' };
offsets = [665065 3109815 2045902 2999032 2152059 268302 782390 1502030 4751424 1884858 3525434 3994500 69292 4699958 3908677 1174915 3355624 3678490 1677653 4412055 ];

