target=0.50;discardreversals=2;startvalue=0.00;steps=[4  2  1];selfservice=0;
threshold = [8.50 ];
values = [0.00 2.00 12.00 22.00 12.00 9.00 10.00 8.50 11.00 9.50 11.00 12.50 12.00 11.50 11.00 8.50 7.00 7.50 6.00 6.50 ];
reversals = [0 0 0 -1 0 1 -1 1 -1 1 0 -1 0 0 0 0 1 -1 1 -1 ];
measures = [0 0 0 0 0 0 1 1 1 1 1 1 1 1 1 1 1 1 1 1 ];
presentations = [1 2 3 4 5 6 7 8 9 10 11 12 13 14 15 16 17 18 19 20 ];
answers = [2 0 0 5 4 2 4 0 4 1 1 3 3 3 5 4 2 4 2 4 ];
adjustments = [2 10 10 -10 -3 1 -1.5 2.5 -1.5 1.5 1.5 -0.5 -0.5 -0.5 -2.5 -1.5 0.5 -1.5 0.5 -1.5 ];
sentences = {'95569' '76802' '61793' '03262' '15149' '33980' '82487' '77974' '47048' '89135' '48835' '66553' '18314' '24621' '52277' '59026' '00456' '90790' '31601' '24318' };
offsets = [6003 6526 3917 25442 1588 13996 21057 15269 12921 19145 22361 13185 22388 23041 8236 8251 15950 109 20762 14205 ];

