target=0.50;discardreversals=2;startvalue=0.00;steps=[4  2  1];selfservice=0;
threshold = [-0.25 ];
values = [0.00 10.00 20.00 10.00 5.00 2.00 1.00 -2.00 3.00 1.50 0.00 -0.50 -1.00 0.50 -1.00 0.50 1.00 -1.50 0.00 0.50 ];
reversals = [0 0 -1 0 0 0 0 1 -1 0 0 0 1 -1 1 0 -1 1 0 0 ];
measures = [0 0 0 0 0 0 0 0 1 1 1 1 1 1 1 1 1 1 1 1 ];
presentations = [1 2 3 4 5 6 7 8 9 10 11 12 13 14 15 16 17 18 19 20 ];
answers = [0 0 5 5 4 3 4 0 4 4 3 3 1 4 1 2 5 1 2 2 ];
adjustments = [10 10 -10 -5 -3 -1 -3 5 -1.5 -1.5 -0.5 -0.5 1.5 -1.5 1.5 0.5 -2.5 1.5 0.5 0.5 ];
sentences = {'87713' '91451' '11755' '14040' '36514' '70565' '54841' '29394' '93692' '87470' '03676' '66127' '45923' '22336' '48832' '08168' '69009' '35209' '70287' '52988' };
offsets = [7616 23594 10822 407 33615 9963 186 1807 18162 4547 23909 20701 6783 11269 26035 17193 6650 12924 19901 13526 ];

