target=0.75;minreversals=14;discardreversals=4;minmeasures=25;startvalue=60.00;steps=[8  8  4  2];feedback=0;
threshold = [68.00 ];
values = [76.00 68.00 92.00 84.00 80.00 76.00 72.00 68.00 80.00 80.00 80.00 80.00 78.00 76.00 76.00 74.00 74.00 72.00 70.00 68.00 74.00 74.00 74.00 72.00 72.00 70.00 68.00 66.00 72.00 78.00 76.00 76.00 74.00 74.00 72.00 72.00 70.00 68.00 68.00 74.00 72.00 70.00 68.00 74.00 74.00 74.00 72.00 70.00 70.00 68.00 68.00 74.00 74.00 74.00 72.00 70.00 68.00 ];
reversals = [0 1 -1 0 0 0 0 1 0 0 0 -1 0 0 0 0 0 0 0 1 0 0 -1 0 0 0 0 1 0 -1 0 0 0 0 0 0 0 0 1 -1 0 0 1 0 0 -1 0 0 0 0 1 0 0 -1 0 0 1 ];
measures = [0 0 0 0 0 0 0 0 0 0 0 0 0 0 0 0 0 0 0 1 1 1 1 1 1 1 1 1 1 1 1 1 1 1 1 1 1 1 1 1 1 1 1 1 1 1 1 1 1 1 1 1 1 1 1 1 1 ];
presentations = [1 1 1 1 1 1 1 1 0 0 0 1 1 0 1 0 1 1 1 1 0 0 1 0 1 1 1 1 1 1 0 1 0 1 0 1 1 0 1 1 1 1 1 0 0 1 1 0 1 0 1 0 0 1 1 1 1 ];
answers = [1 0 1 1 1 1 1 0 0 0 0 1 1 0 1 0 1 1 1 0 0 0 1 0 1 1 1 0 0 1 0 1 0 1 0 1 1 0 0 1 1 1 0 0 0 1 1 0 1 0 0 0 0 1 1 1 0 ];
adjustments = [-8 24 -8 -4 -4 -4 -4 12 0 0 0 -2 -2 0 -2 0 -2 -2 -2 6 0 0 -2 0 -2 -2 -2 6 6 -2 0 -2 0 -2 0 -2 -2 0 6 -2 -2 -2 6 0 0 -2 -2 0 -2 0 6 0 0 -2 -2 -2 6 ];

