target=0.50;discardreversals=2;startvalue=0.00;steps=[4  2  1];selfservice=0;
threshold = [-2.25 ];
values = [0.00 10.00 20.00 18.00 17.00 14.00 9.00 4.00 -1.00 -4.00 -1.00 -3.50 -4.00 -1.50 -1.00 -2.50 -2.00 -3.50 -2.00 -4.50 ];
reversals = [0 0 -1 0 0 0 0 0 0 1 -1 0 1 0 -1 1 -1 1 -1 1 ];
measures = [0 0 0 0 0 0 0 0 0 0 1 1 1 1 1 1 1 1 1 1 ];
presentations = [1 2 3 4 5 6 7 8 9 10 11 12 13 14 15 16 17 18 19 20 ];
answers = [0 0 3 3 4 5 5 5 4 1 5 3 0 2 4 2 4 1 5 1 ];
adjustments = [10 10 -2 -1 -3 -5 -5 -5 -3 3 -2.5 -0.5 2.5 0.5 -1.5 0.5 -1.5 1.5 -2.5 1.5 ];
sentences = {'76600' '51195' '89135' '90013' '15952' '37886' '18314' '95569' '61793' '00456' '76802' '47048' '24621' '89364' '23448' '02737' '33980' '52277' '68271' '44529' };
offsets = [21472 21731 29089 1004 1540 8276 11729 5374 4063 27406 13732 2303 20181 13782 29540 22674 21712 15897 13620 32207 ];

