target=0.50;discardreversals=2;startvalue=0.00;steps=[4  2  1];selfservice=0;
threshold = [-31.50 ];
values = [5.00 -5.00 -15.00 -25.00 -31.00 -25.00 -30.00 -31.50 -31.00 -30.50 -28.00 -29.50 -32.00 -29.50 -28.00 -30.50 -32.00 -29.50 -31.00 -31.50 ];
reversals = [0 0 0 0 1 -1 0 1 0 0 -1 0 1 0 -1 0 1 -1 0 1 ];
measures = [0 0 0 0 0 0 0 1 1 1 1 1 1 1 1 1 1 1 1 1 ];
presentations = [1 2 3 4 5 6 7 8 9 10 11 12 13 14 15 16 17 18 19 20 ];
answers = [5 5 5 4 1 5 4 2 2 0 4 5 0 1 5 4 0 4 3 1 ];
adjustments = [-10 -10 -10 -6 6 -5 -1.5 0.5 0.5 2.5 -1.5 -2.5 2.5 1.5 -2.5 -1.5 2.5 -1.5 -0.5 1.5 ];
sentences = {'08168' '52988' '69009' '22336' '35209' '87470' '70287' '93692' '87713' '11755' '14040' '70565' '91451' '29394' '54841' '03676' '66127' '36514' '45923' '48832' };
offsets = [11918 20759 23779 59038 14092 26368 71322 78203 42719 10561 37735 11365 86405 70981 1571 73538 13993 36188 11457 95496 ];

