target=0.50;discardreversals=2;startvalue=0.00;steps=[4  2  1];selfservice=0;
threshold = [-4.25 ];
values = [0.00 -10.00 0.00 -5.00 -3.50 -1.00 -3.50 -5.00 -5.50 -4.00 -6.50 -4.00 -5.50 -3.00 -5.50 -4.00 -4.50 -3.00 -3.50 -4.00 ];
reversals = [0 1 -1 1 0 -1 0 0 1 -1 1 -1 1 -1 1 -1 1 -1 0 0 ];
measures = [0 0 0 1 1 1 1 1 1 1 1 1 1 1 1 1 1 1 1 1 ];
presentations = [1 2 3 4 5 6 7 8 9 10 11 12 13 14 15 16 17 18 19 20 ];
answers = [5 0 5 1 0 5 4 3 1 5 0 4 0 5 1 3 1 3 3 3 ];
adjustments = [-10 10 -5 1.5 2.5 -2.5 -1.5 -0.5 1.5 -2.5 2.5 -1.5 2.5 -2.5 1.5 -0.5 1.5 -0.5 -0.5 -0.5 ];
sentences = {'22586' '70565' '14040' '66127' '99308' '03676' '55025' '48832' '87713' '03491' '35209' '16140' '91451' '52988' '30757' '87263' '74972' '68819' '29394' '41634' };
offsets = [30092 320 1899 31572 8842 35243 14544 18341 826 39134 19357 16056 10134 12522 1840 12953 7012 18001 2614 31005 ];

