target=0.75;minreversals=14;discardreversals=4;minmeasures=25;startvalue=70.00;steps=[4  4  2  1];feedback=0;
threshold = [87.00 ];
values = [78.00 74.00 70.00 66.00 66.00 66.00 66.00 78.00 74.00 72.00 70.00 70.00 76.00 80.00 83.00 86.00 85.00 85.00 85.00 84.00 83.00 83.00 82.00 85.00 84.00 84.00 83.00 83.00 82.00 82.00 86.00 85.00 89.00 89.00 89.00 89.00 89.00 88.00 88.00 88.00 88.00 88.00 88.00 88.00 91.00 95.00 95.00 95.00 94.00 94.00 93.00 93.00 92.00 92.00 91.00 91.00 90.00 93.00 93.00 92.00 91.00 90.00 89.00 89.00 88.00 88.00 87.00 87.00 86.00 85.00 84.00 84.00 83.00 83.00 82.00 82.00 ];
reversals = [0 0 0 0 0 0 1 -1 0 0 0 1 0 0 0 -1 0 0 0 0 0 0 1 -1 0 0 0 0 0 1 -1 1 0 0 0 0 -1 0 0 0 0 0 0 1 0 0 0 -1 0 0 0 0 0 0 0 0 1 0 -1 0 0 0 0 0 0 0 0 0 0 0 0 0 0 0 0 0 ];
measures = [0 0 0 0 0 0 0 0 0 0 0 0 0 0 0 0 0 0 0 0 0 0 1 1 1 1 1 1 1 1 1 1 1 1 1 1 1 1 1 1 1 1 1 1 1 1 1 1 1 1 1 1 1 1 1 1 1 1 1 1 1 1 1 1 1 1 1 1 1 1 1 1 1 1 1 1 ];
presentations = [1 1 1 0 0 0 1 1 1 1 0 1 0 1 1 1 0 0 1 1 0 1 1 1 0 1 0 1 0 0 1 0 0 0 0 0 1 0 0 0 0 0 0 1 0 0 0 1 0 1 0 1 0 1 0 1 1 0 1 1 1 1 0 1 0 1 0 1 1 1 0 1 0 1 0 1 ];
answers = [1 1 1 0 0 0 0 1 1 1 0 0 1 0 0 1 0 0 1 1 0 1 0 1 0 1 0 1 0 1 1 1 0 0 0 0 1 0 0 0 0 0 0 0 1 0 0 1 0 1 0 1 0 1 0 1 0 0 1 1 1 1 0 1 0 1 0 1 1 1 0 1 0 1 0 1 ];
adjustments = [-4 -4 -4 0 0 0 12 -4 -2 -2 0 6 4 3 3 -1 0 0 -1 -1 0 -1 3 -1 0 -1 0 -1 0 4 -1 4 0 0 0 0 -1 0 0 0 0 0 0 3 4 0 0 -1 0 -1 0 -1 0 -1 0 -1 3 0 -1 -1 -1 -1 0 -1 0 -1 0 -1 -1 -1 0 -1 0 -1 0 -1 ];

