target=0.75;minreversals=14;discardreversals=4;minmeasures=25;startvalue=70.00;steps=[4  4  2  1];feedback=0;
threshold = [90.00 ];
values = [70.00 66.00 62.00 58.00 74.00 70.00 68.00 76.00 75.00 75.00 78.00 81.00 80.00 80.00 80.00 79.00 78.00 77.00 80.00 79.00 78.00 78.00 81.00 85.00 85.00 85.00 85.00 85.00 85.00 88.00 88.00 91.00 90.00 94.00 93.00 93.00 92.00 92.00 91.00 91.00 94.00 94.00 93.00 92.00 92.00 92.00 91.00 90.00 90.00 93.00 97.00 97.00 96.00 96.00 96.00 95.00 95.00 ];
reversals = [0 0 0 1 -1 0 1 -1 0 1 0 -1 0 0 0 0 0 1 -1 0 0 1 0 0 0 0 0 0 0 0 0 -1 1 -1 0 0 0 0 0 1 0 -1 0 0 0 0 0 0 1 0 0 -1 0 0 0 0 1 ];
measures = [0 0 0 0 0 0 0 0 0 1 1 1 1 1 1 1 1 1 1 1 1 1 1 1 1 1 1 1 1 1 1 1 1 1 1 1 1 1 1 1 1 1 1 1 1 1 1 1 1 1 1 1 1 1 1 1 1 ];
presentations = [1 1 1 0 1 1 0 1 0 1 1 1 0 0 1 1 1 1 1 1 0 1 0 0 0 0 0 0 1 0 1 1 0 1 0 1 0 1 0 1 0 1 1 0 0 1 1 0 1 0 0 1 0 0 1 0 1 ];
answers = [1 1 1 1 1 1 1 1 0 0 0 1 0 0 1 1 1 0 1 1 0 0 1 0 0 0 0 0 0 0 0 1 1 1 0 1 0 1 0 0 0 1 1 0 0 1 1 0 0 1 0 1 0 0 1 0 0 ];
adjustments = [-4 -4 -4 16 -4 -2 8 -1 0 3 3 -1 0 0 -1 -1 -1 3 -1 -1 0 3 4 0 0 0 0 0 3 0 3 -1 4 -1 0 -1 0 -1 0 3 0 -1 -1 0 0 -1 -1 0 3 4 0 -1 0 0 -1 0 3 ];

