target=0.50;discardreversals=2;startvalue=0.00;steps=[4  2  1];selfservice=0;
threshold = [-2.50 ];
values = [0.00 -6.00 4.00 -1.00 -2.50 -2.00 -0.50 -3.00 -2.50 -4.00 -4.50 -3.00 -0.50 -3.00 -1.50 -3.00 -5.50 -6.00 -3.50 -2.00 ];
reversals = [0 1 -1 0 1 0 -1 1 -1 0 1 0 -1 1 -1 0 0 1 0 -1 ];
measures = [0 0 0 0 1 1 1 1 1 1 1 1 1 1 1 1 1 1 1 1 ];
presentations = [1 2 3 4 5 6 7 8 9 10 11 12 13 14 15 16 17 18 19 20 ];
answers = [4 0 5 4 2 1 5 2 4 3 1 0 5 1 4 5 3 0 1 4 ];
adjustments = [-6 10 -5 -1.5 0.5 1.5 -2.5 0.5 -1.5 -0.5 1.5 2.5 -2.5 1.5 -1.5 -2.5 -0.5 2.5 1.5 -1.5 ];
sentences = {'34994' '51437' '44697' '92629' '85813' '09216' '21080' '33528' '77705' '06251' '69444' '50976' '65555' '70762' '12339' '18348' '86800' '47173' '23081' '98162' };
offsets = [731 11786 13568 17264 6391 11023 23530 5647 6480 35713 1611 14315 4347 571 15827 2342 33362 31297 3380 19359 ];

