target=0.50;discardreversals=2;startvalue=0.00;steps=[4  2  1];selfservice=0;
threshold = [-14.50 ];
values = [0.00 -10.00 -20.00 -18.00 -21.00 -19.50 -17.00 -15.50 -13.00 -14.50 -12.00 -12.50 -12.00 -13.50 -14.00 -16.50 -17.00 -18.50 -16.00 -18.50 ];
reversals = [0 0 1 -1 1 0 0 0 -1 1 -1 1 -1 0 0 0 0 1 -1 1 ];
measures = [0 0 0 0 1 1 1 1 1 1 1 1 1 1 1 1 1 1 1 1 ];
presentations = [1 2 3 4 5 6 7 8 9 10 11 12 13 14 15 16 17 18 19 20 ];
answers = [5 5 2 4 1 0 1 0 4 0 3 2 4 3 5 3 4 0 5 2 ];
adjustments = [-10 -10 2 -3 1.5 2.5 1.5 2.5 -1.5 2.5 -0.5 0.5 -1.5 -0.5 -2.5 -0.5 -1.5 2.5 -2.5 0.5 ];
sentences = {'15952' '87713' '76600' '48832' '68271' '03676' '89364' '02737' '66127' '91451' '90013' '37886' '51195' '44529' '52988' '29394' '70565' '23448' '35209' '14040' };
offsets = [219829 3096983 2290300 2083627 777538 787543 2842582 4767544 2233580 3380118 839690 280352 77278 2818923 440932 1562560 4722199 4662179 2422194 2802765 ];

