target=0.50;discardreversals=2;startvalue=0.00;steps=[4  2  1];selfservice=0;
threshold = [-10.50 ];
values = [0.00 -10.00 -4.00 -9.00 -8.50 -10.00 -11.50 -10.00 -9.50 -12.00 -13.50 -11.00 -11.50 -12.00 -9.50 -10.00 -10.50 -10.00 -11.50 -12.00 ];
reversals = [0 1 -1 1 -1 0 1 0 -1 0 1 -1 0 1 -1 0 1 -1 0 1 ];
measures = [0 0 0 1 1 1 1 1 1 1 1 1 1 1 1 1 1 1 1 1 ];
presentations = [1 2 3 4 5 6 7 8 9 10 11 12 13 14 15 16 17 18 19 20 ];
answers = [5 1 5 2 4 4 1 2 5 4 0 3 3 0 3 3 2 4 3 2 ];
adjustments = [-10 6 -5 0.5 -1.5 -1.5 1.5 0.5 -2.5 -1.5 2.5 -0.5 -0.5 2.5 -0.5 -0.5 0.5 -1.5 -0.5 0.5 ];
sentences = {'65555' '51437' '92629' '18314' '34994' '09216' '47048' '47173' '52277' '89135' '76802' '70762' '23081' '61793' '33980' '86800' '95569' '18348' '00456' '24621' };
offsets = [1616542 4355549 4580617 3897939 434914 3129140 4425359 1020294 851568 4614162 4096478 536923 1816395 1808567 3277516 1893393 4103032 1677114 2236367 2986773 ];

