target=0.75;minreversals=14;discardreversals=4;minmeasures=25;startvalue=60.00;steps=[8  8  4  2];feedback=0;
threshold = [25.00 ];
values = [60.00 52.00 44.00 36.00 28.00 20.00 20.00 44.00 44.00 36.00 36.00 36.00 36.00 36.00 36.00 36.00 32.00 28.00 24.00 20.00 20.00 32.00 32.00 30.00 30.00 30.00 28.00 26.00 24.00 24.00 22.00 22.00 22.00 20.00 20.00 20.00 18.00 18.00 18.00 24.00 32.00 30.00 28.00 26.00 24.00 22.00 22.00 22.00 22.00 22.00 22.00 22.00 22.00 20.00 20.00 18.00 16.00 16.00 16.00 14.00 14.00 20.00 18.00 18.00 18.00 18.00 16.00 16.00 16.00 16.00 16.00 22.00 30.00 28.00 34.00 32.00 32.00 32.00 30.00 28.00 28.00 26.00 24.00 22.00 22.00 30.00 30.00 36.00 34.00 34.00 34.00 34.00 34.00 ];
reversals = [0 0 0 0 0 0 1 0 -1 0 0 0 0 0 0 0 0 0 0 0 1 0 -1 0 0 0 0 0 0 0 0 0 0 0 0 0 0 0 1 0 -1 0 0 0 0 0 0 0 0 0 0 0 0 0 0 0 0 0 0 0 1 -1 0 0 0 0 0 0 0 0 1 0 -1 1 -1 0 0 0 0 0 0 0 0 0 1 0 0 -1 0 0 0 0 0 ];
measures = [0 0 0 0 0 0 0 0 0 0 0 0 0 0 0 0 0 0 0 0 0 0 0 0 0 0 0 0 0 0 0 0 0 0 0 0 0 0 1 1 1 1 1 1 1 1 1 1 1 1 1 1 1 1 1 1 1 1 1 1 1 1 1 1 1 1 1 1 1 1 1 1 1 1 1 1 1 1 1 1 1 1 1 1 1 1 1 1 1 1 1 1 1 ];
presentations = [1 1 1 1 1 0 1 0 1 0 0 0 0 0 0 1 1 1 1 0 1 0 1 0 0 1 1 1 0 1 0 0 1 0 0 1 0 0 1 0 1 1 1 1 1 0 0 0 0 0 0 0 1 0 1 1 0 0 1 0 1 1 0 0 0 1 0 0 0 0 1 0 1 1 1 0 0 1 1 0 1 1 1 0 0 0 1 1 0 0 0 0 1 ];
answers = [1 1 1 1 1 0 0 0 1 0 0 0 0 0 0 1 1 1 1 0 0 0 1 0 0 1 1 1 0 1 0 0 1 0 0 1 0 0 0 1 1 1 1 1 1 0 0 0 0 0 0 0 1 0 1 1 0 0 1 0 0 1 0 0 0 1 0 0 0 0 0 1 1 0 1 0 0 1 1 0 1 1 1 0 1 0 0 1 0 0 0 0 1 ];
adjustments = [-8 -8 -8 -8 -8 0 24 0 -8 0 0 0 0 0 0 -4 -4 -4 -4 0 12 0 -2 0 0 -2 -2 -2 0 -2 0 0 -2 0 0 -2 0 0 6 8 -2 -2 -2 -2 -2 0 0 0 0 0 0 0 -2 0 -2 -2 0 0 -2 0 6 -2 0 0 0 -2 0 0 0 0 6 8 -2 6 -2 0 0 -2 -2 0 -2 -2 -2 0 8 0 6 -2 0 0 0 0 -2 ];

