target=0.50;discardreversals=2;startvalue=0.00;steps=[4  2  1];selfservice=0;
threshold = [-6.25 ];
values = [0.00 -6.00 -4.00 -7.00 -7.50 -6.00 -6.50 -6.00 -6.50 -5.00 -3.50 -5.00 -5.50 -6.00 -6.50 -8.00 -5.50 -6.00 -6.50 -6.00 ];
reversals = [0 1 -1 0 1 -1 1 -1 1 0 -1 0 0 0 0 1 -1 0 1 -1 ];
measures = [0 0 0 0 1 1 1 1 1 1 1 1 1 1 1 1 1 1 1 1 ];
presentations = [1 2 3 4 5 6 7 8 9 10 11 12 13 14 15 16 17 18 19 20 ];
answers = [4 2 4 3 1 3 2 3 1 1 4 3 3 3 4 0 3 3 2 3 ];
adjustments = [-6 2 -3 -0.5 1.5 -0.5 0.5 -0.5 1.5 1.5 -1.5 -0.5 -0.5 -0.5 -1.5 2.5 -0.5 -0.5 0.5 -0.5 ];
sentences = {'51779' '72141' '15952' '02737' '94067' '76600' '43285' '39994' '89364' '51195' '80338' '44529' '37886' '68271' '23448' '67850' '05413' '18502' '90013' '26626' };
offsets = [2075671 4422419 2316640 82020 2561343 4834841 3775399 3184749 4310991 4384451 185376 3131655 2244971 792353 1529481 421897 2265077 55121 371346 4057074 ];

