target=0.50;discardreversals=2;startvalue=0.00;steps=[4  2  1];selfservice=0;
threshold = [-7.50 ];
values = [0.00 6.00 -4.00 -7.00 -12.00 -9.00 -7.50 -8.00 -5.50 -6.00 -8.50 -6.00 -5.50 -8.00 -8.50 -10.00 -7.50 -10.00 -8.50 -6.00 ];
reversals = [0 -1 0 0 1 0 -1 1 -1 0 1 0 -1 0 0 1 -1 1 0 -1 ];
measures = [0 0 0 0 0 0 1 1 1 1 1 1 1 1 1 1 1 1 1 1 ];
presentations = [1 2 3 4 5 6 7 8 9 10 11 12 13 14 15 16 17 18 19 20 ];
answers = [1 5 4 5 1 1 3 0 3 5 0 2 5 3 4 0 5 1 0 3 ];
adjustments = [6 -10 -3 -5 3 1.5 -0.5 2.5 -0.5 -2.5 2.5 0.5 -2.5 -0.5 -1.5 2.5 -2.5 1.5 2.5 -0.5 ];
sentences = {'14040' '29394' '47048' '52277' '70565' '24621' '89135' '48832' '33980' '00456' '66127' '61793' '52988' '87713' '03676' '18314' '95569' '91451' '76802' '35209' };
offsets = [4438132 2773662 2042397 2065759 938005 3820537 4694826 1636848 910323 1309847 3928369 4249490 4578491 3717108 3408219 3230124 2756174 2736775 3846952 1847554 ];

