target=0.50;discardreversals=2;startvalue=0.00;steps=[4  2  1];selfservice=0;
threshold = [-2.00 ];
values = [0.00 10.00 4.00 1.00 2.00 0.50 -2.00 -1.50 -2.00 -3.50 -1.00 -1.50 0.00 -2.50 -4.00 -4.50 -6.00 -3.50 -4.00 -3.50 ];
reversals = [0 -1 0 1 -1 0 1 -1 0 1 -1 1 -1 0 0 0 1 -1 1 -1 ];
measures = [0 0 0 0 1 1 1 1 1 1 1 1 1 1 1 1 1 1 1 1 ];
presentations = [1 2 3 4 5 6 7 8 9 10 11 12 13 14 15 16 17 18 19 20 ];
answers = [0 4 4 2 4 5 2 3 4 0 3 1 5 4 3 4 0 3 2 3 ];
adjustments = [10 -6 -3 1 -1.5 -2.5 0.5 -0.5 -1.5 2.5 -0.5 1.5 -2.5 -1.5 -0.5 -1.5 2.5 -0.5 0.5 -0.5 ];
sentences = {'77974' '03262' '90790' '89364' '76600' '24318' '15952' '37886' '02737' '31601' '68271' '48835' '15149' '90013' '82487' '23448' '51195' '44529' '66553' '59026' };
offsets = [9350 14845 1920 20670 18030 11529 4628 8546 22200 13194 36143 28281 8092 21159 14834 12141 14210 38091 26174 377 ];

