target=0.50;discardreversals=2;startvalue=0.00;steps=[4  2  1];selfservice=0;
threshold = [-3.50 ];
values = [0.00 6.00 -4.00 -3.00 -3.50 -2.00 -2.50 -4.00 -4.50 -7.00 -4.50 -4.00 -4.50 -5.00 -3.50 -2.00 -4.50 -4.00 -2.50 -2.00 ];
reversals = [0 -1 1 -1 1 -1 0 0 0 1 0 -1 0 1 0 -1 1 0 0 -1 ];
measures = [0 0 0 1 1 1 1 1 1 1 1 1 1 1 1 1 1 1 1 1 ];
presentations = [1 2 3 4 5 6 7 8 9 10 11 12 13 14 15 16 17 18 19 20 ];
answers = [1 5 2 3 1 3 4 3 5 0 2 3 3 1 1 5 2 1 2 4 ];
adjustments = [6 -10 1 -0.5 1.5 -0.5 -1.5 -0.5 -2.5 2.5 0.5 -0.5 -0.5 1.5 1.5 -2.5 0.5 1.5 0.5 -1.5 ];
sentences = {'94067' '22586' '30757' '39994' '99308' '68819' '80338' '67850' '55025' '74972' '87263' '43285' '03491' '16140' '72141' '26626' '41634' '51779' '18502' '05413' };
offsets = [14691 13886 3895 7539 23960 37246 20760 2741 8492 26291 21785 25382 3601 12719 4036 26223 20182 7244 4056 5166 ];

