target=0.50;discardreversals=2;startvalue=0.00;steps=[4  2  1];selfservice=0;
threshold = [-3.50 ];
values = [0.00 -10.00 0.00 -1.00 -1.50 -4.00 -2.50 -4.00 -1.50 -2.00 -3.50 -4.00 -1.50 -3.00 -4.50 -3.00 -3.50 -2.00 -3.50 -6.00 ];
reversals = [0 1 -1 0 0 1 -1 1 -1 0 0 1 -1 0 1 -1 1 -1 0 1 ];
measures = [0 0 0 0 0 1 1 1 1 1 1 1 1 1 1 1 1 1 1 1 ];
presentations = [1 2 3 4 5 6 7 8 9 10 11 12 13 14 15 16 17 18 19 20 ];
answers = [5 0 3 3 5 1 4 0 3 4 3 0 4 4 1 3 1 4 5 0 ];
adjustments = [-10 10 -1 -0.5 -2.5 1.5 -1.5 2.5 -0.5 -1.5 -0.5 2.5 -1.5 -1.5 1.5 -0.5 1.5 -1.5 -2.5 2.5 ];
sentences = {'70565' '99308' '48832' '41634' '14040' '30757' '29394' '68819' '74972' '35209' '52988' '87713' '03676' '03491' '55025' '66127' '22586' '91451' '16140' '87263' };
offsets = [17493 12462 30537 20603 7311 5789 7413 12491 12815 14546 3214 7505 7563 6013 14105 208 29616 16732 21249 19037 ];

