target=0.50;discardreversals=2;startvalue=0.00;steps=[4  2  1];selfservice=0;
threshold = [-27.50 ];
values = [5.00 -5.00 -7.00 -13.00 -23.00 -21.00 -26.00 -25.50 -25.00 -24.50 -26.00 -25.50 -27.00 -29.50 -29.00 -31.50 -32.00 -32.50 -30.00 -29.50 ];
reversals = [0 0 0 0 1 -1 1 0 0 -1 1 -1 0 1 -1 0 0 1 0 -1 ];
measures = [0 0 0 0 0 0 1 1 1 1 1 1 1 1 1 1 1 1 1 1 ];
presentations = [1 2 3 4 5 6 7 8 9 10 11 12 13 14 15 16 17 18 19 20 ];
answers = [5 3 4 5 2 5 2 2 2 4 2 4 5 2 5 3 3 0 2 3 ];
adjustments = [-10 -2 -6 -10 2 -5 0.5 0.5 0.5 -1.5 0.5 -1.5 -2.5 0.5 -2.5 -0.5 -0.5 2.5 0.5 -0.5 ];
sentences = {'99308' '51779' '41634' '55025' '26626' '22586' '67850' '43285' '16140' '94067' '68819' '05413' '72141' '03491' '87263' '80338' '30757' '74972' '18502' '39994' };
offsets = [64287 7906 69714 43270 93589 34652 36380 40233 74555 17874 52973 14403 47203 77467 11722 3372 16327 36597 39445 38978 ];

