target=0.75;minreversals=14;discardreversals=4;minmeasures=25;startvalue=60.00;steps=[8  8  4  2];feedback=0;
threshold = [123.00 ];
values = [76.00 68.00 92.00 84.00 96.00 94.00 92.00 92.00 98.00 98.00 104.00 104.00 110.00 116.00 116.00 122.00 120.00 120.00 126.00 124.00 124.00 124.00 124.00 124.00 130.00 128.00 128.00 128.00 128.00 126.00 126.00 126.00 124.00 122.00 122.00 122.00 120.00 120.00 120.00 120.00 120.00 126.00 126.00 126.00 132.00 130.00 128.00 126.00 124.00 122.00 122.00 122.00 128.00 128.00 128.00 126.00 124.00 ];
reversals = [0 1 -1 1 -1 0 0 1 0 0 0 0 0 0 0 -1 0 1 -1 0 0 0 0 1 -1 0 0 0 0 0 0 0 0 0 0 0 0 0 0 0 1 0 0 0 -1 0 0 0 0 0 0 1 0 0 -1 0 0 ];
measures = [0 0 0 0 0 0 0 1 1 1 1 1 1 1 1 1 1 1 1 1 1 1 1 1 1 1 1 1 1 1 1 1 1 1 1 1 1 1 1 1 1 1 1 1 1 1 1 1 1 1 1 1 1 1 1 1 1 ];
presentations = [1 1 1 1 1 1 0 1 0 1 0 1 1 0 1 1 0 1 1 0 0 0 0 1 1 0 0 0 1 0 0 1 1 0 0 1 0 0 0 0 1 0 0 1 1 1 1 1 1 0 0 1 0 0 1 1 1 ];
answers = [1 0 1 0 1 1 0 0 0 0 0 0 0 0 0 1 0 0 1 0 0 0 0 0 1 0 0 0 1 0 0 1 1 0 0 1 0 0 0 0 0 0 0 0 1 1 1 1 1 0 0 0 0 0 1 1 1 ];
adjustments = [-8 24 -8 12 -2 -2 0 6 0 6 0 6 6 0 6 -2 0 6 -2 0 0 0 0 6 -2 0 0 0 -2 0 0 -2 -2 0 0 -2 0 0 0 0 6 0 0 6 -2 -2 -2 -2 -2 0 0 6 0 0 -2 -2 -2 ];

