target=0.50;discardreversals=2;startvalue=0.00;steps=[4  2  1];selfservice=0;
threshold = [-3.50 ];
values = [0.00 -10.00 0.00 -5.00 -3.50 -4.00 -1.50 -2.00 -4.50 -3.00 -2.50 -5.00 -3.50 -6.00 -3.50 -5.00 -3.50 -2.00 -3.50 -3.00 ];
reversals = [0 1 -1 1 -1 1 -1 0 1 0 -1 1 -1 1 -1 1 0 -1 1 -1 ];
measures = [0 0 0 1 1 1 1 1 1 1 1 1 1 1 1 1 1 1 1 1 ];
presentations = [1 2 3 4 5 6 7 8 9 10 11 12 13 14 15 16 17 18 19 20 ];
answers = [5 0 5 1 3 0 3 5 1 2 5 1 5 0 4 1 1 4 2 4 ];
adjustments = [-10 10 -5 1.5 -0.5 2.5 -0.5 -2.5 1.5 0.5 -2.5 1.5 -2.5 2.5 -1.5 1.5 1.5 -1.5 0.5 -1.5 ];
sentences = {'03676' '52988' '89135' '48832' '24621' '76802' '87713' '29394' '66127' '00456' '52277' '95569' '33980' '70565' '14040' '18314' '61793' '35209' '91451' '47048' };
offsets = [30631 5835 10247 8702 21126 9700 10361 9274 18569 3976 16876 17145 10742 16445 2276 23021 17385 11219 36135 4737 ];

