target=0.75;minreversals=14;discardreversals=4;minmeasures=25;startvalue=70.00;steps=[4  4  2  1];feedback=0;
threshold = [100.50 ];
values = [70.00 66.00 62.00 74.00 86.00 98.00 98.00 98.00 98.00 98.00 98.00 110.00 106.00 104.00 102.00 102.00 100.00 98.00 96.00 96.00 94.00 94.00 92.00 98.00 101.00 100.00 100.00 99.00 98.00 98.00 98.00 98.00 98.00 98.00 98.00 98.00 101.00 100.00 99.00 103.00 103.00 106.00 105.00 104.00 104.00 103.00 103.00 103.00 106.00 105.00 104.00 104.00 103.00 102.00 102.00 101.00 101.00 101.00 100.00 100.00 100.00 100.00 100.00 100.00 100.00 100.00 100.00 103.00 102.00 102.00 101.00 100.00 100.00 100.00 100.00 100.00 100.00 100.00 100.00 100.00 100.00 100.00 100.00 100.00 99.00 99.00 98.00 98.00 97.00 97.00 97.00 97.00 97.00 97.00 96.00 96.00 96.00 99.00 98.00 ];
reversals = [0 0 1 0 0 0 0 0 0 0 0 -1 0 0 0 0 0 0 0 0 0 0 1 0 -1 0 0 0 0 0 0 0 0 0 0 1 -1 0 1 0 0 -1 0 0 0 0 0 1 -1 0 0 0 0 0 0 0 0 0 0 0 0 0 0 0 0 0 1 -1 0 0 0 0 0 0 0 0 0 0 0 0 0 0 0 0 0 0 0 0 0 0 0 0 0 0 0 0 1 -1 0 ];
measures = [0 0 0 0 0 0 0 0 0 0 0 0 0 0 0 0 0 0 0 0 0 0 0 0 0 0 0 0 0 0 0 0 0 0 0 1 1 1 1 1 1 1 1 1 1 1 1 1 1 1 1 1 1 1 1 1 1 1 1 1 1 1 1 1 1 1 1 1 1 1 1 1 1 1 1 1 1 1 1 1 1 1 1 1 1 1 1 1 1 1 1 1 1 1 1 1 1 1 1 ];
presentations = [1 1 1 1 1 0 0 0 0 0 1 1 1 1 0 1 1 1 0 1 0 1 1 1 1 0 1 1 0 0 0 0 0 0 0 1 1 1 0 0 1 1 1 0 1 0 0 1 1 1 0 1 1 0 1 0 0 1 0 0 0 0 0 0 0 0 1 1 0 1 1 0 0 0 0 0 0 0 0 0 0 0 0 1 0 1 0 1 0 0 0 0 0 1 0 0 1 1 1 ];
answers = [1 1 0 0 0 0 0 0 0 0 0 1 1 1 0 1 1 1 0 1 0 1 0 0 1 0 1 1 0 0 0 0 0 0 0 0 1 1 1 0 0 1 1 0 1 0 0 0 1 1 0 1 1 0 1 0 0 1 0 0 0 0 0 0 0 0 0 1 0 1 1 0 0 0 0 0 0 0 0 0 0 0 0 1 0 1 0 1 0 0 0 0 0 1 0 0 0 1 1 ];
adjustments = [-4 -4 12 12 12 0 0 0 0 0 12 -4 -2 -2 0 -2 -2 -2 0 -2 0 -2 6 3 -1 0 -1 -1 0 0 0 0 0 0 0 3 -1 -1 4 0 3 -1 -1 0 -1 0 0 3 -1 -1 0 -1 -1 0 -1 0 0 -1 0 0 0 0 0 0 0 0 3 -1 0 -1 -1 0 0 0 0 0 0 0 0 0 0 0 0 -1 0 -1 0 -1 0 0 0 0 0 -1 0 0 3 -1 -1 ];

