target=0.75;minreversals=14;discardreversals=4;minmeasures=25;startvalue=60.00;steps=[8  8  4  2];feedback=0;
threshold = [125.00 ];
values = [60.00 52.00 76.00 100.00 100.00 124.00 116.00 116.00 112.00 108.00 108.00 108.00 104.00 100.00 100.00 100.00 112.00 118.00 116.00 122.00 120.00 120.00 120.00 126.00 124.00 122.00 122.00 122.00 122.00 122.00 120.00 118.00 118.00 124.00 124.00 124.00 124.00 124.00 122.00 122.00 122.00 122.00 128.00 128.00 134.00 134.00 134.00 134.00 140.00 138.00 138.00 136.00 136.00 136.00 136.00 136.00 134.00 134.00 134.00 134.00 132.00 132.00 132.00 132.00 132.00 130.00 130.00 136.00 134.00 140.00 138.00 136.00 136.00 134.00 132.00 ];
reversals = [0 1 0 0 0 -1 0 0 0 0 0 0 0 0 0 1 0 -1 1 -1 0 0 1 -1 0 0 0 0 0 0 0 0 1 0 0 0 0 -1 0 0 0 1 0 0 0 0 0 0 -1 0 0 0 0 0 0 0 0 0 0 0 0 0 0 0 0 0 1 -1 1 -1 0 0 0 0 0 ];
measures = [0 0 0 0 0 0 0 0 0 0 0 0 0 0 0 0 0 0 1 1 1 1 1 1 1 1 1 1 1 1 1 1 1 1 1 1 1 1 1 1 1 1 1 1 1 1 1 1 1 1 1 1 1 1 1 1 1 1 1 1 1 1 1 1 1 1 1 1 1 1 1 1 1 1 1 ];
presentations = [1 1 1 0 1 1 0 1 1 0 0 1 1 0 0 1 1 1 1 1 0 0 1 1 1 0 0 0 0 1 1 0 1 0 0 0 0 1 0 0 0 1 0 1 0 0 0 1 1 0 1 0 0 0 0 1 0 0 0 1 0 0 0 0 1 0 1 1 1 1 1 0 1 1 1 ];
answers = [1 0 0 0 0 1 0 1 1 0 0 1 1 0 0 0 0 1 0 1 0 0 0 1 1 0 0 0 0 1 1 0 0 0 0 0 0 1 0 0 0 0 0 0 0 0 0 0 1 0 1 0 0 0 0 1 0 0 0 1 0 0 0 0 1 0 0 1 0 1 1 0 1 1 1 ];
adjustments = [-8 24 24 0 24 -8 0 -4 -4 0 0 -4 -4 0 0 12 6 -2 6 -2 0 0 6 -2 -2 0 0 0 0 -2 -2 0 6 0 0 0 0 -2 0 0 0 6 0 6 0 0 0 6 -2 0 -2 0 0 0 0 -2 0 0 0 -2 0 0 0 0 -2 0 6 -2 6 -2 -2 0 -2 -2 -2 ];

