target=0.50;discardreversals=2;startvalue=0.00;steps=[4  2  1];selfservice=0;
threshold = [-4.25 ];
values = [0.00 -6.00 4.00 -1.00 -2.50 -4.00 -4.50 -5.00 -5.50 -3.00 -1.50 -4.00 -4.50 -4.00 -4.50 -6.00 -3.50 -4.00 -5.50 -3.00 ];
reversals = [0 1 -1 0 0 0 0 0 1 0 -1 0 1 -1 0 1 -1 0 1 -1 ];
measures = [0 0 0 0 0 0 0 0 1 1 1 1 1 1 1 1 1 1 1 1 ];
presentations = [1 2 3 4 5 6 7 8 9 10 11 12 13 14 15 16 17 18 19 20 ];
answers = [4 0 5 4 4 3 3 3 0 1 5 3 2 3 4 0 3 4 0 3 ];
adjustments = [-6 10 -5 -1.5 -1.5 -0.5 -0.5 -0.5 2.5 1.5 -2.5 -0.5 0.5 -0.5 -1.5 2.5 -0.5 -1.5 2.5 -0.5 ];
sentences = {'21080' '77705' '98162' '06251' '46393' '12339' '10681' '44697' '50976' '51417' '34226' '07970' '69444' '78835' '63558' '95162' '29744' '33528' '85813' '82009' };
offsets = [26342 4069 17365 32546 36790 20289 17175 25307 1080 8679 22892 9623 23794 11114 10808 6668 11444 26866 20000 17586 ];

