target=0.50;discardreversals=2;startvalue=0.00;steps=[4  2  1];selfservice=0;
threshold = [-21.50 ];
values = [5.00 -5.00 -15.00 -25.00 -27.00 -17.00 -18.00 -20.50 -18.00 -20.50 -23.00 -25.50 -24.00 -21.50 -23.00 -21.50 -23.00 -23.50 -23.00 -22.50 ];
reversals = [0 0 0 0 1 -1 0 1 -1 0 0 1 0 -1 1 -1 0 1 0 0 ];
measures = [0 0 0 0 0 0 0 1 1 1 1 1 1 1 1 1 1 1 1 1 ];
presentations = [1 2 3 4 5 6 7 8 9 10 11 12 13 14 15 16 17 18 19 20 ];
answers = [5 5 5 3 0 3 5 0 5 5 5 1 0 4 1 4 3 2 2 0 ];
adjustments = [-10 -10 -10 -2 10 -1 -2.5 2.5 -2.5 -2.5 -2.5 1.5 2.5 -1.5 1.5 -1.5 -0.5 0.5 0.5 2.5 ];
sentences = {'31601' '48835' '77705' '82487' '33528' '15149' '66553' '44697' '50976' '12339' '85813' '77974' '90790' '21080' '24318' '98162' '69444' '03262' '59026' '06251' };
offsets = [18764 51254 70926 47889 34739 17653 26011 8674 20649 28240 24723 17027 64218 65696 48603 33242 65454 16195 88057 87707 ];

