target=0.50;discardreversals=2;startvalue=0.00;steps=[4  2  1];selfservice=0;
threshold = [-7.75 ];
values = [0.00 -6.00 -8.00 -2.00 -7.00 -6.50 -8.00 -6.50 -6.00 -7.50 -10.00 -8.50 -9.00 -7.50 -7.00 -8.50 -7.00 -8.50 -9.00 -7.50 ];
reversals = [0 0 1 -1 1 -1 1 0 -1 0 1 -1 1 0 -1 1 -1 0 1 -1 ];
measures = [0 0 0 0 1 1 1 1 1 1 1 1 1 1 1 1 1 1 1 1 ];
presentations = [1 2 3 4 5 6 7 8 9 10 11 12 13 14 15 16 17 18 19 20 ];
answers = [4 3 1 5 2 4 1 2 4 5 1 3 1 2 4 1 4 3 1 4 ];
adjustments = [-6 -2 6 -5 0.5 -1.5 1.5 0.5 -1.5 -2.5 1.5 -0.5 1.5 0.5 -1.5 1.5 -1.5 -0.5 1.5 -1.5 ];
sentences = {'68819' '16140' '91451' '41634' '55025' '87713' '74972' '30757' '87263' '35209' '03491' '99308' '22586' '70565' '66127' '14040' '48832' '52988' '03676' '29394' };
offsets = [3632372 3843006 1846594 1808518 2619221 4647470 1377568 2766185 503507 482854 2017315 4252327 259197 1508278 4618972 2133065 3726242 4526406 3459525 1556967 ];

