target=0.75;minreversals=14;discardreversals=4;minmeasures=25;startvalue=60.00;steps=[8  8  4  2];feedback=0;
threshold = [127.00 ];
values = [68.00 60.00 52.00 44.00 44.00 44.00 68.00 92.00 92.00 92.00 92.00 116.00 116.00 108.00 108.00 104.00 116.00 116.00 114.00 114.00 120.00 118.00 116.00 114.00 114.00 120.00 118.00 118.00 116.00 116.00 116.00 114.00 114.00 114.00 112.00 112.00 110.00 110.00 110.00 108.00 108.00 108.00 108.00 114.00 114.00 114.00 114.00 114.00 120.00 126.00 126.00 126.00 126.00 126.00 126.00 132.00 138.00 138.00 138.00 138.00 136.00 136.00 134.00 134.00 134.00 140.00 138.00 136.00 136.00 142.00 148.00 146.00 ];
reversals = [0 0 0 0 0 1 0 0 0 0 0 0 -1 0 0 1 0 -1 0 1 -1 0 0 0 1 -1 0 0 0 0 0 0 0 0 0 0 0 0 0 0 0 0 1 0 0 0 0 0 0 0 0 0 0 0 0 0 0 0 0 -1 0 0 0 0 1 -1 0 0 1 0 -1 0 ];
measures = [0 0 0 0 0 0 0 0 0 0 0 0 0 0 0 0 0 0 0 1 1 1 1 1 1 1 1 1 1 1 1 1 1 1 1 1 1 1 1 1 1 1 1 1 1 1 1 1 1 1 1 1 1 1 1 1 1 1 1 1 1 1 1 1 1 1 1 1 1 1 1 1 ];
presentations = [1 1 1 0 0 1 1 0 0 0 1 0 1 0 1 1 0 1 0 1 1 1 1 0 1 1 0 1 0 0 1 0 0 1 0 1 0 0 1 0 0 0 1 0 0 0 0 1 1 0 0 0 0 0 1 1 0 0 0 1 0 1 0 0 1 1 1 0 1 1 1 1 ];
answers = [1 1 1 0 0 0 0 0 0 0 0 0 1 0 1 0 0 1 0 0 1 1 1 0 0 1 0 1 0 0 1 0 0 1 0 1 0 0 1 0 0 0 0 0 0 0 0 0 0 0 0 0 0 0 0 0 0 0 0 1 0 1 0 0 0 1 1 0 0 0 1 1 ];
adjustments = [-8 -8 -8 0 0 24 24 0 0 0 24 0 -8 0 -4 12 0 -2 0 6 -2 -2 -2 0 6 -2 0 -2 0 0 -2 0 0 -2 0 -2 0 0 -2 0 0 0 6 0 0 0 0 6 6 0 0 0 0 0 6 6 0 0 0 -2 0 -2 0 0 6 -2 -2 0 6 6 -2 -2 ];

