target=0.50;discardreversals=2;startvalue=0.00;steps=[4  2  1];selfservice=0;
threshold = [-7.00 ];
values = [0.00 -10.00 0.00 1.00 4.00 -1.00 -3.50 -5.00 -7.50 -7.00 -6.50 -5.00 -7.50 -9.00 -7.50 -9.00 -6.50 -6.00 -6.50 -5.00 ];
reversals = [0 1 0 0 -1 0 0 0 1 0 0 -1 0 1 -1 1 0 -1 1 -1 ];
measures = [0 0 0 0 0 0 0 0 1 1 1 1 1 1 1 1 1 1 1 1 ];
presentations = [1 2 3 4 5 6 7 8 9 10 11 12 13 14 15 16 17 18 19 20 ];
answers = [5 0 2 1 5 5 4 5 2 2 1 5 4 1 4 0 2 3 1 4 ];
adjustments = [-10 10 1 3 -5 -2.5 -1.5 -2.5 0.5 0.5 1.5 -2.5 -1.5 1.5 -1.5 2.5 0.5 -0.5 1.5 -1.5 ];
sentences = {'98162' '52277' '12339' '77705' '85813' '69444' '18314' '95569' '00456' '06251' '24621' '33528' '21080' '47048' '33980' '44697' '89135' '76802' '61793' '50976' };
offsets = [1154550 3621871 2871857 1974400 284736 892724 4829889 2410601 2172692 3152662 3966678 3995380 4639689 3033282 3900648 1190901 1119922 4703137 2998330 2588522 ];

