target=0.50;discardreversals=2;startvalue=0.00;steps=[4  2  1];selfservice=0;
threshold = [-2.50 ];
values = [0.00 10.00 0.00 -1.00 -2.00 -1.00 -1.50 0.00 -2.50 -3.00 -3.50 -3.00 -2.50 -5.00 -5.50 -5.00 -4.50 -5.00 -2.50 -1.00 ];
reversals = [0 -1 0 0 1 -1 1 -1 0 0 1 0 -1 0 1 0 -1 1 0 -1 ];
measures = [0 0 0 0 0 1 1 1 1 1 1 1 1 1 1 1 1 1 1 1 ];
presentations = [1 2 3 4 5 6 7 8 9 10 11 12 13 14 15 16 17 18 19 20 ];
answers = [0 5 3 3 2 3 1 5 3 3 2 2 5 3 2 2 3 0 1 3 ];
adjustments = [10 -10 -1 -1 1 -0.5 1.5 -2.5 -0.5 -0.5 0.5 0.5 -2.5 -0.5 0.5 0.5 -0.5 2.5 1.5 -0.5 ];
sentences = {'98162' '87713' '52988' '70565' '33528' '48832' '29394' '12339' '85813' '77705' '14040' '06251' '35209' '66127' '21080' '03676' '50976' '44697' '69444' '91451' };
offsets = [21824 4081 13384 876 12416 35717 14095 7377 10454 11964 3956 2681 10631 12087 16289 26130 17459 22491 8419 4268 ];

