target=0.50;discardreversals=2;startvalue=0.00;steps=[4  2  1];selfservice=0;
threshold = [-2.25 ];
values = [0.00 -10.00 0.00 -5.00 -2.50 0.00 -2.50 -2.00 -0.50 -2.00 -1.50 -4.00 -6.50 -4.00 -2.50 -3.00 -1.50 -3.00 -0.50 -1.00 ];
reversals = [0 1 -1 1 0 -1 1 0 -1 1 -1 0 1 0 -1 1 -1 1 -1 0 ];
measures = [0 0 0 1 1 1 1 1 1 1 1 1 1 1 1 1 1 1 1 1 ];
presentations = [1 2 3 4 5 6 7 8 9 10 11 12 13 14 15 16 17 18 19 20 ];
answers = [5 0 5 0 0 5 2 1 4 2 5 5 0 1 3 1 4 0 3 5 ];
adjustments = [-10 10 -5 2.5 2.5 -2.5 0.5 1.5 -1.5 0.5 -2.5 -2.5 2.5 1.5 -0.5 1.5 -1.5 2.5 -0.5 -2.5 ];
sentences = {'63558' '47173' '07970' '51417' '78835' '46393' '09216' '86800' '51437' '29744' '92629' '18348' '34994' '34226' '10681' '95162' '23081' '70762' '65555' '82009' };
offsets = [1423 9254 10422 8917 15058 40378 14355 25866 22607 7236 23243 23024 21256 732 10360 2521 29880 275 13464 5145 ];

