target=0.50;discardreversals=2;startvalue=0.00;steps=[4  2  1];selfservice=0;
threshold = [-4.00 ];
values = [5.00 -5.00 5.00 0.00 -1.50 -3.00 -4.50 -5.00 -2.50 -5.00 -4.50 -3.00 -3.50 -4.00 -1.50 -2.00 -4.50 -4.00 -3.50 -6.00 ];
reversals = [0 1 -1 0 0 0 0 1 -1 1 0 -1 0 1 -1 0 1 0 -1 1 ];
measures = [0 0 0 0 0 0 0 1 1 1 1 1 1 1 1 1 1 1 1 1 ];
presentations = [1 2 3 4 5 6 7 8 9 10 11 12 13 14 15 16 17 18 19 20 ];
answers = [5 0 5 4 4 4 3 0 5 2 1 3 3 0 3 5 2 2 5 1 ];
adjustments = [-10 10 -5 -1.5 -1.5 -1.5 -0.5 2.5 -2.5 0.5 1.5 -0.5 -0.5 2.5 -0.5 -2.5 0.5 0.5 -2.5 1.5 ];
sentences = {'99308' '22586' '03491' '68819' '61793' '18314' '52277' '76802' '24621' '74972' '55025' '89135' '95569' '30757' '87263' '00456' '41634' '16140' '47048' '33980' };
offsets = [8893 68497 72516 73664 4327 71330 23538 32827 40273 40574 2860 71029 30326 9182 28676 47315 45790 72050 54912 29040 ];

