target=0.50;discardreversals=2;startvalue=0.00;steps=[4  2  1];selfservice=0;
threshold = [1.75 ];
values = [0.00 10.00 0.00 -3.00 2.00 0.50 0.00 0.50 0.00 -0.50 2.00 1.50 4.00 5.50 3.00 3.50 3.00 0.50 3.00 1.50 ];
reversals = [0 -1 0 1 -1 0 1 -1 0 1 -1 1 0 -1 1 -1 0 1 -1 1 ];
measures = [0 0 0 0 1 1 1 1 1 1 1 1 1 1 1 1 1 1 1 1 ];
presentations = [1 2 3 4 5 6 7 8 9 10 11 12 13 14 15 16 17 18 19 20 ];
answers = [0 5 4 0 4 3 2 3 3 0 3 0 1 5 2 3 5 0 4 1 ];
adjustments = [10 -10 -3 5 -1.5 -0.5 0.5 -0.5 -0.5 2.5 -0.5 2.5 1.5 -2.5 0.5 -0.5 -2.5 2.5 -1.5 1.5 ];
sentences = {'39994' '14040' '94067' '70565' '05413' '43285' '18502' '26626' '52988' '80338' '72141' '66127' '03676' '51779' '48832' '91451' '29394' '87713' '35209' '67850' };
offsets = [385395 218317 4127694 4777465 4735934 2424506 3625934 2307080 4326542 2366770 3686174 3104903 4083564 864020 3129031 1877591 1234830 1773254 2131746 1580608 ];

