target=0.50;discardreversals=2;startvalue=0.00;steps=[4  2  1];selfservice=0;
threshold = [-3.00 ];
values = [0.00 -10.00 0.00 -5.00 -4.50 -3.00 -2.50 -3.00 -3.50 -2.00 -4.50 -3.00 -2.50 -5.00 -2.50 -4.00 -5.50 -3.00 -0.50 -2.00 ];
reversals = [0 1 -1 1 0 0 -1 0 1 -1 1 0 -1 1 -1 0 1 0 -1 0 ];
measures = [0 0 0 1 1 1 1 1 1 1 1 1 1 1 1 1 1 1 1 1 ];
presentations = [1 2 3 4 5 6 7 8 9 10 11 12 13 14 15 16 17 18 19 20 ];
answers = [5 0 5 2 1 2 3 3 1 5 1 2 5 0 4 4 0 0 4 3 ];
adjustments = [-10 10 -5 0.5 1.5 0.5 -0.5 -0.5 1.5 -2.5 1.5 0.5 -2.5 2.5 -1.5 -1.5 2.5 2.5 -1.5 -0.5 ];
sentences = {'03262' '15149' '26626' '51779' '82487' '18502' '66553' '59026' '39994' '24318' '80338' '72141' '90790' '67850' '94067' '05413' '48835' '77974' '31601' '43285' };
offsets = [25823 7326 39040 10047 13047 8270 19614 32285 16125 19583 15761 11371 5011 1774 11877 3026 27240 7482 2858 20681 ];

