target=0.50;discardreversals=2;startvalue=0.00;steps=[4  2  1];selfservice=0;
threshold = [-2.75 ];
values = [0.00 -6.00 4.00 5.00 2.00 0.50 0.00 -1.50 -3.00 -5.50 -5.00 -4.50 -3.00 -2.50 -3.00 -1.50 0.00 -0.50 -3.00 -1.50 ];
reversals = [0 1 0 -1 0 0 0 0 0 1 0 0 0 -1 1 0 -1 0 1 -1 ];
measures = [0 0 0 0 0 0 0 0 0 1 1 1 1 1 1 1 1 1 1 1 ];
presentations = [1 2 3 4 5 6 7 8 9 10 11 12 13 14 15 16 17 18 19 20 ];
answers = [4 0 2 4 4 3 4 4 5 2 2 1 2 3 1 1 3 5 1 4 ];
adjustments = [-6 10 1 -3 -1.5 -0.5 -1.5 -1.5 -2.5 0.5 0.5 1.5 0.5 -0.5 1.5 1.5 -0.5 -2.5 1.5 -1.5 ];
sentences = {'24318' '69444' '77974' '85813' '66553' '03262' '98162' '44697' '90790' '15149' '48835' '12339' '82487' '33528' '21080' '31601' '77705' '59026' '50976' '06251' };
offsets = [229387 2613102 310356 2478329 460438 3216107 2292822 2476888 2399149 570273 3038017 3519333 3735701 721411 1309464 205566 3690179 2612743 4563002 3612921 ];

