target=0.50;discardreversals=2;startvalue=0.00;steps=[4  2  1];selfservice=0;
threshold = [-1.00 ];
values = [0.00 2.00 0.00 3.00 0.50 0.00 0.50 -1.00 -3.50 -3.00 -1.50 -3.00 -0.50 -2.00 -0.50 -3.00 -3.50 -1.00 -0.50 -3.00 ];
reversals = [0 -1 1 -1 0 1 -1 0 1 0 -1 1 -1 1 -1 0 1 0 -1 1 ];
measures = [0 0 0 1 1 1 1 1 1 1 1 1 1 1 1 1 1 1 1 1 ];
presentations = [1 2 3 4 5 6 7 8 9 10 11 12 13 14 15 16 17 18 19 20 ];
answers = [2 3 1 5 3 2 4 5 2 1 4 0 4 1 5 3 0 2 5 1 ];
adjustments = [2 -2 3 -2.5 -0.5 0.5 -1.5 -2.5 0.5 1.5 -1.5 2.5 -1.5 1.5 -2.5 -0.5 2.5 0.5 -2.5 1.5 ];
sentences = {'80338' '51779' '33980' '94067' '76802' '18502' '61793' '26626' '39994' '95569' '24621' '43285' '47048' '67850' '52277' '05413' '72141' '89135' '18314' '00456' };
offsets = [13249 3972 6433 16603 1386 20818 685 14964 21262 12929 18867 8479 8242 9224 14490 15013 6471 8851 878 32449 ];

