target=0.50;discardreversals=2;startvalue=0.00;steps=[4  2  1];selfservice=0;
%parameters=icra5.250,65,re
threshold = [-3.50 ];
values = [0.00 10.00 4.00 -1.00 -4.00 1.00 -0.50 -2.00 -3.50 -6.00 -3.50 -5.00 -5.50 -3.00 -3.50 -4.00 -4.50 -3.00 -0.50 -1.00 ];
reversals = [0 -1 0 0 1 -1 0 0 0 1 -1 0 1 -1 0 0 1 0 -1 0 ];
measures = [0 0 0 0 0 1 1 1 1 1 1 1 1 1 1 1 1 1 1 1 ];
presentations = [1 2 3 4 5 6 7 8 9 10 11 12 13 14 15 16 17 18 19 20 ];
answers = [0 4 5 4 0 4 4 4 5 0 4 3 0 3 3 3 1 0 3 5 ];
adjustments = [10 -6 -5 -3 5 -1.5 -1.5 -1.5 -2.5 2.5 -1.5 -0.5 2.5 -0.5 -0.5 -0.5 1.5 2.5 -0.5 -2.5 ];
sentences = {'65555' '70565' '23081' '52988' '87713' '92629' '18348' '91451' '66127' '29394' '03676' '86800' '34994' '09216' '14040' '48832' '51437' '35209' '70762' '47173' };
offsets = [1179371 270645 4699541 1975221 1516975 1082424 639901 1072706 2431867 2820868 4839005 1133967 3377874 4490514 4594237 1705987 3804535 364943 3809096 1542789 ];

