target=0.50;discardreversals=2;startvalue=0.00;steps=[4  2  1];selfservice=0;
%parameters=quiet,65
threshold = [-23.00 ];
values = [0.00 -10.00 -12.00 -22.00 -28.00 -18.00 -21.00 -21.50 -24.00 -21.50 -23.00 -25.50 -23.00 -23.50 -21.00 -22.50 -23.00 -20.50 -18.00 -15.50 ];
reversals = [0 0 0 0 1 -1 0 0 1 -1 0 1 -1 1 -1 0 1 0 0 -1 ];
measures = [0 0 0 0 0 0 0 0 1 1 1 1 1 1 1 1 1 1 1 1 ];
presentations = [1 2 3 4 5 6 7 8 9 10 11 12 13 14 15 16 17 18 19 20 ];
answers = [5 3 5 4 0 4 3 5 0 4 5 0 3 0 4 3 0 0 0 3 ];
adjustments = [-10 -2 -10 -6 10 -3 -0.5 -2.5 2.5 -1.5 -2.5 2.5 -0.5 2.5 -1.5 -0.5 2.5 2.5 2.5 -0.5 ];
sentences = {'52277' '37886' '61793' '68271' '23448' '51195' '95569' '90013' '89364' '89135' '02737' '18314' '24621' '00456' '33980' '44529' '15952' '47048' '76600' '76802' };
offsets = [17287 7338 9233 33028 65618 43845 1565 45343 37474 28870 22169 64110 49997 9904 37880 86907 66894 85048 12211 30228 ];

