target=0.50;discardreversals=2;startvalue=0.00;steps=[4  2  1];selfservice=0;
%parameters=icra5.250,65,train
threshold = [0.00 ];
values = [0.00 10.00 0.00 -3.00 -2.00 0.50 -2.00 0.50 2.00 -0.50 2.00 -0.50 -2.00 0.50 0.00 0.50 -1.00 -3.50 -2.00 -0.50 ];
reversals = [0 -1 0 1 0 -1 1 0 -1 1 -1 0 1 -1 1 -1 0 1 0 -1 ];
measures = [0 0 0 0 0 1 1 1 1 1 1 1 1 1 1 1 1 1 1 1 ];
presentations = [1 2 3 4 5 6 7 8 9 10 11 12 13 14 15 16 17 18 19 20 ];
answers = [0 5 4 2 0 5 0 1 5 0 5 4 0 3 2 4 5 1 1 3 ];
adjustments = [10 -10 -3 1 2.5 -2.5 2.5 1.5 -2.5 2.5 -2.5 -1.5 2.5 -0.5 0.5 -1.5 -2.5 1.5 1.5 -0.5 ];
sentences = {'51437' '86800' '59026' '34994' '65555' '09216' '82487' '15149' '66553' '92629' '24318' '90790' '77974' '03262' '48835' '23081' '70762' '18348' '31601' '47173' };
offsets = [402758 1416064 4052429 4556571 3771195 3176370 994745 1265805 3887130 1359254 4649477 455994 3627993 4823477 2608519 1598566 1450653 4111413 2998715 4497411 ];

