target=0.50;discardreversals=2;startvalue=0.00;steps=[4  2  1];selfservice=0;
%parameters=icra1,65
threshold = [-1.50 ];
values = [0.00 -6.00 4.00 1.00 0.50 -2.00 -4.50 -2.00 -2.50 0.00 -2.50 -1.00 -2.50 -3.00 -0.50 2.00 -0.50 0.00 -1.50 -2.00 ];
reversals = [0 1 -1 0 0 0 1 -1 1 -1 1 -1 0 1 0 -1 1 -1 0 0 ];
measures = [0 0 0 0 0 0 1 1 1 1 1 1 1 1 1 1 1 1 1 1 ];
presentations = [1 2 3 4 5 6 7 8 9 10 11 12 13 14 15 16 17 18 19 20 ];
answers = [4 0 4 3 5 5 0 3 0 5 1 4 3 0 0 5 2 4 3 3 ];
adjustments = [-6 10 -3 -0.5 -2.5 -2.5 2.5 -0.5 2.5 -2.5 1.5 -1.5 -0.5 2.5 2.5 -2.5 0.5 -1.5 -0.5 -0.5 ];
sentences = {'23448' '99308' '16140' '41634' '03491' '02737' '90013' '37886' '74972' '30757' '55025' '68271' '22586' '51195' '87263' '15952' '44529' '76600' '89364' '68819' };
offsets = [24655 6774 8913 7863 33191 13561 26549 10138 28612 5317 18038 23188 9672 13915 5652 2936 228 5014 9807 39262 ];

