target=0.50;discardreversals=2;startvalue=0.00;steps=[4  2  1];selfservice=0;
%parameters=icra1,63
threshold = [0.00 ];
values = [0.00 10.00 4.00 -1.00 4.00 1.50 0.00 2.50 0.00 2.50 0.00 -2.50 -4.00 -1.50 1.00 -1.50 -2.00 -2.50 -5.00 -2.50 ];
reversals = [0 -1 0 1 -1 0 1 -1 1 -1 0 0 1 0 -1 0 0 0 1 -1 ];
measures = [0 0 0 0 1 1 1 1 1 1 1 1 1 1 1 1 1 1 1 1 ];
presentations = [1 2 3 4 5 6 7 8 9 10 11 12 13 14 15 16 17 18 19 20 ];
answers = [0 4 5 0 5 4 0 5 0 5 5 4 0 0 5 3 3 5 0 5 ];
adjustments = [10 -6 -5 5 -2.5 -1.5 2.5 -2.5 2.5 -2.5 -2.5 -1.5 2.5 2.5 -2.5 -0.5 -0.5 -2.5 2.5 -2.5 ];
sentences = {'77705' '21080' '44697' '08168' '93692' '22336' '45923' '36514' '98162' '54841' '85813' '12339' '11755' '87470' '06251' '33528' '69444' '69009' '50976' '70287' };
offsets = [6121 7617 12581 17687 12145 13911 13410 29900 15039 13730 19336 17411 7643 13082 27135 13714 11983 25630 25573 5514 ];

