target=0.50;discardreversals=2;startvalue=0.00;steps=[4  2  1];selfservice=0;
%parameters=icra1,65,train
threshold = [0.50 ];
values = [0.00 6.00 -4.00 1.00 -1.50 -2.00 0.50 -2.00 0.50 -2.00 -2.50 -3.00 -2.50 0.00 1.50 -1.00 -1.50 -3.00 -1.50 1.00 ];
reversals = [0 -1 1 -1 0 1 -1 1 -1 0 0 1 0 0 -1 0 0 1 0 -1 ];
measures = [0 0 0 1 1 1 1 1 1 1 1 1 1 1 1 1 1 1 1 1 ];
presentations = [1 2 3 4 5 6 7 8 9 10 11 12 13 14 15 16 17 18 19 20 ];
answers = [1 5 0 5 3 0 5 0 5 3 3 2 0 1 5 3 4 1 0 4 ];
adjustments = [6 -10 5 -2.5 -0.5 2.5 -2.5 2.5 -2.5 -0.5 -0.5 0.5 2.5 1.5 -2.5 -0.5 -1.5 1.5 2.5 -1.5 ];
sentences = {'30757' '98162' '22586' '85813' '74972' '50976' '16140' '44697' '06251' '68819' '69444' '03491' '87263' '21080' '99308' '33528' '55025' '41634' '77705' '12339' };
offsets = [5708 12137 19813 11799 19897 6892 17827 12450 4925 20388 14923 44438 8901 20995 10628 9385 12964 11824 2114 16080 ];

