target=0.50;discardreversals=2;startvalue=0.00;steps=[4  2  1];selfservice=0;
%parameters=icra1,65,re
threshold = [0.50 ];
values = [0.00 10.00 0.00 -3.00 2.00 0.50 -1.00 -2.50 -5.00 -2.50 -2.00 -1.50 1.00 -1.50 -2.00 0.50 -2.00 -4.50 -2.00 0.50 ];
reversals = [0 -1 0 1 -1 0 0 0 1 0 0 0 -1 0 1 -1 0 1 0 -1 ];
measures = [0 0 0 0 1 1 1 1 1 1 1 1 1 1 1 1 1 1 1 1 ];
presentations = [1 2 3 4 5 6 7 8 9 10 11 12 13 14 15 16 17 18 19 20 ];
answers = [0 5 4 0 4 4 4 5 0 2 2 0 5 3 0 5 5 0 0 5 ];
adjustments = [10 -10 -3 5 -1.5 -1.5 -1.5 -2.5 2.5 0.5 0.5 2.5 -2.5 -0.5 2.5 -2.5 -2.5 2.5 2.5 -2.5 ];
sentences = {'76802' '18502' '51779' '47048' '89135' '72141' '95569' '24621' '43285' '18314' '94067' '26626' '00456' '39994' '61793' '52277' '80338' '05413' '67850' '33980' };
offsets = [3523 13949 5597 1216 214 14434 18496 5632 5058 29185 31318 37243 10390 6683 12701 6223 20999 20885 9123 17130 ];

