target=0.50;discardreversals=2;startvalue=0.00;steps=[4  2  1];selfservice=0;
%parameters=icra5.250,65
threshold = [-3.00 ];
values = [0.00 -10.00 0.00 -5.00 -4.50 -2.00 -3.50 -1.00 -2.50 -4.00 -5.50 -3.00 -5.50 -7.00 -4.50 -2.00 -3.50 -3.00 -0.50 -1.00 ];
reversals = [0 1 -1 1 0 -1 1 -1 0 0 1 -1 0 1 0 -1 1 0 -1 1 ];
measures = [0 0 0 1 1 1 1 1 1 1 1 1 1 1 1 1 1 1 1 1 ];
presentations = [1 2 3 4 5 6 7 8 9 10 11 12 13 14 15 16 17 18 19 20 ];
answers = [5 0 5 2 0 4 0 4 4 4 0 5 4 0 0 4 2 0 3 0 ];
adjustments = [-10 10 -5 0.5 2.5 -1.5 2.5 -1.5 -1.5 -1.5 2.5 -2.5 -1.5 2.5 2.5 -1.5 0.5 2.5 -0.5 2.5 ];
sentences = {'87713' '12339' '77705' '06251' '69444' '85813' '29394' '66127' '14040' '50976' '52988' '35209' '21080' '03676' '70565' '33528' '98162' '91451' '44697' '48832' };
offsets = [3541166 1096301 232334 3826557 1361961 300874 2065201 405174 942503 1103366 4685288 3835874 1542762 1029686 3797299 3433068 1495839 151545 4707672 2739156 ];

