target=0.50;discardreversals=2;startvalue=0.00;steps=[4  2  1];selfservice=0;
%parameters=babble,65
threshold = [2.50 ];
values = [0.00 10.00 0.00 5.00 2.50 0.00 -1.50 0.00 2.50 1.00 2.50 1.00 2.50 3.00 1.50 -1.00 1.50 2.00 2.50 2.00 ];
reversals = [0 -1 1 -1 0 0 1 0 -1 1 -1 1 0 -1 0 1 0 0 -1 0 ];
measures = [0 0 0 1 1 1 1 1 1 1 1 1 1 1 1 1 1 1 1 1 ];
presentations = [1 2 3 4 5 6 7 8 9 10 11 12 13 14 15 16 17 18 19 20 ];
answers = [0 5 0 5 5 4 1 0 4 1 4 1 2 4 5 0 2 2 3 5 ];
adjustments = [10 -10 5 -2.5 -2.5 -1.5 1.5 2.5 -1.5 1.5 -1.5 1.5 0.5 -1.5 -2.5 2.5 0.5 0.5 -0.5 -2.5 ];
sentences = {'98162' '16140' '87263' '69444' '41634' '21080' '50976' '74972' '68819' '12339' '99308' '55025' '30757' '44697' '03491' '77705' '06251' '33528' '22586' '85813' };
offsets = [22137 10788 26076 21299 9821 30946 23542 15838 33390 13134 35021 17232 3476 5633 42383 22675 43950 26461 33997 13865 ];

