target=0.50;discardreversals=2;startvalue=0.00;steps=[4  2  1];selfservice=0;
%parameters=icra1,53
threshold = [3.50 ];
values = [0.00 10.00 0.00 5.00 2.50 5.00 3.50 1.00 3.50 1.00 -0.50 2.00 4.50 3.00 1.50 0.00 2.50 5.00 2.50 5.00 ];
reversals = [0 -1 1 -1 1 -1 0 1 -1 0 1 0 -1 0 0 1 0 -1 1 -1 ];
measures = [0 0 0 1 1 1 1 1 1 1 1 1 1 1 1 1 1 1 1 1 ];
presentations = [1 2 3 4 5 6 7 8 9 10 11 12 13 14 15 16 17 18 19 20 ];
answers = [0 5 0 5 0 4 5 0 5 4 0 0 4 4 4 0 0 5 0 5 ];
adjustments = [10 -10 5 -2.5 2.5 -1.5 -2.5 2.5 -2.5 -1.5 2.5 2.5 -1.5 -1.5 -1.5 2.5 2.5 -2.5 2.5 -2.5 ];
sentences = {'36514' '10681' '34226' '93692' '78835' '69009' '51417' '95162' '54841' '82009' '45923' '08168' '22336' '46393' '29744' '63558' '11755' '70287' '87470' '07970' };
offsets = [22937 6002 17313 15644 16657 1833 6651 369 6355 9583 9793 16683 14197 1336 4782 8243 11326 926 11510 32020 ];

