target=0.50;discardreversals=2;startvalue=0.00;steps=[4  2  1];selfservice=0;
threshold = [-2.00 ];
values = [0.00 10.00 0.00 -1.00 2.00 -0.50 -2.00 -3.50 -6.00 -3.50 -2.00 -2.50 -4.00 -5.50 -4.00 -1.50 -3.00 -3.50 -1.00 -2.50 ];
reversals = [0 -1 0 1 -1 0 0 0 1 0 -1 0 0 1 0 -1 0 1 -1 0 ];
measures = [0 0 0 0 1 1 1 1 1 1 1 1 1 1 1 1 1 1 1 1 ];
presentations = [1 2 3 4 5 6 7 8 9 10 11 12 13 14 15 16 17 18 19 20 ];
answers = [0 5 3 1 5 4 4 5 0 1 3 4 4 1 0 4 3 0 4 3 ];
adjustments = [10 -10 -1 3 -2.5 -1.5 -1.5 -2.5 2.5 1.5 -0.5 -1.5 -1.5 1.5 2.5 -1.5 -0.5 2.5 -1.5 -0.5 ];
sentences = {'11755' '08168' '36514' '18348' '23081' '86800' '93692' '54841' '70762' '92629' '34994' '65555' '70287' '45923' '51437' '47173' '09216' '87470' '22336' '69009' };
offsets = [11181 21024 35709 10683 3209 8348 30870 4777 547 23112 25041 13750 17655 6597 21576 15707 31252 9078 24463 1609 ];

