target=0.50;discardreversals=2;startvalue=0.00;steps=[4  2  1];selfservice=0;
threshold = [-27.50 ];
values = [5.00 -1.00 -11.00 -21.00 -27.00 -33.00 -23.00 -26.00 -28.50 -31.00 -28.50 -26.00 -23.50 -25.00 -27.50 -29.00 -26.50 -27.00 -27.50 -27.00 ];
reversals = [0 0 0 0 0 1 -1 0 0 1 0 0 -1 0 0 1 -1 0 1 0 ];
measures = [0 0 0 0 0 0 0 0 0 1 1 1 1 1 1 1 1 1 1 1 ];
presentations = [1 2 3 4 5 6 7 8 9 10 11 12 13 14 15 16 17 18 19 20 ];
answers = [4 5 5 4 4 0 4 5 5 0 0 0 4 5 4 0 3 3 2 1 ];
adjustments = [-6 -10 -10 -6 -6 10 -3 -2.5 -2.5 2.5 2.5 2.5 -1.5 -2.5 -1.5 2.5 -0.5 -0.5 0.5 1.5 ];
sentences = {'03262' '90790' '82487' '69009' '48835' '22336' '08168' '70287' '15149' '31601' '24318' '59026' '45923' '87470' '77974' '11755' '54841' '66553' '36514' '93692' };
offsets = [68202 26818 56510 48611 22857 90900 73548 1245 44727 32432 39866 47399 33996 71123 55037 40739 33750 27770 61320 33395 ];

