target=0.50;discardreversals=2;startvalue=0.00;steps=[4  2  1];selfservice=0;
threshold = [-2.00 ];
values = [0.00 -6.00 -8.00 2.00 -3.00 -4.50 -2.00 -3.50 -2.00 -2.50 0.00 -0.50 -2.00 0.50 3.00 0.50 -2.00 -1.50 1.00 -1.50 ];
reversals = [0 0 1 -1 0 1 -1 1 -1 1 -1 0 1 0 -1 0 1 0 -1 1 ];
measures = [0 0 0 0 0 1 1 1 1 1 1 1 1 1 1 1 1 1 1 1 ];
presentations = [1 2 3 4 5 6 7 8 9 10 11 12 13 14 15 16 17 18 19 20 ];
answers = [4 3 0 5 4 0 4 1 3 0 3 4 0 0 5 5 2 0 5 0 ];
adjustments = [-6 -2 10 -5 -1.5 2.5 -1.5 1.5 -0.5 2.5 -0.5 -1.5 2.5 2.5 -2.5 -2.5 0.5 2.5 -2.5 2.5 ];
sentences = {'05413' '94067' '39994' '24318' '66553' '48835' '80338' '72141' '51779' '31601' '90790' '82487' '18502' '67850' '26626' '77974' '03262' '43285' '15149' '59026' };
offsets = [1784439 2266987 1255296 4659101 3207069 2654022 4797631 282115 731780 1700928 1104798 1983135 3667959 2469089 1610325 877421 910013 3953662 4331079 2476280 ];

