target=0.50;discardreversals=2;startvalue=0.00;steps=[4  2  1];selfservice=0;
threshold = [-1.00 ];
values = [0.00 10.00 0.00 3.00 2.50 0.00 -0.50 -1.00 -2.50 0.00 -1.50 -1.00 -1.50 -1.00 -2.50 -1.00 1.50 0.00 -1.50 0.00 ];
reversals = [0 -1 1 -1 0 0 0 0 1 -1 1 -1 1 -1 1 0 -1 0 1 -1 ];
measures = [0 0 0 1 1 1 1 1 1 1 1 1 1 1 1 1 1 1 1 1 ];
presentations = [1 2 3 4 5 6 7 8 9 10 11 12 13 14 15 16 17 18 19 20 ];
answers = [0 5 1 3 5 3 3 4 0 4 2 3 2 4 1 0 4 4 1 5 ];
adjustments = [10 -10 3 -0.5 -2.5 -0.5 -0.5 -1.5 2.5 -1.5 0.5 -0.5 0.5 -1.5 1.5 2.5 -1.5 -1.5 1.5 -2.5 ];
sentences = {'21080' '77705' '51779' '67850' '80338' '33528' '26626' '94067' '44697' '06251' '98162' '85813' '39994' '43285' '12339' '72141' '69444' '18502' '50976' '05413' };
offsets = [15654 12253 10191 2103 3553 4320 25668 14000 23945 10724 8978 9793 11571 4081 6592 757 13708 16134 8168 24585 ];

