target=0.75;minreversals=14;discardreversals=4;minmeasures=25;startvalue=70.00;steps=[4  4  2  1];feedback=0;
threshold = [109.50 ];
values = [70.00 66.00 62.00 58.00 54.00 70.00 86.00 102.00 102.00 98.00 106.00 110.00 109.00 108.00 112.00 111.00 110.00 109.00 113.00 113.00 116.00 116.00 119.00 119.00 118.00 118.00 117.00 116.00 115.00 115.00 115.00 114.00 113.00 113.00 113.00 113.00 112.00 112.00 112.00 112.00 111.00 115.00 114.00 113.00 113.00 112.00 112.00 111.00 110.00 110.00 110.00 109.00 109.00 109.00 109.00 109.00 108.00 107.00 106.00 110.00 109.00 109.00 109.00 108.00 108.00 107.00 107.00 106.00 106.00 105.00 105.00 104.00 104.00 108.00 ];
reversals = [0 0 0 0 1 0 0 0 -1 1 0 -1 0 1 -1 0 0 1 0 0 0 0 0 -1 0 0 0 0 0 0 0 0 0 0 0 0 0 0 0 0 1 -1 0 0 0 0 0 0 0 0 0 0 0 0 0 0 0 0 1 -1 0 0 0 0 0 0 0 0 0 0 0 0 1 -1 ];
measures = [0 0 0 0 0 0 0 0 0 0 0 0 0 1 1 1 1 1 1 1 1 1 1 1 1 1 1 1 1 1 1 1 1 1 1 1 1 1 1 1 1 1 1 1 1 1 1 1 1 1 1 1 1 1 1 1 1 1 1 1 1 1 1 1 1 1 1 1 1 1 1 1 1 1 ];
presentations = [1 1 1 1 0 0 0 0 1 0 0 1 1 0 1 1 1 0 0 1 0 1 0 1 0 1 1 1 0 0 1 1 0 0 0 1 0 0 0 1 0 1 1 0 1 0 1 1 0 0 1 0 0 0 0 1 1 1 0 1 0 0 1 0 1 0 1 0 1 0 1 0 0 1 ];
answers = [1 1 1 1 1 1 1 0 1 1 1 1 1 1 1 1 1 1 0 0 0 0 0 1 0 1 1 1 0 0 1 1 0 0 0 1 0 0 0 1 1 1 1 0 1 0 1 1 0 0 1 0 0 0 0 1 1 1 1 1 0 0 1 0 1 0 1 0 1 0 1 0 1 1 ];
adjustments = [-4 -4 -4 -4 16 16 16 0 -4 8 4 -1 -1 4 -1 -1 -1 4 0 3 0 3 0 -1 0 -1 -1 -1 0 0 -1 -1 0 0 0 -1 0 0 0 -1 4 -1 -1 0 -1 0 -1 -1 0 0 -1 0 0 0 0 -1 -1 -1 4 -1 0 0 -1 0 -1 0 -1 0 -1 0 -1 0 4 -1 ];

