target=0.50;discardreversals=2;startvalue=0.00;steps=[4  2  1];selfservice=0;
threshold = [-2.00 ];
values = [0.00 -6.00 4.00 1.00 -0.50 -1.00 -3.50 -1.00 -2.50 -2.00 -0.50 -2.00 -2.50 -5.00 -2.50 -2.00 -4.50 -2.00 0.50 -2.00 ];
reversals = [0 1 -1 0 0 0 1 -1 1 0 -1 0 0 1 0 -1 1 0 -1 1 ];
measures = [0 0 0 0 0 0 1 1 1 1 1 1 1 1 1 1 1 1 1 1 ];
presentations = [1 2 3 4 5 6 7 8 9 10 11 12 13 14 15 16 17 18 19 20 ];
answers = [4 0 4 4 3 5 0 4 2 1 4 3 5 0 2 5 0 0 5 0 ];
adjustments = [-6 10 -3 -1.5 -0.5 -2.5 2.5 -1.5 0.5 1.5 -1.5 -0.5 -2.5 2.5 0.5 -2.5 2.5 2.5 -2.5 2.5 ];
sentences = {'39994' '72141' '43285' '51779' '05413' '82487' '31601' '80338' '59026' '66553' '03262' '24318' '26626' '48835' '18502' '67850' '77974' '94067' '15149' '90790' };
offsets = [213579 2892641 2673894 4807000 3159836 1460231 1377075 1766469 3275488 3784503 3367861 1314544 4179693 2720060 2642595 4374238 2127144 2257288 1406274 4492463 ];

