target=0.75;minreversals=14;discardreversals=4;minmeasures=25;startvalue=70.00;steps=[4  4  2  1];feedback=0;
threshold = [95.50 ];
values = [70.00 66.00 78.00 74.00 72.00 70.00 70.00 70.00 70.00 68.00 68.00 66.00 66.00 72.00 72.00 75.00 75.00 75.00 75.00 75.00 75.00 74.00 78.00 81.00 80.00 79.00 79.00 82.00 85.00 88.00 88.00 91.00 91.00 91.00 94.00 97.00 96.00 96.00 96.00 96.00 95.00 98.00 98.00 101.00 101.00 101.00 101.00 101.00 100.00 100.00 100.00 100.00 99.00 99.00 98.00 98.00 97.00 97.00 96.00 96.00 95.00 94.00 94.00 97.00 100.00 100.00 99.00 99.00 98.00 98.00 98.00 98.00 97.00 96.00 96.00 96.00 100.00 ];
reversals = [0 1 -1 0 0 0 0 0 0 0 0 0 1 0 0 0 0 0 0 0 -1 1 0 -1 0 0 1 0 0 0 0 0 0 0 0 -1 0 0 0 0 1 0 0 0 0 0 0 -1 0 0 0 0 0 0 0 0 0 0 0 0 0 0 1 0 0 -1 0 0 0 0 0 0 0 0 0 1 -1 ];
measures = [0 0 0 0 0 0 0 0 0 0 0 0 0 0 0 0 0 0 0 0 0 1 1 1 1 1 1 1 1 1 1 1 1 1 1 1 1 1 1 1 1 1 1 1 1 1 1 1 1 1 1 1 1 1 1 1 1 1 1 1 1 1 1 1 1 1 1 1 1 1 1 1 1 1 1 1 1 ];
presentations = [1 1 1 1 1 0 0 0 1 0 1 0 1 0 1 0 0 0 0 0 1 0 1 1 1 0 1 1 1 0 1 0 0 1 1 1 0 0 0 1 1 0 1 0 0 0 0 1 0 0 0 1 0 1 0 1 0 1 0 1 1 0 1 1 0 1 0 1 0 0 0 1 1 0 0 0 1 ];
answers = [1 0 1 1 1 0 0 0 1 0 1 0 0 0 0 0 0 0 0 0 1 1 0 1 1 0 0 0 0 0 0 0 0 0 0 1 0 0 0 1 0 0 0 0 0 0 0 1 0 0 0 1 0 1 0 1 0 1 0 1 1 0 0 0 0 1 0 1 0 0 0 1 1 0 0 1 1 ];
adjustments = [-4 12 -4 -2 -2 0 0 0 -2 0 -2 0 6 0 3 0 0 0 0 0 -1 4 3 -1 -1 0 3 3 3 0 3 0 0 3 3 -1 0 0 0 -1 3 0 3 0 0 0 0 -1 0 0 0 -1 0 -1 0 -1 0 -1 0 -1 -1 0 3 3 0 -1 0 -1 0 0 0 -1 -1 0 0 4 -1 ];

