target=0.50;discardreversals=2;startvalue=0.00;steps=[4  2  1];selfservice=0;
threshold = [-2.00 ];
values = [0.00 10.00 0.00 -1.00 -4.00 -1.00 0.50 -2.00 -2.50 0.00 -0.50 -2.00 -1.50 -2.00 -0.50 -1.00 -3.50 -2.00 -2.50 -3.00 ];
reversals = [0 -1 0 0 1 0 -1 0 1 -1 0 1 -1 1 -1 0 1 -1 0 0 ];
measures = [0 0 0 0 0 0 1 1 1 1 1 1 1 1 1 1 1 1 1 1 ];
presentations = [1 2 3 4 5 6 7 8 9 10 11 12 13 14 15 16 17 18 19 20 ];
answers = [0 5 3 4 1 1 5 3 0 3 4 2 3 1 3 5 1 3 3 4 ];
adjustments = [10 -10 -1 -3 3 1.5 -2.5 -0.5 2.5 -0.5 -1.5 0.5 -0.5 1.5 -0.5 -2.5 1.5 -0.5 -0.5 -1.5 ];
sentences = {'44697' '87263' '30757' '16140' '06251' '77705' '85813' '03491' '50976' '22586' '12339' '21080' '68819' '41634' '69444' '55025' '98162' '99308' '74972' '33528' };
offsets = [4096 21206 1273 25885 34983 12022 7290 522 20983 4865 7310 8849 16839 33745 15054 16605 24703 9418 22887 9269 ];

