target=0.50;discardreversals=2;startvalue=0.00;steps=[4  2  1];selfservice=0;
%parameters=icra1,57
threshold = [0.25 ];
values = [0.00 -6.00 4.00 1.00 0.50 -1.00 0.50 3.00 3.50 2.00 -0.50 -1.00 0.50 1.00 -0.50 1.00 -0.50 0.00 0.50 2.00 ];
reversals = [0 1 -1 0 0 1 0 0 -1 0 0 1 0 -1 1 -1 1 0 0 -1 ];
measures = [0 0 0 0 0 1 1 1 1 1 1 1 1 1 1 1 1 1 1 1 ];
presentations = [1 2 3 4 5 6 7 8 9 10 11 12 13 14 15 16 17 18 19 20 ];
answers = [4 0 4 3 4 1 0 2 4 5 3 1 2 4 1 4 2 2 1 4 ];
adjustments = [-6 10 -3 -0.5 -1.5 1.5 2.5 0.5 -1.5 -2.5 -0.5 1.5 0.5 -1.5 1.5 -1.5 0.5 0.5 1.5 -1.5 ];
sentences = {'68271' '39994' '18502' '90013' '76600' '15952' '26626' '51195' '72141' '05413' '02737' '51779' '43285' '89364' '23448' '67850' '94067' '80338' '44529' '37886' };
offsets = [766 13369 957 6455 26755 1512 26112 14721 10622 16117 2637 16164 9758 20576 16172 3100 24253 7733 13599 14604 ];

