target=0.50;discardreversals=2;startvalue=0.00;steps=[4  2  1];selfservice=0;
%parameters=icra1,65
threshold = [-2.00 ];
values = [0.00 -6.00 4.00 1.00 0.50 0.00 -2.50 -4.00 -3.50 -3.00 -2.50 -2.00 -3.50 -1.00 -0.50 -1.00 -0.50 -3.00 -0.50 -3.00 ];
reversals = [0 1 -1 0 0 0 0 1 0 0 0 -1 1 0 -1 1 -1 1 -1 1 ];
measures = [0 0 0 0 0 0 0 1 1 1 1 1 1 1 1 1 1 1 1 1 ];
presentations = [1 2 3 4 5 6 7 8 9 10 11 12 13 14 15 16 17 18 19 20 ];
answers = [4 0 4 3 3 5 4 2 2 2 2 4 0 2 3 2 5 0 5 0 ];
adjustments = [-6 10 -3 -0.5 -0.5 -2.5 -1.5 0.5 0.5 0.5 0.5 -1.5 2.5 0.5 -0.5 0.5 -2.5 2.5 -2.5 2.5 ];
sentences = {'90790' '48835' '11755' '31601' '45923' '66553' '87470' '82487' '59026' '69009' '24318' '54841' '22336' '70287' '36514' '03262' '15149' '93692' '08168' '77974' };
offsets = [1133 29891 10622 9921 2916 21369 12042 23763 6316 20148 14265 1707 9727 21835 12926 13347 7393 18640 30154 6384 ];

