target=0.50;discardreversals=2;startvalue=0.00;steps=[4  2  1];selfservice=0;
%parameters=icra1,65,re
threshold = [-2.00 ];
values = [0.00 -6.00 4.00 -1.00 -0.50 -1.00 -3.50 -3.00 -1.50 -2.00 -0.50 -2.00 -3.50 -4.00 -1.50 -3.00 -0.50 -3.00 -2.50 -5.00 ];
reversals = [0 1 -1 1 -1 0 1 0 -1 1 -1 0 0 1 -1 1 -1 1 -1 1 ];
measures = [0 0 0 1 1 1 1 1 1 1 1 1 1 1 1 1 1 1 1 1 ];
presentations = [1 2 3 4 5 6 7 8 9 10 11 12 13 14 15 16 17 18 19 20 ];
answers = [4 0 5 2 3 5 2 1 3 1 4 4 3 0 4 0 5 2 5 0 ];
adjustments = [-6 10 -5 0.5 -0.5 -2.5 0.5 1.5 -0.5 1.5 -1.5 -1.5 -0.5 2.5 -1.5 2.5 -2.5 0.5 -2.5 2.5 ];
sentences = {'69009' '48835' '03262' '36514' '11755' '70287' '93692' '31601' '54841' '08168' '22336' '82487' '90790' '45923' '77974' '66553' '87470' '15149' '24318' '59026' };
offsets = [13825 10037 2251 28745 6220 14810 7836 18710 2157 4811 10197 1493 7583 16553 12303 26134 11016 10353 6032 26902 ];

