target=0.50;discardreversals=2;startvalue=0.00;steps=[4  2  1];selfservice=0;
%parameters=icra1,67
threshold = [-0.75 ];
values = [0.00 6.00 -4.00 1.00 1.50 -1.00 -0.50 0.00 -0.50 2.00 4.50 2.00 0.50 0.00 -0.50 -2.00 -1.50 -2.00 -0.50 -1.00 ];
reversals = [0 -1 1 0 -1 1 0 -1 1 0 -1 0 0 0 0 1 -1 1 -1 1 ];
measures = [0 0 0 0 1 1 1 1 1 1 1 1 1 1 1 1 1 1 1 1 ];
presentations = [1 2 3 4 5 6 7 8 9 10 11 12 13 14 15 16 17 18 19 20 ];
answers = [1 5 0 2 5 2 2 3 0 0 5 4 3 3 4 2 3 1 3 2 ];
adjustments = [6 -10 5 0.5 -2.5 0.5 0.5 -0.5 2.5 2.5 -2.5 -1.5 -0.5 -0.5 -1.5 0.5 -0.5 1.5 -0.5 0.5 ];
sentences = {'50976' '72141' '21080' '67850' '69444' '85813' '39994' '77705' '80338' '98162' '06251' '44697' '18502' '26626' '05413' '43285' '94067' '33528' '12339' '51779' };
offsets = [16827 8870 9411 11953 5781 20666 5625 14558 1481 10583 46781 21453 20992 4716 17232 3315 17397 898 1986 11968 ];

