target=0.75;minreversals=12;discardreversals=4;minmeasures=14;startvalue=75.00;steps=[8  4  4  2  1];feedback=0;
%parameters=0500,0.30,50
threshold = [55.50 ];
values = [83.00 75.00 67.00 59.00 91.00 91.00 87.00 83.00 83.00 83.00 79.00 75.00 71.00 67.00 67.00 67.00 67.00 63.00 59.00 55.00 67.00 65.00 65.00 65.00 64.00 63.00 62.00 62.00 62.00 61.00 61.00 60.00 59.00 59.00 58.00 57.00 56.00 56.00 55.00 55.00 55.00 54.00 53.00 56.00 56.00 55.00 58.00 58.00 58.00 58.00 58.00 57.00 57.00 56.00 55.00 55.00 55.00 58.00 57.00 57.00 56.00 55.00 58.00 57.00 57.00 57.00 56.00 ];
reversals = [0 0 0 1 0 -1 0 0 0 0 0 0 0 0 0 0 0 0 0 1 -1 0 0 0 0 0 0 0 0 0 0 0 0 0 0 0 0 0 0 0 0 0 1 0 -1 1 0 0 0 0 -1 0 0 0 0 0 1 -1 0 0 0 1 -1 0 0 0 0 ];
measures = [0 0 0 0 0 0 0 0 0 0 0 0 0 0 0 0 0 0 0 0 0 0 0 0 0 0 0 0 0 0 0 0 0 0 0 0 0 0 0 0 0 0 1 1 1 1 1 1 1 1 1 1 1 1 1 1 1 1 1 1 1 1 1 1 1 1 1 ];
presentations = [1 1 1 0 0 1 1 0 0 1 1 1 1 0 0 0 1 1 1 1 1 0 0 1 1 1 0 0 1 0 1 1 0 1 1 1 0 1 0 0 1 1 1 0 1 1 0 0 0 0 1 0 1 1 0 0 1 1 0 1 1 1 1 0 0 1 1 ];
answers = [1 1 1 1 0 1 1 0 0 1 1 1 1 0 0 0 1 1 1 0 1 0 0 1 1 1 0 0 1 0 1 1 0 1 1 1 0 1 0 0 1 1 0 0 1 0 0 0 0 0 1 0 1 1 0 0 0 1 0 1 1 0 1 0 0 1 1 ];
adjustments = [-8 -8 -8 32 0 -4 -4 0 0 -4 -4 -4 -4 0 0 0 -4 -4 -4 12 -2 0 0 -1 -1 -1 0 0 -1 0 -1 -1 0 -1 -1 -1 0 -1 0 0 -1 -1 3 0 -1 3 0 0 0 0 -1 0 -1 -1 0 0 3 -1 0 -1 -1 3 -1 0 0 -1 -1 ];

