target=0.50;discardreversals=2;startvalue=0.00;steps=[4  2  1];selfservice=0;
%parameters=babble,65
threshold = [-0.50 ];
values = [0.00 -2.00 8.00 3.00 1.50 0.00 0.50 3.00 0.50 -2.00 -2.50 -1.00 -1.50 1.00 -0.50 1.00 3.50 1.00 -1.50 -3.00 ];
reversals = [0 1 -1 0 0 1 0 -1 0 0 1 -1 1 -1 1 0 -1 0 0 1 ];
measures = [0 0 0 0 0 1 1 1 1 1 1 1 1 1 1 1 1 1 1 1 ];
presentations = [1 2 3 4 5 6 7 8 9 10 11 12 13 14 15 16 17 18 19 20 ];
answers = [3 0 5 4 4 2 0 5 5 3 1 3 0 4 1 0 5 5 4 0 ];
adjustments = [-2 10 -5 -1.5 -1.5 0.5 2.5 -2.5 -2.5 -0.5 1.5 -0.5 2.5 -1.5 1.5 2.5 -2.5 -2.5 -1.5 2.5 ];
sentences = {'07970' '29744' '48832' '14040' '66127' '78835' '34226' '46393' '70565' '82009' '52988' '63558' '95162' '35209' '51417' '91451' '87713' '29394' '10681' '03676' };
offsets = [37790 15637 116 10355 26363 8217 30039 2024 11226 22636 21396 20473 14588 6829 6333 24550 174 21743 11596 18019 ];

