target=0.50;discardreversals=2;startvalue=0.00;steps=[4  2  1];selfservice=0;
%parameters=quiet,65
threshold = [-18.00 ];
values = [0.00 -10.00 -20.00 -10.00 -13.00 -14.50 -17.00 -18.50 -17.00 -14.50 -17.00 -18.50 -18.00 -17.50 -20.00 -20.50 -18.00 -15.50 -15.00 -14.50 ];
reversals = [0 0 1 -1 0 0 0 1 0 -1 0 1 0 -1 0 1 0 0 0 -1 ];
measures = [0 0 0 0 0 0 0 1 1 1 1 1 1 1 1 1 1 1 1 1 ];
presentations = [1 2 3 4 5 6 7 8 9 10 11 12 13 14 15 16 17 18 19 20 ];
answers = [5 5 0 4 4 5 4 1 0 5 4 2 2 5 3 0 0 2 2 5 ];
adjustments = [-10 -10 10 -3 -1.5 -2.5 -1.5 1.5 2.5 -2.5 -1.5 0.5 0.5 -2.5 -0.5 2.5 2.5 0.5 0.5 -2.5 ];
sentences = {'00456' '03676' '48832' '33980' '61793' '52988' '95569' '70565' '76802' '18314' '29394' '89135' '35209' '24621' '52277' '14040' '91451' '47048' '66127' '87713' };
offsets = [3573 95394 84627 20850 63711 63130 16780 80276 21662 8750 35642 23064 69144 30609 23113 37537 33205 75628 86454 50898 ];

