target=0.50;discardreversals=2;startvalue=0.00;steps=[4  2  1];selfservice=0;
%parameters=icra5.250,65,re
threshold = [-1.25 ];
values = [0.00 -10.00 0.00 -3.00 -2.50 -1.00 -2.50 -3.00 -0.50 -1.00 -0.50 -1.00 -1.50 1.00 -1.50 -4.00 -4.50 -4.00 -3.50 -3.00 ];
reversals = [0 1 -1 1 0 -1 0 1 -1 1 -1 0 1 -1 0 0 1 0 0 -1 ];
measures = [0 0 0 1 1 1 1 1 1 1 1 1 1 1 1 1 1 1 1 1 ];
presentations = [1 2 3 4 5 6 7 8 9 10 11 12 13 14 15 16 17 18 19 20 ];
answers = [5 0 4 2 1 4 3 0 3 2 3 3 0 5 5 3 2 2 2 3 ];
adjustments = [-10 10 -3 0.5 1.5 -1.5 -0.5 2.5 -0.5 0.5 -0.5 -0.5 2.5 -2.5 -2.5 -0.5 0.5 0.5 0.5 -0.5 ];
sentences = {'76802' '87713' '18314' '00456' '95569' '47048' '52277' '91451' '14040' '24621' '29394' '70565' '35209' '66127' '03676' '48832' '89135' '33980' '61793' '52988' };
offsets = [3529742 1348110 3484444 1693085 902963 1934036 1752662 3914652 2936766 2034657 2893657 810220 1933208 3721639 4283697 1273536 816385 2378697 2731936 4754845 ];

