target=0.50;discardreversals=2;startvalue=0.00;steps=[4  2  1];selfservice=0;
%parameters=icra5.250,65,train
threshold = [-1.00 ];
values = [0.00 -10.00 0.00 3.00 0.00 0.50 -1.00 -1.50 -2.00 -2.50 0.00 -2.50 -3.00 -2.50 -1.00 -2.50 0.00 -2.50 0.00 -2.50 ];
reversals = [0 1 0 -1 1 -1 0 0 0 1 -1 0 1 0 -1 1 -1 1 -1 1 ];
measures = [0 0 0 0 1 1 1 1 1 1 1 1 1 1 1 1 1 1 1 1 ];
presentations = [1 2 3 4 5 6 7 8 9 10 11 12 13 14 15 16 17 18 19 20 ];
answers = [5 0 1 4 2 4 3 3 3 0 5 3 2 1 4 0 5 0 5 2 ];
adjustments = [-10 10 3 -3 0.5 -1.5 -0.5 -0.5 -0.5 2.5 -2.5 -0.5 0.5 1.5 -1.5 2.5 -2.5 2.5 -2.5 0.5 ];
sentences = {'37886' '65555' '51437' '70762' '44529' '23448' '68271' '23081' '18348' '34994' '47173' '89364' '90013' '51195' '15952' '76600' '02737' '92629' '86800' '09216' };
offsets = [171590 3644699 4048686 1155531 1286320 3431525 4587998 2791290 2305355 4269678 533005 2050486 1943600 3172881 618712 790050 473761 1084673 2333316 4517019 ];

