target=0.75;minreversals=12;discardreversals=4;minmeasures=14;startvalue=60.00;steps=[8  8  4  2];feedback=0;
%parameters=6000
threshold = [67.00 ];
threshold_dB_HL = [63.08 ];
threshold_dB_SPL = [67.00 ];
values = [68.00 60.00 84.00 76.00 72.00 72.00 72.00 72.00 72.00 68.00 68.00 68.00 64.00 76.00 76.00 74.00 72.00 72.00 70.00 70.00 70.00 68.00 68.00 68.00 68.00 68.00 66.00 66.00 66.00 64.00 64.00 64.00 64.00 64.00 62.00 68.00 66.00 66.00 66.00 64.00 64.00 64.00 64.00 64.00 64.00 64.00 62.00 68.00 68.00 66.00 64.00 64.00 70.00 68.00 66.00 66.00 66.00 66.00 66.00 72.00 70.00 70.00 68.00 ];
reversals = [0 1 -1 0 0 0 0 0 0 0 0 0 1 0 -1 0 0 0 0 0 0 0 0 0 0 0 0 0 0 0 0 0 0 0 1 -1 0 0 0 0 0 0 0 0 0 0 1 0 -1 0 0 1 -1 0 0 0 0 0 1 -1 0 0 0 ];
measures = [0 0 0 0 0 0 0 0 0 0 0 0 0 0 0 0 0 0 0 0 0 0 0 0 0 0 0 0 0 0 0 0 0 0 1 1 1 1 1 1 1 1 1 1 1 1 1 1 1 1 1 1 1 1 1 1 1 1 1 1 1 1 1 ];
presentations = [1 1 1 1 0 0 0 0 1 0 0 1 1 0 1 1 0 1 0 0 1 0 0 0 0 1 0 0 1 0 0 0 0 1 1 1 0 0 1 0 0 0 0 0 0 1 1 0 1 1 0 1 1 1 0 0 0 0 1 1 0 1 1 ];
answers = [1 0 1 1 0 0 0 0 1 0 0 1 0 0 1 1 0 1 0 0 1 0 0 0 0 1 0 0 1 0 0 0 0 1 0 1 0 0 1 0 0 0 0 0 0 1 0 0 1 1 0 0 1 1 0 0 0 0 0 1 0 1 1 ];
adjustments = [-8 24 -8 -4 0 0 0 0 -4 0 0 -4 12 0 -2 -2 0 -2 0 0 -2 0 0 0 0 -2 0 0 -2 0 0 0 0 -2 6 -2 0 0 -2 0 0 0 0 0 0 -2 6 0 -2 -2 0 6 -2 -2 0 0 0 0 6 -2 0 -2 -2 ];

