target=0.50;discardreversals=2;startvalue=0.00;steps=[4  2  1];selfservice=0;
%parameters=icra1,65,train
threshold = [-1.00 ];
values = [0.00 10.00 0.00 1.00 2.50 3.00 0.50 -2.00 0.50 -2.00 0.50 -1.00 -1.50 0.00 0.50 0.00 -1.50 -1.00 -1.50 0.00 ];
reversals = [0 -1 1 0 0 -1 0 1 -1 1 -1 0 1 0 -1 0 1 -1 1 -1 ];
measures = [0 0 0 0 0 1 1 1 1 1 1 1 1 1 1 1 1 1 1 1 ];
presentations = [1 2 3 4 5 6 7 8 9 10 11 12 13 14 15 16 17 18 19 20 ];
answers = [0 5 2 1 2 5 5 0 5 0 4 3 1 2 3 4 2 3 1 4 ];
adjustments = [10 -10 1 1.5 0.5 -2.5 -2.5 2.5 -2.5 2.5 -1.5 -0.5 1.5 0.5 -0.5 -1.5 0.5 -0.5 1.5 -1.5 ];
sentences = {'50976' '12339' '06251' '33528' '85813' '52988' '35209' '91451' '87713' '98162' '77705' '21080' '44697' '29394' '48832' '66127' '03676' '69444' '70565' '14040' };
offsets = [6823 8183 3995 32406 17130 14150 16770 38676 4473 2404 385 11568 11394 18429 12932 11772 25964 6390 20059 1314 ];

