target=0.75;minreversals=12;discardreversals=4;minmeasures=14;startvalue=70.00;steps=[8  8  4  2];feedback=0;
%parameters=0250
threshold = [46.00 ];
threshold_dB_HL = [35.90 ];
threshold_dB_SPL = [46.00 ];
values = [70.00 62.00 54.00 46.00 46.00 46.00 46.00 46.00 46.00 70.00 62.00 78.00 78.00 76.00 74.00 72.00 70.00 68.00 68.00 66.00 66.00 66.00 64.00 62.00 62.00 60.00 58.00 56.00 56.00 56.00 54.00 52.00 50.00 50.00 50.00 48.00 48.00 46.00 46.00 46.00 46.00 46.00 46.00 46.00 46.00 46.00 46.00 46.00 46.00 46.00 46.00 44.00 42.00 40.00 40.00 40.00 40.00 46.00 44.00 42.00 42.00 42.00 48.00 46.00 54.00 54.00 52.00 50.00 50.00 48.00 48.00 48.00 48.00 48.00 48.00 46.00 44.00 42.00 42.00 48.00 48.00 48.00 48.00 48.00 48.00 48.00 48.00 48.00 48.00 46.00 46.00 46.00 46.00 46.00 46.00 ];
reversals = [0 0 0 0 0 0 0 0 1 -1 1 0 -1 0 0 0 0 0 0 0 0 0 0 0 0 0 0 0 0 0 0 0 0 0 0 0 0 0 0 0 0 0 0 0 0 0 0 0 0 0 0 0 0 0 0 0 1 -1 0 0 0 1 -1 1 0 -1 0 0 0 0 0 0 0 0 0 0 0 0 1 0 0 0 0 0 0 0 0 0 -1 0 0 0 0 0 1 ];
measures = [0 0 0 0 0 0 0 0 0 0 0 0 0 0 0 0 0 0 0 0 0 0 0 0 0 0 0 0 0 0 0 0 0 0 0 0 0 0 0 0 0 0 0 0 0 0 0 0 0 0 0 0 0 0 0 0 1 1 1 1 1 1 1 1 1 1 1 1 1 1 1 1 1 1 1 1 1 1 1 1 1 1 1 1 1 1 1 1 1 1 1 1 1 1 1 ];
presentations = [1 1 1 0 0 0 0 0 1 1 0 0 1 1 1 1 1 0 1 0 0 1 1 0 1 1 1 0 0 1 1 1 0 0 1 0 1 0 0 0 0 0 0 0 0 0 0 0 0 0 1 1 1 0 0 0 1 1 1 0 0 1 1 0 0 1 1 0 1 0 0 0 0 0 1 1 1 0 1 0 0 0 0 0 0 0 0 0 1 0 0 0 0 0 1 ];
answers = [1 1 1 0 0 0 0 0 0 1 1 0 1 1 1 1 1 0 1 0 0 1 1 0 1 1 1 0 0 1 1 1 0 0 1 0 1 0 0 0 0 0 0 0 0 0 0 0 0 0 1 1 1 0 0 0 0 1 1 0 0 0 1 1 0 1 1 0 1 0 0 0 0 0 1 1 1 0 0 0 0 0 0 0 0 0 0 0 1 0 0 0 0 0 0 ];
adjustments = [-8 -8 -8 0 0 0 0 0 24 -8 16 0 -2 -2 -2 -2 -2 0 -2 0 0 -2 -2 0 -2 -2 -2 0 0 -2 -2 -2 0 0 -2 0 -2 0 0 0 0 0 0 0 0 0 0 0 0 0 -2 -2 -2 0 0 0 6 -2 -2 0 0 6 -2 8 0 -2 -2 0 -2 0 0 0 0 0 -2 -2 -2 0 6 0 0 0 0 0 0 0 0 0 -2 0 0 0 0 0 6 ];

