target=0.50;discardreversals=2;startvalue=0.00;steps=[4  2  1];selfservice=0;
%parameters=icra5.250,65
threshold = [-4.00 ];
values = [0.00 -10.00 0.00 1.00 -4.00 -3.50 -4.00 -3.50 -2.00 0.50 1.00 -1.50 -4.00 -1.50 -1.00 0.50 -1.00 -2.50 -5.00 -5.50 ];
reversals = [0 1 0 -1 1 -1 1 0 0 0 -1 0 1 0 0 -1 0 0 0 1 ];
measures = [0 0 0 0 1 1 1 1 1 1 1 1 1 1 1 1 1 1 1 1 ];
presentations = [1 2 3 4 5 6 7 8 9 10 11 12 13 14 15 16 17 18 19 20 ];
answers = [5 0 2 5 2 3 2 1 0 2 5 5 0 2 1 4 4 5 3 0 ];
adjustments = [-10 10 1 -5 0.5 -0.5 0.5 1.5 2.5 0.5 -2.5 -2.5 2.5 0.5 1.5 -1.5 -1.5 -2.5 -0.5 2.5 ];
sentences = {'16140' '11755' '22586' '54841' '08168' '36514' '70287' '74972' '41634' '30757' '87470' '68819' '93692' '45923' '22336' '69009' '99308' '87263' '55025' '03491' };
offsets = [4076143 650939 4551162 1417646 2340434 859264 2859462 811208 4704179 4186223 1057642 4573514 3459906 1967830 3598654 1625099 3794980 4684522 1182850 2698582 ];

