target=0.50;discardreversals=2;startvalue=0.00;steps=[4  2  1];selfservice=0;
threshold = [-4.25 ];
values = [0.00 -10.00 0.00 -3.00 -4.50 -7.00 -4.50 -4.00 -4.50 -6.00 -3.50 -1.00 -3.50 -6.00 -3.50 -3.00 -4.50 -3.00 -1.50 -4.00 ];
reversals = [0 1 -1 0 0 1 0 -1 0 1 0 -1 0 1 0 -1 1 0 -1 0 ];
measures = [0 0 0 0 0 1 1 1 1 1 1 1 1 1 1 1 1 1 1 1 ];
presentations = [1 2 3 4 5 6 7 8 9 10 11 12 13 14 15 16 17 18 19 20 ];
answers = [5 0 4 4 5 0 2 3 4 0 0 5 5 0 2 4 1 1 5 4 ];
adjustments = [-10 10 -3 -1.5 -2.5 2.5 0.5 -0.5 -1.5 2.5 2.5 -2.5 -2.5 2.5 0.5 -1.5 1.5 1.5 -2.5 -1.5 ];
sentences = {'43285' '70287' '18502' '67850' '26626' '72141' '36514' '54841' '93692' '80338' '39994' '51779' '11755' '87470' '45923' '94067' '69009' '22336' '05413' '08168' };
offsets = [8514 12949 24244 9413 23289 11993 16977 5297 22901 11056 1598 17446 14171 12132 7166 8120 17484 4042 24357 990 ];

