target=0.75;minreversals=14;discardreversals=4;minmeasures=25;startvalue=70.00;steps=[4  4  2  1];feedback=0;
threshold = [110.00 ];
values = [78.00 90.00 86.00 82.00 82.00 98.00 96.00 95.00 94.00 93.00 92.00 91.00 91.00 95.00 99.00 98.00 97.00 96.00 95.00 94.00 93.00 93.00 93.00 92.00 92.00 96.00 100.00 99.00 103.00 107.00 111.00 110.00 109.00 113.00 116.00 119.00 118.00 118.00 118.00 117.00 120.00 120.00 120.00 120.00 119.00 118.00 117.00 116.00 116.00 115.00 115.00 114.00 114.00 113.00 113.00 112.00 111.00 111.00 111.00 111.00 ];
reversals = [0 -1 0 0 1 -1 0 0 0 0 0 0 1 0 -1 0 0 0 0 0 0 0 0 0 1 0 -1 1 0 0 -1 0 1 0 0 -1 0 0 0 1 0 0 0 -1 0 0 0 0 0 0 0 0 0 0 0 0 0 0 0 1 ];
measures = [0 0 0 0 0 0 0 0 0 0 0 0 0 0 1 1 1 1 1 1 1 1 1 1 1 1 1 1 1 1 1 1 1 1 1 1 1 1 1 1 1 1 1 1 1 1 1 1 1 1 1 1 1 1 1 1 1 1 1 1 ];
presentations = [1 1 1 0 0 1 1 1 1 1 1 0 0 0 1 1 1 1 1 1 0 0 1 0 0 0 1 0 0 0 1 1 0 1 1 1 0 0 1 1 0 0 0 1 1 1 1 0 1 0 1 0 1 0 1 1 0 0 0 1 ];
answers = [0 1 1 0 1 1 1 1 1 1 1 0 1 1 1 1 1 1 1 1 0 0 1 0 1 1 1 1 1 1 1 1 1 0 0 1 0 0 1 0 0 0 0 1 1 1 1 0 1 0 1 0 1 0 1 1 0 0 0 0 ];
adjustments = [12 -4 -4 0 16 -2 -1 -1 -1 -1 -1 0 4 4 -1 -1 -1 -1 -1 -1 0 0 -1 0 4 4 -1 4 4 4 -1 -1 4 3 3 -1 0 0 -1 3 0 0 0 -1 -1 -1 -1 0 -1 0 -1 0 -1 0 -1 -1 0 0 0 3 ];

