target=0.50;discardreversals=2;startvalue=0.00;steps=[4  2  1];selfservice=0;
threshold = [-11.50 ];
values = [0.00 -10.00 -20.00 -10.00 -7.00 -10.00 -10.50 -11.00 -11.50 -11.00 -9.50 -11.00 -12.50 -11.00 -11.50 -11.00 -12.50 -13.00 -12.50 -12.00 ];
reversals = [0 0 1 0 -1 0 0 0 1 0 -1 0 1 -1 1 -1 0 1 0 0 ];
measures = [0 0 0 0 0 0 0 0 1 1 1 1 1 1 1 1 1 1 1 1 ];
presentations = [1 2 3 4 5 6 7 8 9 10 11 12 13 14 15 16 17 18 19 20 ];
answers = [5 5 0 1 4 3 3 3 2 1 4 4 1 3 2 4 3 2 2 1 ];
adjustments = [-10 -10 10 3 -3 -0.5 -0.5 -0.5 0.5 1.5 -1.5 -1.5 1.5 -0.5 0.5 -1.5 -0.5 0.5 0.5 1.5 ];
sentences = {'47173' '23081' '34994' '92629' '09216' '65555' '36514' '22336' '08168' '70762' '54841' '70287' '11755' '93692' '86800' '51437' '45923' '18348' '87470' '69009' };
offsets = [1823660 2096209 2770825 4131668 3712292 521661 4689952 4069474 3809041 255945 4399301 3997696 3871969 3860252 3417562 4317170 2530520 4496520 2276027 1338302 ];

