target=0.50;discardreversals=2;startvalue=0.00;steps=[4  2  1];selfservice=0;
threshold = [-7.50 ];
values = [0.00 -6.00 -8.00 -2.00 -7.00 -7.50 -7.00 -9.50 -8.00 -7.50 -6.00 -7.50 -7.00 -9.50 -11.00 -11.50 -12.00 -10.50 -11.00 -11.50 ];
reversals = [0 0 1 -1 0 1 -1 1 0 0 -1 1 -1 0 0 0 1 -1 0 1 ];
measures = [0 0 0 0 0 1 1 1 1 1 1 1 1 1 1 1 1 1 1 1 ];
presentations = [1 2 3 4 5 6 7 8 9 10 11 12 13 14 15 16 17 18 19 20 ];
answers = [4 3 1 5 3 2 5 1 2 1 4 2 5 4 3 3 1 3 3 2 ];
adjustments = [-6 -2 6 -5 -0.5 0.5 -2.5 1.5 0.5 1.5 -1.5 0.5 -2.5 -1.5 -0.5 -0.5 1.5 -0.5 -0.5 0.5 ];
sentences = {'34226' '07970' '31601' '82009' '77974' '63558' '46393' '51417' '15149' '78835' '24318' '29744' '95162' '66553' '82487' '59026' '90790' '10681' '03262' '48835' };
offsets = [3530067 1107439 179029 2973420 117633 3610694 2416464 3595430 2838221 1850518 3933292 3146227 638245 1653802 3918983 1289837 4191479 3315888 1547217 4598818 ];

