target=0.50;discardreversals=2;startvalue=0.00;steps=[4  2  1];selfservice=0;
threshold = [-5.00 ];
values = [0.00 -10.00 0.00 -5.00 -7.50 -6.00 -5.50 -3.00 -3.50 -5.00 -4.50 -7.00 -4.50 -5.00 -3.50 -6.00 -3.50 -6.00 -5.50 -5.00 ];
reversals = [0 1 -1 0 1 0 0 -1 0 1 -1 1 -1 1 -1 1 -1 1 0 0 ];
measures = [0 0 0 0 1 1 1 1 1 1 1 1 1 1 1 1 1 1 1 1 ];
presentations = [1 2 3 4 5 6 7 8 9 10 11 12 13 14 15 16 17 18 19 20 ];
answers = [5 0 5 5 1 2 0 3 4 2 5 0 3 1 5 0 5 2 2 2 ];
adjustments = [-10 10 -5 -2.5 1.5 0.5 2.5 -0.5 -1.5 0.5 -2.5 2.5 -0.5 1.5 -2.5 2.5 -2.5 0.5 0.5 0.5 ];
sentences = {'95569' '52277' '68819' '55025' '00456' '99308' '33980' '87263' '74972' '76802' '24621' '89135' '03491' '16140' '47048' '30757' '22586' '41634' '61793' '18314' };
offsets = [18568 13995 36177 343 11757 29784 26163 2056 7566 21655 18671 951 27301 17824 26140 2616 24853 33551 19482 3050 ];

