target=0.50;discardreversals=2;startvalue=0.00;steps=[4  2  1];selfservice=0;
threshold = [-2.00 ];
values = [0.00 10.00 4.00 -1.00 0.00 -0.50 -1.00 -1.50 -3.00 -2.50 0.00 -0.50 -2.00 -1.50 -2.00 -1.50 -1.00 -2.50 -5.00 -2.50 ];
reversals = [0 -1 0 1 -1 0 0 0 1 0 -1 0 1 -1 1 0 -1 0 1 -1 ];
measures = [0 0 0 0 1 1 1 1 1 1 1 1 1 1 1 1 1 1 1 1 ];
presentations = [1 2 3 4 5 6 7 8 9 10 11 12 13 14 15 16 17 18 19 20 ];
answers = [0 4 5 2 3 3 3 4 2 0 3 4 2 3 2 2 4 5 0 3 ];
adjustments = [10 -6 -5 1 -0.5 -0.5 -0.5 -1.5 0.5 2.5 -0.5 -1.5 0.5 -0.5 0.5 0.5 -1.5 -2.5 2.5 -0.5 ];
sentences = {'33980' '70762' '52277' '95569' '34994' '86800' '76802' '24621' '47048' '89135' '09216' '23081' '18348' '18314' '00456' '61793' '92629' '47173' '65555' '51437' };
offsets = [25735 392 7126 974 15100 4261 23150 20189 15891 14366 24791 10554 20998 8670 33011 1272 20672 20971 7681 9111 ];

