target=0.50;discardreversals=2;startvalue=0.00;steps=[4  2  1];selfservice=0;
threshold = [-35.00 ];
values = [5.00 -5.00 -15.00 -25.00 -23.00 -28.00 -29.50 -29.00 -31.50 -34.00 -35.50 -36.00 -34.50 -35.00 -33.50 -36.00 -37.50 -35.00 -37.50 -35.00 ];
reversals = [0 0 0 1 -1 0 1 -1 0 0 0 1 -1 1 -1 0 1 -1 1 -1 ];
measures = [0 0 0 0 0 0 1 1 1 1 1 1 1 1 1 1 1 1 1 1 ];
presentations = [1 2 3 4 5 6 7 8 9 10 11 12 13 14 15 16 17 18 19 20 ];
answers = [5 5 5 2 5 4 2 5 5 4 3 1 3 1 5 4 0 5 0 4 ];
adjustments = [-10 -10 -10 2 -5 -1.5 0.5 -2.5 -2.5 -1.5 -0.5 1.5 -0.5 1.5 -2.5 -1.5 2.5 -2.5 2.5 -1.5 ];
sentences = {'48835' '82487' '15149' '31601' '59026' '90790' '91451' '77974' '29394' '24318' '52988' '14040' '48832' '03262' '66127' '35209' '70565' '66553' '87713' '03676' };
offsets = [2069 51182 16425 97832 88617 38046 15165 63226 77572 39951 9118 40886 86109 3151 82614 58659 73670 85970 25921 62128 ];

