target=0.50;discardreversals=2;startvalue=0.00;steps=[4  2  1];selfservice=0;
threshold = [-3.50 ];
values = [5.00 15.00 5.00 0.00 -1.00 0.00 1.50 3.00 5.50 4.00 3.50 3.00 1.50 -1.00 -2.50 -5.00 -2.50 -2.00 -3.50 -6.00 ];
reversals = [0 -1 0 0 1 0 0 0 -1 0 0 0 0 0 0 1 0 -1 0 1 ];
measures = [0 0 0 0 0 0 0 0 1 1 1 1 1 1 1 1 1 1 1 1 ];
presentations = [1 2 3 4 5 6 7 8 9 10 11 12 13 14 15 16 17 18 19 20 ];
answers = [0 5 5 3 2 1 1 0 4 3 3 4 5 4 5 0 2 4 5 0 ];
adjustments = [10 -10 -5 -1 1 1.5 1.5 2.5 -1.5 -0.5 -0.5 -1.5 -2.5 -1.5 -2.5 2.5 0.5 -1.5 -2.5 2.5 ];
sentences = {'95569' '63558' '52277' '24621' '29744' '78835' '76802' '89135' '61793' '34226' '18314' '33980' '95162' '07970' '10681' '47048' '46393' '82009' '00456' '51417' };
offsets = [40015 46318 12168 15554 13993 89560 74162 52812 28355 51512 22076 37273 50641 62096 9284 24930 67452 65795 6897 73240 ];

