target=0.50;discardreversals=2;startvalue=0.00;steps=[4  2  1];selfservice=0;
threshold = [-1.50 ];
values = [0.00 10.00 0.00 -3.00 -2.00 -0.50 2.00 1.50 -1.00 0.50 -2.00 0.50 -2.00 -4.50 -3.00 -2.50 -2.00 -2.50 -3.00 -1.50 ];
reversals = [0 -1 0 1 0 0 -1 0 1 -1 1 -1 0 1 0 0 -1 0 1 -1 ];
measures = [0 0 0 0 0 0 1 1 1 1 1 1 1 1 1 1 1 1 1 1 ];
presentations = [1 2 3 4 5 6 7 8 9 10 11 12 13 14 15 16 17 18 19 20 ];
answers = [0 5 4 2 1 0 3 5 1 5 0 5 5 1 2 2 3 3 1 4 ];
adjustments = [10 -10 -3 1 1.5 2.5 -0.5 -2.5 1.5 -2.5 2.5 -2.5 -2.5 1.5 0.5 0.5 -0.5 -0.5 1.5 -1.5 ];
sentences = {'44697' '98162' '12339' '59026' '48835' '69444' '77705' '21080' '31601' '82487' '33528' '85813' '90790' '03262' '06251' '77974' '66553' '15149' '50976' '24318' };
offsets = [4946 1480 12999 21601 20878 5839 140 16720 10235 10323 24852 13085 4294 9353 22262 11679 23980 7354 21984 18427 ];

