target=0.50;discardreversals=2;startvalue=0.00;steps=[4  2  1];selfservice=0;
threshold = [0.75 ];
values = [0.00 6.00 0.00 5.00 2.50 3.00 2.50 0.00 0.50 -2.00 -3.50 -1.00 -1.50 0.00 -0.50 1.00 2.50 2.00 2.50 1.00 ];
reversals = [0 -1 1 -1 1 -1 0 1 -1 0 1 -1 1 -1 1 0 -1 1 -1 1 ];
measures = [0 0 0 1 1 1 1 1 1 1 1 1 1 1 1 1 1 1 1 1 ];
presentations = [1 2 3 4 5 6 7 8 9 10 11 12 13 14 15 16 17 18 19 20 ];
answers = [1 4 0 5 2 3 5 2 5 4 0 3 1 3 1 1 3 2 4 0 ];
adjustments = [6 -6 5 -2.5 0.5 -0.5 -2.5 0.5 -2.5 -1.5 2.5 -0.5 1.5 -0.5 1.5 1.5 -0.5 0.5 -1.5 2.5 ];
sentences = {'18314' '89364' '76600' '90013' '47048' '51195' '95569' '37886' '52277' '00456' '15952' '89135' '23448' '68271' '02737' '76802' '61793' '44529' '24621' '33980' };
offsets = [3973821 4102386 3657447 3794318 1725497 2016162 2705337 662343 3411981 2753167 4751112 855498 2837603 2130891 1963364 3741853 4659504 2766473 2351076 4125967 ];

