target=0.50;discardreversals=2;startvalue=0.00;steps=[4  2  1];selfservice=0;
threshold = [3.00 ];
values = [0.00 10.00 12.00 2.00 3.00 1.50 1.00 0.50 3.00 5.50 5.00 2.50 1.00 3.50 3.00 2.50 4.00 6.50 5.00 2.50 ];
reversals = [0 0 -1 1 -1 0 0 1 0 -1 0 0 1 -1 0 1 0 -1 0 0 ];
measures = [0 0 0 0 1 1 1 1 1 1 1 1 1 1 1 1 1 1 1 1 ];
presentations = [1 2 3 4 5 6 7 8 9 10 11 12 13 14 15 16 17 18 19 20 ];
answers = [0 2 5 2 4 3 3 0 0 3 5 4 0 3 3 1 0 4 5 3 ];
adjustments = [10 2 -10 1 -1.5 -0.5 -0.5 2.5 2.5 -0.5 -2.5 -1.5 2.5 -0.5 -0.5 1.5 2.5 -1.5 -2.5 -0.5 ];
sentences = {'00456' '51417' '63558' '89135' '95162' '52277' '07970' '78835' '33980' '47048' '95569' '46393' '76802' '24621' '29744' '18314' '34226' '61793' '10681' '82009' };
offsets = [16237 10431 28174 30180 5013 16060 19268 14773 3009 10045 4522 44964 18899 8771 8631 8089 8008 6067 5781 5536 ];

