target=0.50;discardreversals=2;startvalue=0.00;steps=[4  2  1];selfservice=0;
threshold = [2.25 ];
values = [0.00 10.00 0.00 5.00 7.50 5.00 4.50 2.00 -0.50 2.00 2.50 4.00 4.50 4.00 1.50 1.00 3.50 2.00 -0.50 2.00 ];
reversals = [0 -1 1 0 -1 0 0 0 1 0 0 0 -1 0 0 1 -1 0 1 0 ];
measures = [0 0 0 0 1 1 1 1 1 1 1 1 1 1 1 1 1 1 1 1 ];
presentations = [1 2 3 4 5 6 7 8 9 10 11 12 13 14 15 16 17 18 19 20 ];
answers = [0 5 0 0 5 3 5 5 0 2 1 2 3 5 3 0 4 5 0 0 ];
adjustments = [10 -10 5 2.5 -2.5 -0.5 -2.5 -2.5 2.5 0.5 1.5 0.5 -0.5 -2.5 -0.5 2.5 -1.5 -2.5 2.5 2.5 ];
sentences = {'33980' '37886' '15952' '89364' '68271' '89135' '02737' '52277' '47048' '18314' '44529' '76802' '51195' '00456' '95569' '23448' '61793' '24621' '90013' '76600' };
offsets = [13400 6441 4081 10041 6053 22166 9891 6226 30447 8316 44084 37222 3933 15489 19275 10219 10342 20639 17858 5727 ];

