target=0.50;discardreversals=2;startvalue=0.00;steps=[4  2  1];selfservice=0;
threshold = [3.00 ];
values = [0.00 10.00 0.00 3.00 4.50 4.00 3.50 4.00 4.50 3.00 3.50 1.00 2.50 2.00 2.50 1.00 3.50 3.00 5.50 3.00 ];
reversals = [0 -1 1 0 -1 0 1 0 -1 1 -1 1 -1 1 -1 1 -1 1 -1 0 ];
measures = [0 0 0 0 1 1 1 1 1 1 1 1 1 1 1 1 1 1 1 1 ];
presentations = [1 2 3 4 5 6 7 8 9 10 11 12 13 14 15 16 17 18 19 20 ];
answers = [0 5 1 1 3 3 2 2 4 2 5 1 3 2 4 0 3 0 5 4 ];
adjustments = [10 -10 3 1.5 -0.5 -0.5 0.5 0.5 -1.5 0.5 -2.5 1.5 -0.5 0.5 -1.5 2.5 -0.5 2.5 -2.5 -1.5 ];
sentences = {'80338' '24621' '51779' '43285' '39994' '72141' '76802' '18502' '33980' '67850' '52277' '00456' '89135' '94067' '95569' '05413' '18314' '47048' '26626' '61793' };
offsets = [20770 20402 7599 25348 4581 5915 19566 18184 25301 4606 10955 21623 12065 15906 3886 25571 28531 26898 3956 3562 ];

