target=0.50;discardreversals=2;startvalue=0.00;steps=[4  2  1];selfservice=0;
threshold = [4.00 ];
values = [0.00 10.00 12.00 2.00 3.00 5.50 6.00 4.50 6.00 5.50 4.00 3.50 1.00 3.50 6.00 3.50 1.00 3.50 2.00 -0.50 ];
reversals = [0 0 -1 1 0 0 -1 1 -1 0 0 0 1 0 -1 0 1 -1 0 1 ];
measures = [0 0 0 0 0 0 1 1 1 1 1 1 1 1 1 1 1 1 1 1 ];
presentations = [1 2 3 4 5 6 7 8 9 10 11 12 13 14 15 16 17 18 19 20 ];
answers = [0 2 5 2 0 2 4 1 3 4 3 5 0 0 5 5 0 4 5 0 ];
adjustments = [10 2 -10 1 2.5 0.5 -1.5 1.5 -0.5 -1.5 -0.5 -2.5 2.5 2.5 -2.5 -2.5 2.5 -1.5 -2.5 2.5 ];
sentences = {'69444' '29744' '12339' '77705' '06251' '82009' '98162' '51417' '50976' '10681' '85813' '63558' '44697' '78835' '46393' '95162' '33528' '21080' '07970' '34226' };
offsets = [638183 3882337 4742083 3001048 2729222 2637064 756787 3644292 287862 3151098 2775827 2152998 3795919 2076509 1096045 722367 455042 4045246 3221648 1699787 ];

