target=0.50;discardreversals=2;startvalue=0.00;steps=[4  2  1];selfservice=0;
threshold = [0.00 ];
values = [5.00 15.00 5.00 2.00 -1.00 2.00 0.50 2.00 1.50 -1.00 1.50 -1.00 0.50 3.00 2.50 0.00 -2.50 0.00 -2.50 0.00 ];
reversals = [0 -1 0 0 1 -1 1 -1 0 1 -1 1 0 -1 0 0 1 -1 1 -1 ];
measures = [0 0 0 0 0 1 1 1 1 1 1 1 1 1 1 1 1 1 1 1 ];
presentations = [1 2 3 4 5 6 7 8 9 10 11 12 13 14 15 16 17 18 19 20 ];
answers = [0 5 4 4 1 4 1 3 5 0 5 1 0 3 5 5 0 5 0 5 ];
adjustments = [10 -10 -3 -3 3 -1.5 1.5 -0.5 -2.5 2.5 -2.5 1.5 2.5 -0.5 -2.5 -2.5 2.5 -2.5 2.5 -2.5 ];
sentences = {'16140' '18502' '39994' '05413' '74972' '80338' '03491' '30757' '99308' '41634' '26626' '68819' '43285' '67850' '55025' '51779' '72141' '22586' '94067' '87263' };
offsets = [23383 79942 67557 36342 44269 3028 22583 15088 65751 33839 6718 65672 56043 2573 27132 51082 10058 90926 91069 50459 ];

