target=0.50;discardreversals=2;startvalue=0.00;steps=[4  2  1];selfservice=0;
threshold = [-4.50 ];
values = [0.00 6.00 -4.00 -3.00 -3.50 -6.00 -3.50 -6.00 -3.50 -6.00 -3.50 -2.00 -4.50 -7.00 -4.50 -5.00 -2.50 -1.00 -3.50 -4.00 ];
reversals = [0 -1 1 -1 0 1 -1 1 -1 1 0 -1 0 1 -1 1 0 -1 0 0 ];
measures = [0 0 0 1 1 1 1 1 1 1 1 1 1 1 1 1 1 1 1 1 ];
presentations = [1 2 3 4 5 6 7 8 9 10 11 12 13 14 15 16 17 18 19 20 ];
answers = [1 5 2 3 5 0 5 0 5 0 1 5 5 0 3 0 1 5 3 4 ];
adjustments = [6 -10 1 -0.5 -2.5 2.5 -2.5 2.5 -2.5 2.5 1.5 -2.5 -2.5 2.5 -0.5 2.5 1.5 -2.5 -0.5 -1.5 ];
sentences = {'76802' '86800' '65555' '23081' '00456' '61793' '18348' '33980' '89135' '47048' '18314' '70762' '47173' '24621' '52277' '92629' '34994' '95569' '51437' '09216' };
offsets = [2188207 2846358 2987431 4598217 3064538 1332268 1271233 1875190 3756555 70617 398227 3059794 860505 1694367 156147 4219952 4774968 1122078 1414883 3510839 ];

