target=0.50;discardreversals=2;startvalue=0.00;steps=[4  2  1];selfservice=0;
threshold = [2.50 ];
values = [0.00 10.00 0.00 -5.00 0.00 1.50 0.00 2.50 4.00 3.50 2.00 3.50 6.00 3.50 2.00 2.50 4.00 2.50 3.00 3.50 ];
reversals = [0 -1 0 1 0 -1 1 0 -1 0 1 0 -1 0 1 0 -1 1 0 -1 ];
measures = [0 0 0 0 0 1 1 1 1 1 1 1 1 1 1 1 1 1 1 1 ];
presentations = [1 2 3 4 5 6 7 8 9 10 11 12 13 14 15 16 17 18 19 20 ];
answers = [0 5 5 0 1 4 0 1 3 4 1 0 5 4 2 1 4 2 2 5 ];
adjustments = [10 -10 -5 5 1.5 -1.5 2.5 1.5 -0.5 -1.5 1.5 2.5 -2.5 -1.5 0.5 1.5 -1.5 0.5 0.5 -2.5 ];
sentences = {'99308' '46393' '10681' '03491' '16140' '55025' '07970' '51417' '74972' '63558' '78835' '34226' '22586' '95162' '41634' '68819' '87263' '29744' '30757' '82009' };
offsets = [4471 39374 14322 27686 26998 8092 21044 12751 1200 6088 15094 23003 1323 8634 8494 15786 20012 8060 1567 19172 ];

