target=0.50;discardreversals=2;startvalue=0.00;steps=[4  2  1];selfservice=0;
threshold = [-0.50 ];
values = [0.00 -6.00 4.00 -1.00 1.50 0.00 -2.50 0.00 -1.50 1.00 -1.50 1.00 -1.50 1.00 -1.50 -4.00 -6.50 -4.00 -2.50 0.00 ];
reversals = [0 1 -1 1 -1 0 1 -1 1 -1 1 -1 1 -1 0 0 1 0 0 -1 ];
measures = [0 0 0 1 1 1 1 1 1 1 1 1 1 1 1 1 1 1 1 1 ];
presentations = [1 2 3 4 5 6 7 8 9 10 11 12 13 14 15 16 17 18 19 20 ];
answers = [4 0 5 0 4 5 0 4 0 5 0 5 0 5 5 5 0 1 0 5 ];
adjustments = [-6 10 -5 2.5 -1.5 -2.5 2.5 -1.5 2.5 -2.5 2.5 -2.5 2.5 -2.5 -2.5 -2.5 2.5 1.5 2.5 -2.5 ];
sentences = {'33980' '77705' '85813' '61793' '12339' '00456' '69444' '21080' '76802' '98162' '44697' '95569' '50976' '06251' '24621' '52277' '18314' '47048' '33528' '89135' };
offsets = [15839 11782 6296 14846 17640 23994 12510 6132 3818 22771 30156 23491 3575 33819 24843 2828 28595 9425 30116 31652 ];

