target=0.50;discardreversals=2;startvalue=0.00;steps=[4  2  1];selfservice=0;
threshold = [-4.50 ];
values = [0.00 -6.00 4.00 3.00 0.50 -1.00 -2.50 -5.00 -4.50 -4.00 -6.50 -5.00 -5.50 -4.00 -5.50 -6.00 -3.50 -4.00 -3.50 -1.00 ];
reversals = [0 1 -1 0 0 0 0 1 0 -1 1 -1 1 -1 0 1 -1 1 0 -1 ];
measures = [0 0 0 0 0 0 0 1 1 1 1 1 1 1 1 1 1 1 1 1 ];
presentations = [1 2 3 4 5 6 7 8 9 10 11 12 13 14 15 16 17 18 19 20 ];
answers = [4 0 3 5 4 4 5 2 2 5 1 3 1 4 3 0 3 2 0 4 ];
adjustments = [-6 10 -1 -2.5 -1.5 -1.5 -2.5 0.5 0.5 -2.5 1.5 -0.5 1.5 -1.5 -0.5 2.5 -0.5 0.5 2.5 -1.5 ];
sentences = {'69009' '93692' '51437' '08168' '65555' '70762' '92629' '23081' '87470' '70287' '09216' '22336' '45923' '54841' '34994' '11755' '86800' '18348' '36514' '47173' };
offsets = [4821084 527258 1317906 2101209 4298074 1327630 338112 2148332 764366 996306 993187 3094153 1645220 2490033 72906 1702481 3574411 2565848 2257702 1412538 ];

