target=0.50;discardreversals=2;startvalue=0.00;steps=[4  2  1];selfservice=0;
%parameters=icra1,45
threshold = [0.25 ];
values = [0.00 10.00 0.00 5.00 2.50 0.00 2.50 0.00 -0.50 2.00 0.50 -2.00 0.50 -1.00 1.50 4.00 1.50 0.00 -0.50 2.00 ];
reversals = [0 -1 1 -1 0 1 -1 0 1 -1 0 1 -1 1 0 -1 0 0 1 0 ];
measures = [0 0 0 1 1 1 1 1 1 1 1 1 1 1 1 1 1 1 1 1 ];
presentations = [1 2 3 4 5 6 7 8 9 10 11 12 13 14 15 16 17 18 19 20 ];
answers = [0 5 0 5 5 0 5 3 0 4 5 0 4 0 0 5 4 3 0 0 ];
adjustments = [10 -10 5 -2.5 -2.5 2.5 -2.5 -0.5 2.5 -1.5 -2.5 2.5 -1.5 2.5 2.5 -2.5 -1.5 -0.5 2.5 2.5 ];
sentences = {'87470' '11755' '18348' '47173' '69009' '93692' '65555' '70287' '22336' '08168' '70762' '92629' '45923' '36514' '51437' '54841' '34994' '23081' '09216' '86800' };
offsets = [3448 4087 17217 13961 25661 15309 2061 12751 15940 16490 331 5209 17808 7958 8228 11320 3091 24304 16411 3463 ];

