target=0.50;discardreversals=2;startvalue=0.00;steps=[4  2  1];selfservice=0;
%parameters=icra5.250,65
threshold = [-9.25 ];
values = [0.00 -10.00 0.00 -5.00 -6.50 -9.00 -11.50 -9.00 -9.50 -7.00 -4.50 -6.00 -8.50 -11.00 -8.50 -10.00 -12.50 -10.00 -7.50 -9.00 ];
reversals = [0 1 -1 0 0 0 1 -1 1 0 -1 0 0 1 -1 0 1 0 -1 0 ];
measures = [0 0 0 0 0 0 1 1 1 1 1 1 1 1 1 1 1 1 1 1 ];
presentations = [1 2 3 4 5 6 7 8 9 10 11 12 13 14 15 16 17 18 19 20 ];
answers = [5 0 5 4 5 5 0 3 0 0 4 5 5 0 4 5 0 0 4 4 ];
adjustments = [-10 10 -5 -1.5 -2.5 -2.5 2.5 -0.5 2.5 2.5 -1.5 -2.5 -2.5 2.5 -1.5 -2.5 2.5 2.5 -1.5 -1.5 ];
sentences = {'77974' '66553' '15149' '09216' '24318' '47173' '65555' '03262' '70762' '86800' '31601' '59026' '92629' '48835' '51437' '90790' '18348' '82487' '23081' '34994' };
offsets = [1474872 1580681 2326709 4136336 2479868 4377895 3477582 4583805 3324155 3862767 648040 1610822 3738697 4197952 1089704 1654244 2748644 1423875 51806 3974064 ];

