target=0.50;discardreversals=2;startvalue=0.00;steps=[4  2  1];selfservice=0;
%parameters=icra1,35
threshold = [2.50 ];
values = [0.00 10.00 0.00 5.00 3.50 1.00 -0.50 2.00 0.50 3.00 2.50 5.00 7.50 6.00 5.50 3.00 1.50 0.00 2.50 5.00 ];
reversals = [0 -1 1 -1 0 0 1 -1 1 -1 1 0 -1 0 0 0 0 1 0 -1 ];
measures = [0 0 0 1 1 1 1 1 1 1 1 1 1 1 1 1 1 1 1 1 ];
presentations = [1 2 3 4 5 6 7 8 9 10 11 12 13 14 15 16 17 18 19 20 ];
answers = [0 5 0 4 5 4 0 4 0 3 0 0 4 3 5 4 4 0 0 4 ];
adjustments = [10 -10 5 -1.5 -2.5 -1.5 2.5 -1.5 2.5 -0.5 2.5 2.5 -1.5 -0.5 -2.5 -1.5 -1.5 2.5 2.5 -1.5 ];
sentences = {'68819' '16140' '30757' '86800' '70762' '55025' '92629' '65555' '18348' '22586' '09216' '51437' '23081' '41634' '74972' '34994' '99308' '47173' '87263' '03491' };
offsets = [25838 9130 1941 27582 519 4588 7408 310 21558 7678 11963 22864 1543 421 15428 21988 23649 33060 8534 35303 ];

