target=0.50;discardreversals=2;startvalue=0.00;steps=[4  2  1];selfservice=0;
%parameters=icra1,65
threshold = [-2.75 ];
values = [0.00 -10.00 0.00 -5.00 -2.50 -4.00 -1.50 -4.00 -1.50 -3.00 -3.50 -1.00 -2.50 -4.00 -1.50 1.00 -0.50 -3.00 -0.50 -3.00 ];
reversals = [0 1 -1 1 -1 1 -1 1 -1 0 1 -1 0 1 0 -1 0 1 -1 0 ];
measures = [0 0 0 1 1 1 1 1 1 1 1 1 1 1 1 1 1 1 1 1 ];
presentations = [1 2 3 4 5 6 7 8 9 10 11 12 13 14 15 16 17 18 19 20 ];
answers = [5 0 5 0 4 0 5 0 4 3 0 4 4 0 0 4 5 0 5 4 ];
adjustments = [-10 10 -5 2.5 -1.5 2.5 -2.5 2.5 -1.5 -0.5 2.5 -1.5 -1.5 2.5 2.5 -1.5 -2.5 2.5 -2.5 -1.5 ];
sentences = {'44529' '90013' '68819' '02737' '15952' '76600' '41634' '16140' '22586' '03491' '87263' '74972' '99308' '23448' '89364' '30757' '68271' '37886' '51195' '55025' };
offsets = [23767 3101 16973 12878 1126 29519 24672 10041 297 30175 19592 3180 27284 10847 2497 4240 8733 23186 1518 20340 ];

