target=0.50;discardreversals=2;startvalue=0.00;steps=[4  2  1];selfservice=0;
%parameters=icra5.250,65,re
threshold = [-6.50 ];
values = [0.00 -2.00 -4.00 -14.00 -4.00 -9.00 -6.50 -9.00 -6.50 -4.00 -5.50 -8.00 -5.50 -8.00 -5.50 -3.00 -5.50 -3.00 -5.50 -8.00 ];
reversals = [0 0 0 1 -1 1 -1 1 0 -1 0 1 -1 1 0 -1 1 -1 0 1 ];
measures = [0 0 0 0 0 1 1 1 1 1 1 1 1 1 1 1 1 1 1 1 ];
presentations = [1 2 3 4 5 6 7 8 9 10 11 12 13 14 15 16 17 18 19 20 ];
answers = [3 3 5 0 5 0 5 0 0 4 5 0 5 0 0 5 0 5 5 0 ];
adjustments = [-2 -2 -10 10 -5 2.5 -2.5 2.5 2.5 -1.5 -2.5 2.5 -2.5 2.5 2.5 -2.5 2.5 -2.5 -2.5 2.5 ];
sentences = {'31601' '89135' '95569' '77974' '76802' '15149' '59026' '90790' '33980' '48835' '47048' '66553' '52277' '61793' '00456' '18314' '82487' '24621' '03262' '24318' };
offsets = [3894315 2980095 2366 2562219 2536114 918599 778189 448515 4688946 1052306 341987 2945571 4086182 2152968 1622080 1569759 427615 615495 3506766 3467471 ];

