target=0.50;discardreversals=2;startvalue=0.00;steps=[4  2  1];selfservice=0;
%parameters=babble,65
threshold = [-1.00 ];
values = [0.00 10.00 0.00 1.00 0.50 -2.00 0.50 -2.00 -3.50 -1.00 1.50 0.00 -2.50 -4.00 -1.50 1.00 -1.50 -2.00 -3.50 -1.00 ];
reversals = [0 -1 1 -1 0 1 -1 0 1 0 -1 0 0 1 0 -1 0 0 1 -1 ];
measures = [0 0 0 1 1 1 1 1 1 1 1 1 1 1 1 1 1 1 1 1 ];
presentations = [1 2 3 4 5 6 7 8 9 10 11 12 13 14 15 16 17 18 19 20 ];
answers = [0 5 2 3 5 0 5 4 0 0 4 5 4 0 0 5 3 4 0 4 ];
adjustments = [10 -10 1 -0.5 -2.5 2.5 -2.5 -1.5 2.5 2.5 -1.5 -2.5 -1.5 2.5 2.5 -2.5 -0.5 -1.5 2.5 -1.5 ];
sentences = {'11755' '08168' '69444' '50976' '12339' '36514' '21080' '77705' '98162' '33528' '45923' '87470' '85813' '44697' '93692' '70287' '69009' '22336' '06251' '54841' };
offsets = [9131 20564 24502 21670 1095 32857 5132 19766 989 28186 3109 1406 2991 24968 32600 30031 16624 30866 553 8390 ];

