target=0.50;discardreversals=2;startvalue=0.00;steps=[4  2  1];selfservice=0;
%parameters=icra5.250,65,train
threshold = [-4.00 ];
values = [0.00 10.00 0.00 -5.00 0.00 -2.50 -5.00 -2.50 -4.00 -1.50 -2.00 -2.50 -3.00 -3.50 -5.00 -5.50 -3.00 -4.50 -7.00 -5.50 ];
reversals = [0 -1 0 1 -1 0 1 -1 1 -1 0 0 0 0 0 1 -1 0 1 -1 ];
measures = [0 0 0 0 1 1 1 1 1 1 1 1 1 1 1 1 1 1 1 1 ];
presentations = [1 2 3 4 5 6 7 8 9 10 11 12 13 14 15 16 17 18 19 20 ];
answers = [0 5 5 0 5 5 0 4 0 3 3 3 3 4 3 0 4 5 1 5 ];
adjustments = [10 -10 -5 5 -2.5 -2.5 2.5 -1.5 2.5 -0.5 -0.5 -0.5 -0.5 -1.5 -0.5 2.5 -1.5 -2.5 1.5 -2.5 ];
sentences = {'29394' '70565' '35209' '14040' '44697' '50976' '12339' '85813' '69444' '77705' '91451' '98162' '48832' '87713' '66127' '03676' '21080' '06251' '33528' '52988' };
offsets = [4141904 1412909 3038432 4166724 1569601 2358105 4681208 2559527 2180244 307101 1239132 4158095 4375022 1093851 3509996 3012691 1310824 1433830 161111 1225722 ];

