target=0.50;discardreversals=2;startvalue=0.00;steps=[4  2  1];selfservice=0;
%parameters=icra1,65,train
threshold = [-2.75 ];
values = [0.00 -10.00 0.00 -5.00 -2.50 -5.00 -2.50 0.00 -2.50 0.00 -2.50 -4.00 -5.50 -3.00 -3.50 -1.00 -3.50 -6.00 -3.50 -1.00 ];
reversals = [0 1 -1 1 -1 1 0 -1 1 -1 0 0 1 -1 1 -1 0 1 0 -1 ];
measures = [0 0 0 1 1 1 1 1 1 1 1 1 1 1 1 1 1 1 1 1 ];
presentations = [1 2 3 4 5 6 7 8 9 10 11 12 13 14 15 16 17 18 19 20 ];
answers = [5 0 5 0 5 0 0 5 0 5 4 4 0 3 0 5 5 0 0 3 ];
adjustments = [-10 10 -5 2.5 -2.5 2.5 2.5 -2.5 2.5 -2.5 -1.5 -1.5 2.5 -0.5 2.5 -2.5 -2.5 2.5 2.5 -0.5 ];
sentences = {'70565' '82487' '52988' '91451' '35209' '31601' '29394' '15149' '90790' '03262' '77974' '48835' '87713' '24318' '66127' '14040' '03676' '66553' '48832' '59026' };
offsets = [17457 4723 13483 31300 1227 25498 21052 4012 10203 9679 17443 18241 11861 9384 5359 15470 6835 26643 2326 31910 ];

