target=0.50;discardreversals=2;startvalue=0.00;steps=[4  2  1];selfservice=0;
%parameters=quiet,65
threshold = [-34.00 ];
values = [0.00 -10.00 -20.00 -26.00 -32.00 -22.00 -27.00 -29.50 -32.00 -34.50 -32.00 -34.50 -32.00 -34.50 -37.00 -39.50 -41.00 -38.50 -36.00 -33.50 ];
reversals = [0 0 0 0 1 -1 0 0 0 1 -1 1 -1 0 0 0 1 0 0 -1 ];
measures = [0 0 0 0 0 0 0 0 0 1 1 1 1 1 1 1 1 1 1 1 ];
presentations = [1 2 3 4 5 6 7 8 9 10 11 12 13 14 15 16 17 18 19 20 ];
answers = [5 5 4 4 0 5 5 5 5 0 5 0 5 5 5 4 0 0 0 5 ];
adjustments = [-10 -10 -6 -6 10 -5 -2.5 -2.5 -2.5 2.5 -2.5 2.5 -2.5 -2.5 -2.5 -1.5 2.5 2.5 2.5 -2.5 ];
sentences = {'29394' '91451' '23081' '86800' '14040' '47173' '70565' '48832' '70762' '03676' '09216' '34994' '65555' '87713' '92629' '52988' '35209' '18348' '66127' '51437' };
offsets = [48916 30342 84595 45265 2815 35834 43589 31567 52731 96194 77710 2220 58470 23894 51556 20512 6278 63193 10827 86261 ];

