target=0.50;discardreversals=2;startvalue=0.00;steps=[4  2  1];selfservice=0;
%parameters=icra1,65,re
threshold = [-3.00 ];
values = [0.00 -2.00 -12.00 -2.00 -5.00 -2.50 0.00 -2.50 -5.00 -2.50 0.00 -1.50 -3.00 -0.50 -3.00 -0.50 -3.00 -5.50 -7.00 -4.50 ];
reversals = [0 0 1 -1 1 0 -1 0 1 0 -1 0 1 -1 1 -1 0 0 1 0 ];
measures = [0 0 0 0 1 1 1 1 1 1 1 1 1 1 1 1 1 1 1 1 ];
presentations = [1 2 3 4 5 6 7 8 9 10 11 12 13 14 15 16 17 18 19 20 ];
answers = [3 5 0 4 0 0 5 5 0 0 4 4 0 5 0 5 5 4 0 0 ];
adjustments = [-2 -10 10 -3 2.5 2.5 -2.5 -2.5 2.5 2.5 -1.5 -1.5 2.5 -2.5 2.5 -2.5 -2.5 -1.5 2.5 2.5 ];
sentences = {'34226' '95569' '95162' '63558' '89135' '61793' '00456' '29744' '82009' '33980' '46393' '52277' '51417' '18314' '78835' '47048' '24621' '07970' '10681' '76802' };
offsets = [39917 5820 5921 14684 3294 7843 6999 7270 24669 22814 10379 17520 22874 13883 19534 31662 4538 30992 3518 7557 ];

