target=0.50;discardreversals=2;startvalue=0.00;steps=[4  2  1];selfservice=0;
threshold = [-1.25 ];
values = [0.00 -2.00 -8.00 2.00 -3.00 -1.50 0.00 -1.50 1.00 0.50 -2.00 -0.50 0.00 -2.50 -1.00 -1.50 -3.00 -0.50 -2.00 0.50 ];
reversals = [0 0 1 -1 1 0 -1 1 -1 0 1 0 -1 1 -1 0 1 -1 1 -1 ];
measures = [0 0 0 0 1 1 1 1 1 1 1 1 1 1 1 1 1 1 1 1 ];
presentations = [1 2 3 4 5 6 7 8 9 10 11 12 13 14 15 16 17 18 19 20 ];
answers = [3 4 0 5 1 1 4 0 3 5 1 2 5 1 3 4 0 4 0 4 ];
adjustments = [-2 -6 10 -5 1.5 1.5 -1.5 2.5 -0.5 -2.5 1.5 0.5 -2.5 1.5 -0.5 -1.5 2.5 -1.5 2.5 -1.5 ];
sentences = {'93692' '22336' '08168' '48835' '69009' '24318' '66553' '59026' '45923' '03262' '77974' '11755' '15149' '54841' '36514' '82487' '70287' '87470' '31601' '90790' };
offsets = [26641 26346 2573 4627 8636 27917 27610 13937 4728 4312 10193 13264 4732 4066 16737 17232 11194 772 39874 5654 ];

