target=0.50;discardreversals=2;startvalue=0.00;steps=[4  2  1];selfservice=0;
threshold = [-1.25 ];
values = [0.00 -2.00 -8.00 2.00 -3.00 -0.50 -2.00 0.50 -1.00 -2.50 0.00 -1.50 -4.00 -1.50 -3.00 -0.50 -2.00 0.50 -1.00 1.50 ];
reversals = [0 0 1 -1 1 -1 1 -1 0 1 -1 0 1 -1 1 -1 1 -1 1 -1 ];
measures = [0 0 0 0 1 1 1 1 1 1 1 1 1 1 1 1 1 1 1 1 ];
presentations = [1 2 3 4 5 6 7 8 9 10 11 12 13 14 15 16 17 18 19 20 ];
answers = [3 4 0 5 0 4 0 4 4 0 4 5 0 4 0 4 0 4 0 4 ];
adjustments = [-2 -6 10 -5 2.5 -1.5 2.5 -1.5 -1.5 2.5 -1.5 -2.5 2.5 -1.5 2.5 -1.5 2.5 -1.5 2.5 -1.5 ];
sentences = {'11755' '70287' '47173' '23081' '93692' '51437' '45923' '09216' '08168' '36514' '18348' '87470' '70762' '69009' '65555' '86800' '92629' '54841' '34994' '22336' };
offsets = [10934 8730 11516 30855 18637 11203 272 28108 5018 19598 7168 14033 752 29920 5181 1806 19785 14202 22251 23297 ];

