target=0.50;discardreversals=2;startvalue=0.00;steps=[4  2  1];selfservice=0;
threshold = [0.00 ];
values = [0.00 -2.00 8.00 3.00 1.50 0.00 -1.50 -1.00 1.50 0.00 1.50 -1.00 -3.50 -4.00 -1.50 0.00 -0.50 2.00 -0.50 1.00 ];
reversals = [0 1 -1 0 0 0 1 0 -1 1 -1 0 0 1 0 -1 1 -1 1 -1 ];
measures = [0 0 0 0 0 0 1 1 1 1 1 1 1 1 1 1 1 1 1 1 ];
presentations = [1 2 3 4 5 6 7 8 9 10 11 12 13 14 15 16 17 18 19 20 ];
answers = [3 0 5 4 4 4 2 0 4 1 5 5 3 0 1 3 0 5 1 5 ];
adjustments = [-2 10 -5 -1.5 -1.5 -1.5 0.5 2.5 -1.5 1.5 -2.5 -2.5 -0.5 2.5 1.5 -0.5 2.5 -2.5 1.5 -2.5 ];
sentences = {'86800' '59026' '92629' '18348' '65555' '77974' '82487' '51437' '47173' '03262' '70762' '23081' '48835' '90790' '09216' '34994' '31601' '15149' '24318' '66553' };
offsets = [2384167 854067 777452 3806179 4098992 165608 3581586 3997754 3398109 3814438 2884289 4515535 4749602 4226107 2998391 4321945 1947079 694792 3000162 2495354 ];

