target=0.50;discardreversals=2;startvalue=0.00;steps=[4  2  1];selfservice=0;
threshold = [-5.50 ];
values = [5.00 -1.00 -3.00 -13.00 -3.00 -8.00 -5.50 -4.00 -6.50 -4.00 -5.50 -5.00 -6.50 -4.00 -6.50 -8.00 -5.50 -6.00 -4.50 -7.00 ];
reversals = [0 0 0 1 -1 1 0 -1 1 -1 1 -1 1 -1 0 1 -1 1 -1 1 ];
measures = [0 0 0 0 0 1 1 1 1 1 1 1 1 1 1 1 1 1 1 1 ];
presentations = [1 2 3 4 5 6 7 8 9 10 11 12 13 14 15 16 17 18 19 20 ];
answers = [4 3 5 0 5 0 1 5 0 4 2 4 0 5 4 0 3 1 5 0 ];
adjustments = [-6 -2 -10 10 -5 2.5 1.5 -2.5 2.5 -1.5 0.5 -1.5 2.5 -2.5 -1.5 2.5 -0.5 1.5 -2.5 2.5 ];
sentences = {'74972' '08168' '87470' '69009' '54841' '03491' '30757' '22586' '93692' '55025' '41634' '68819' '99308' '87263' '45923' '22336' '70287' '11755' '16140' '36514' };
offsets = [41961 4210 15507 80039 17537 12262 24941 56940 81774 58455 3064 51 81472 69613 61635 21980 33705 22049 78811 84096 ];

