target=0.50;discardreversals=2;startvalue=0.00;steps=[4  2  1];selfservice=0;
threshold = [-3.00 ];
values = [0.00 -10.00 0.00 -3.00 -5.50 -3.00 -4.50 -2.00 -0.50 -3.00 -3.50 -3.00 -4.50 -2.00 -3.50 -2.00 -2.50 -3.00 -2.50 0.00 ];
reversals = [0 1 -1 0 1 -1 1 0 -1 0 1 -1 1 -1 1 -1 0 1 0 -1 ];
measures = [0 0 0 0 1 1 1 1 1 1 1 1 1 1 1 1 1 1 1 1 ];
presentations = [1 2 3 4 5 6 7 8 9 10 11 12 13 14 15 16 17 18 19 20 ];
answers = [5 0 4 5 0 4 0 1 5 3 2 4 0 4 1 3 3 2 0 4 ];
adjustments = [-10 10 -3 -2.5 2.5 -1.5 2.5 1.5 -2.5 -0.5 0.5 -1.5 2.5 -1.5 1.5 -0.5 -0.5 0.5 2.5 -1.5 ];
sentences = {'26626' '39994' '18502' '05413' '10681' '95162' '34226' '51417' '51779' '43285' '29744' '94067' '63558' '07970' '67850' '80338' '78835' '72141' '82009' '46393' };
offsets = [42740 17695 24050 11776 9062 4043 5253 892 8787 6855 6511 24275 6197 11444 10730 8937 29349 8449 5530 24426 ];

