target=0.50;discardreversals=2;startvalue=0.00;steps=[4  2  1];selfservice=0;
threshold = [-7.00 ];
values = [0.00 -10.00 0.00 -5.00 -7.50 -9.00 -6.50 -9.00 -10.50 -8.00 -9.50 -7.00 -5.50 -7.00 -5.50 -7.00 -7.50 -5.00 -4.50 -7.00 ];
reversals = [0 1 -1 0 0 1 -1 0 1 -1 1 0 -1 1 -1 0 1 0 -1 1 ];
measures = [0 0 0 0 0 1 1 1 1 1 1 1 1 1 1 1 1 1 1 1 ];
presentations = [1 2 3 4 5 6 7 8 9 10 11 12 13 14 15 16 17 18 19 20 ];
answers = [5 0 5 5 4 0 5 4 0 4 0 1 4 1 4 3 0 2 5 2 ];
adjustments = [-10 10 -5 -2.5 -1.5 2.5 -2.5 -1.5 2.5 -1.5 2.5 1.5 -1.5 1.5 -1.5 -0.5 2.5 0.5 -2.5 0.5 ];
sentences = {'82009' '10681' '68271' '90013' '23448' '02737' '07970' '63558' '44529' '15952' '95162' '89364' '51195' '78835' '46393' '34226' '51417' '76600' '37886' '29744' };
offsets = [3638119 3986853 2699198 1554855 2709530 350933 202529 147446 1137258 3115761 4281343 487557 2352393 1144413 1504910 4649665 2861267 3266182 896506 919636 ];

